entry,at,order
"The player ""Phil @ fjzrNiYyv8"" quits the game with a stack of 440.39.",2023-05-14T00:02:32.336Z,168402255233600
"The player ""Dp @ YyWpODWXWx"" stand up with the stack of 172.17.",2023-05-14T00:01:51.190Z,168402251119002
"The player ""Phil @ fjzrNiYyv8"" stand up with the stack of 440.39.",2023-05-14T00:01:51.190Z,168402251119001
"The player ""JV @ mxbmy34bn7"" stand up with the stack of 107.35.",2023-05-14T00:01:51.190Z,168402251119000
"The admin ""Dp @ YyWpODWXWx"" enqueued the game stop on next hand.",2023-05-14T00:01:50.601Z,168402251060100
"-- ending hand #344 --",2023-05-14T00:01:45.182Z,168402250518203
"""JV @ mxbmy34bn7"" shows a Q♠, 10♦.",2023-05-14T00:01:45.182Z,168402250518202
"""Phil @ fjzrNiYyv8"" collected 20.50 from pot with Pair, 6's (combination: 6♥, 6♠, A♦, K♠, J♦)",2023-05-14T00:01:45.182Z,168402250518201
"""Phil @ fjzrNiYyv8"" shows a J♦, A♦.",2023-05-14T00:01:45.182Z,168402250518200
"""Phil @ fjzrNiYyv8"" checks",2023-05-14T00:01:44.352Z,168402250435200
"""JV @ mxbmy34bn7"" checks",2023-05-14T00:01:43.489Z,168402250348900
"River: 5♦, 6♥, K♠, 9♥ [6♠]",2023-05-14T00:01:41.107Z,168402250110700
"""Phil @ fjzrNiYyv8"" checks",2023-05-14T00:01:40.290Z,168402250029000
"""JV @ mxbmy34bn7"" checks",2023-05-14T00:01:39.188Z,168402249918800
"Turn: 5♦, 6♥, K♠ [9♥]",2023-05-14T00:01:36.978Z,168402249697800
"""Phil @ fjzrNiYyv8"" checks",2023-05-14T00:01:36.127Z,168402249612700
"""JV @ mxbmy34bn7"" checks",2023-05-14T00:01:34.778Z,168402249477800
"Flop:  [5♦, 6♥, K♠]",2023-05-14T00:01:32.574Z,168402249257400
"""JV @ mxbmy34bn7"" calls 10.00",2023-05-14T00:01:31.739Z,168402249173900
"""Goml @ Bod7b088c-"" folds",2023-05-14T00:01:23.415Z,168402248341500
"""Phil @ fjzrNiYyv8"" raises to 10.00",2023-05-14T00:01:22.165Z,168402248216500
"""Dp @ YyWpODWXWx"" folds",2023-05-14T00:01:11.645Z,168402247164500
"""JV @ mxbmy34bn7"" posts a big blind of 1.00",2023-05-14T00:01:09.985Z,168402246998507
"""Goml @ Bod7b088c-"" posts a small blind of 0.50",2023-05-14T00:01:09.985Z,168402246998506
"Player stacks: #5 ""Goml @ Bod7b088c-"" (208.99) | #6 ""JV @ mxbmy34bn7"" (117.35) | #8 ""Dp @ YyWpODWXWx"" (172.17) | #10 ""Phil @ fjzrNiYyv8"" (429.89)",2023-05-14T00:01:09.985Z,168402246998501
"-- starting hand #344 (id: slvhsqkufoi9)  (No Limit Texas Hold'em) (dealer: ""Phil @ fjzrNiYyv8"") --",2023-05-14T00:01:09.985Z,168402246998500
"""Dp @ YyWpODWXWx"" shows a 8♠, 2♦.",2023-05-14T00:01:07.275Z,168402246727500
"""Phil @ fjzrNiYyv8"" shows a 4♣, Q♣.",2023-05-14T00:01:07.121Z,168402246712100
"-- ending hand #343 --",2023-05-14T00:01:05.673Z,168402246567301
"""Phil @ fjzrNiYyv8"" collected 17.00 from pot",2023-05-14T00:01:05.673Z,168402246567300
"""JV @ mxbmy34bn7"" folds",2023-05-14T00:01:04.868Z,168402246486800
"""Phil @ fjzrNiYyv8"" checks",2023-05-14T00:01:01.740Z,168402246174000
"River: 2♠, 2♣, 3♣, 4♦ [Q♦]",2023-05-14T00:00:59.159Z,168402245915900
"""JV @ mxbmy34bn7"" calls 4.00",2023-05-14T00:00:58.341Z,168402245834100
"""Goml @ Bod7b088c-"" folds",2023-05-14T00:00:53.044Z,168402245304400
"""Phil @ fjzrNiYyv8"" bets 4.00",2023-05-14T00:00:51.952Z,168402245195200
"Turn: 2♠, 2♣, 3♣ [4♦]",2023-05-14T00:00:48.953Z,168402244895300
"""JV @ mxbmy34bn7"" checks",2023-05-14T00:00:48.128Z,168402244812800
"""Goml @ Bod7b088c-"" checks",2023-05-14T00:00:45.316Z,168402244531600
"""Phil @ fjzrNiYyv8"" checks",2023-05-14T00:00:44.406Z,168402244440600
"Flop:  [2♠, 2♣, 3♣]",2023-05-14T00:00:43.263Z,168402244326300
"""Goml @ Bod7b088c-"" calls 3.00",2023-05-14T00:00:42.405Z,168402244240500
"""Phil @ fjzrNiYyv8"" calls 3.00",2023-05-14T00:00:40.464Z,168402244046400
"""Dp @ YyWpODWXWx"" folds",2023-05-14T00:00:38.599Z,168402243859900
"""JV @ mxbmy34bn7"" raises to 3.00",2023-05-14T00:00:37.669Z,168402243766900
"""Goml @ Bod7b088c-"" posts a big blind of 1.00",2023-05-14T00:00:32.297Z,168402243229707
"""Phil @ fjzrNiYyv8"" posts a small blind of 0.50",2023-05-14T00:00:32.297Z,168402243229706
"Player stacks: #5 ""Goml @ Bod7b088c-"" (211.99) | #6 ""JV @ mxbmy34bn7"" (124.35) | #8 ""Dp @ YyWpODWXWx"" (172.17) | #10 ""Phil @ fjzrNiYyv8"" (419.89)",2023-05-14T00:00:32.297Z,168402243229701
"-- starting hand #343 (id: ci7kpdkyizwy)  (No Limit Texas Hold'em) (dealer: ""Dp @ YyWpODWXWx"") --",2023-05-14T00:00:32.297Z,168402243229700
"-- ending hand #342 --",2023-05-14T00:00:26.290Z,168402242629004
"""JV @ mxbmy34bn7"" collected 9.37 from pot with Pair, K's (combination: K♥, K♦, Q♠, 7♦, 6♠)",2023-05-14T00:00:26.290Z,168402242629003
"""JV @ mxbmy34bn7"" shows a Q♠, K♥.",2023-05-14T00:00:26.290Z,168402242629002
"""Goml @ Bod7b088c-"" collected 9.37 from pot with Pair, K's (combination: K♣, K♦, Q♥, 7♦, 6♠)",2023-05-14T00:00:26.290Z,168402242629001
"""Goml @ Bod7b088c-"" shows a K♣, Q♥.",2023-05-14T00:00:26.290Z,168402242629000
"""JV @ mxbmy34bn7"" calls 5.62",2023-05-14T00:00:25.459Z,168402242545900
"""Goml @ Bod7b088c-"" bets 5.62",2023-05-14T00:00:23.124Z,168402242312400
"River: 7♦, 3♠, 5♦, 6♠ [K♦]",2023-05-14T00:00:19.472Z,168402241947200
"""JV @ mxbmy34bn7"" checks",2023-05-14T00:00:18.610Z,168402241861000
"""Goml @ Bod7b088c-"" checks",2023-05-14T00:00:15.102Z,168402241510200
"Turn: 7♦, 3♠, 5♦ [6♠]",2023-05-14T00:00:11.603Z,168402241160300
"""JV @ mxbmy34bn7"" checks",2023-05-14T00:00:10.776Z,168402241077600
"""Goml @ Bod7b088c-"" checks",2023-05-14T00:00:05.471Z,168402240547100
"Flop:  [7♦, 3♠, 5♦]",2023-05-14T00:00:03.538Z,168402240353800
"""Phil @ fjzrNiYyv8"" folds",2023-05-14T00:00:02.641Z,168402240264100
"""Dp @ YyWpODWXWx"" folds",2023-05-14T00:00:01.388Z,168402240138800
"""JV @ mxbmy34bn7"" calls 3.00",2023-05-13T23:59:59.838Z,168402239983800
"""Goml @ Bod7b088c-"" raises to 3.00",2023-05-13T23:59:57.413Z,168402239741300
"""Phil @ fjzrNiYyv8"" posts a big blind of 1.00",2023-05-13T23:59:53.865Z,168402239386507
"""Dp @ YyWpODWXWx"" posts a small blind of 0.50",2023-05-13T23:59:53.865Z,168402239386506
"Player stacks: #5 ""Goml @ Bod7b088c-"" (211.24) | #6 ""JV @ mxbmy34bn7"" (123.60) | #8 ""Dp @ YyWpODWXWx"" (172.67) | #10 ""Phil @ fjzrNiYyv8"" (420.89)",2023-05-13T23:59:53.865Z,168402239386501
"-- starting hand #342 (id: oyh2nvc2uhaf)  (No Limit Texas Hold'em) (dealer: ""JV @ mxbmy34bn7"") --",2023-05-13T23:59:53.865Z,168402239386500
"-- ending hand #341 --",2023-05-13T23:59:47.950Z,168402238795002
"""Dp @ YyWpODWXWx"" collected 1.00 from pot",2023-05-13T23:59:47.950Z,168402238795001
"Uncalled bet of 0.50 returned to ""Dp @ YyWpODWXWx""",2023-05-13T23:59:47.950Z,168402238795000
"""JV @ mxbmy34bn7"" folds",2023-05-13T23:59:47.088Z,168402238708800
"""Goml @ Bod7b088c-"" folds",2023-05-13T23:59:43.222Z,168402238322200
"""Phil @ fjzrNiYyv8"" folds",2023-05-13T23:59:40.622Z,168402238062200
"""Dp @ YyWpODWXWx"" posts a big blind of 1.00",2023-05-13T23:59:39.051Z,168402237905107
"""JV @ mxbmy34bn7"" posts a small blind of 0.50",2023-05-13T23:59:39.051Z,168402237905106
"Player stacks: #5 ""Goml @ Bod7b088c-"" (211.24) | #6 ""JV @ mxbmy34bn7"" (124.10) | #8 ""Dp @ YyWpODWXWx"" (172.17) | #10 ""Phil @ fjzrNiYyv8"" (420.89)",2023-05-13T23:59:39.051Z,168402237905101
"-- starting hand #341 (id: xybmgkwz1zba)  (No Limit Texas Hold'em) (dealer: ""Goml @ Bod7b088c-"") --",2023-05-13T23:59:39.051Z,168402237905100
"-- ending hand #340 --",2023-05-13T23:59:33.033Z,168402237303303
"""JV @ mxbmy34bn7"" shows a 8♦, 6♦.",2023-05-13T23:59:33.033Z,168402237303302
"""Phil @ fjzrNiYyv8"" collected 16.45 from pot with Two Pair, 8's & 7's (combination: 8♣, 8♥, 7♠, 7♣, K♦)",2023-05-13T23:59:33.033Z,168402237303301
"""Phil @ fjzrNiYyv8"" shows a 8♣, 7♠.",2023-05-13T23:59:33.033Z,168402237303300
"""Goml @ Bod7b088c-"" folds",2023-05-13T23:59:32.143Z,168402237214300
"""Phil @ fjzrNiYyv8"" calls 4.11",2023-05-13T23:59:31.267Z,168402237126700
"""JV @ mxbmy34bn7"" bets 4.11",2023-05-13T23:59:28.928Z,168402236892800
"""Goml @ Bod7b088c-"" checks",2023-05-13T23:59:20.343Z,168402236034300
"River: 7♣, 9♣, J♦, K♦ [8♥]",2023-05-13T23:59:19.815Z,168402235981500
"""Phil @ fjzrNiYyv8"" checks",2023-05-13T23:59:18.984Z,168402235898400
"""JV @ mxbmy34bn7"" checks",2023-05-13T23:59:18.088Z,168402235808800
"""Goml @ Bod7b088c-"" checks",2023-05-13T23:59:08.737Z,168402234873700
"Turn: 7♣, 9♣, J♦ [K♦]",2023-05-13T23:59:07.637Z,168402234763700
"""Dp @ YyWpODWXWx"" folds",2023-05-13T23:59:06.803Z,168402234680300
"""JV @ mxbmy34bn7"" calls 1.41",2023-05-13T23:59:05.898Z,168402234589800
"""Goml @ Bod7b088c-"" calls 1.41",2023-05-13T23:59:01.332Z,168402234133200
"""Phil @ fjzrNiYyv8"" bets 1.41",2023-05-13T23:59:00.028Z,168402234002800
"""Dp @ YyWpODWXWx"" checks",2023-05-13T23:58:57.166Z,168402233716600
"""JV @ mxbmy34bn7"" checks",2023-05-13T23:58:55.598Z,168402233559800
"""Goml @ Bod7b088c-"" checks",2023-05-13T23:58:53.291Z,168402233329100
"Flop:  [7♣, 9♣, J♦]",2023-05-13T23:58:51.628Z,168402233162800
"""JV @ mxbmy34bn7"" checks",2023-05-13T23:58:50.795Z,168402233079500
"""Goml @ Bod7b088c-"" calls 1.00",2023-05-13T23:58:43.022Z,168402232302200
"""Phil @ fjzrNiYyv8"" calls 1.00",2023-05-13T23:58:41.788Z,168402232178800
"""Dp @ YyWpODWXWx"" calls 1.00",2023-05-13T23:58:38.740Z,168402231874000
"""JV @ mxbmy34bn7"" posts a big blind of 1.00",2023-05-13T23:58:36.959Z,168402231695907
"""Goml @ Bod7b088c-"" posts a small blind of 0.50",2023-05-13T23:58:36.959Z,168402231695906
"Player stacks: #5 ""Goml @ Bod7b088c-"" (213.65) | #6 ""JV @ mxbmy34bn7"" (130.62) | #8 ""Dp @ YyWpODWXWx"" (173.17) | #10 ""Phil @ fjzrNiYyv8"" (410.96)",2023-05-13T23:58:36.959Z,168402231695901
"-- starting hand #340 (id: kzr3zazhufu7)  (No Limit Texas Hold'em) (dealer: ""Phil @ fjzrNiYyv8"") --",2023-05-13T23:58:36.959Z,168402231695900
"""Phil @ fjzrNiYyv8"" shows a Q♣, 3♣.",2023-05-13T23:58:33.856Z,168402231385600
"-- ending hand #339 --",2023-05-13T23:58:33.263Z,168402231326302
"""Phil @ fjzrNiYyv8"" collected 10.50 from pot",2023-05-13T23:58:33.263Z,168402231326301
"Uncalled bet of 7.87 returned to ""Phil @ fjzrNiYyv8""",2023-05-13T23:58:33.263Z,168402231326300
"""Dp @ YyWpODWXWx"" folds",2023-05-13T23:58:32.454Z,168402231245400
"""Goml @ Bod7b088c-"" folds",2023-05-13T23:58:23.743Z,168402230374300
"""Phil @ fjzrNiYyv8"" bets 7.87",2023-05-13T23:58:22.546Z,168402230254600
"River: J♠, 4♦, A♠, 8♠ [4♥]",2023-05-13T23:58:19.148Z,168402229914800
"""Dp @ YyWpODWXWx"" checks",2023-05-13T23:58:18.272Z,168402229827200
"""Goml @ Bod7b088c-"" checks",2023-05-13T23:58:11.451Z,168402229145100
"""Phil @ fjzrNiYyv8"" checks",2023-05-13T23:58:09.156Z,168402228915600
"Turn: J♠, 4♦, A♠ [8♠]",2023-05-13T23:58:07.370Z,168402228737000
"""Dp @ YyWpODWXWx"" checks",2023-05-13T23:58:06.554Z,168402228655400
"""Goml @ Bod7b088c-"" checks",2023-05-13T23:57:55.012Z,168402227501200
"""Phil @ fjzrNiYyv8"" checks",2023-05-13T23:57:53.588Z,168402227358800
"Flop:  [J♠, 4♦, A♠]",2023-05-13T23:57:52.436Z,168402227243600
"""Goml @ Bod7b088c-"" calls 3.50",2023-05-13T23:57:51.611Z,168402227161100
"""Phil @ fjzrNiYyv8"" calls 3.50",2023-05-13T23:57:47.184Z,168402226718400
"""Dp @ YyWpODWXWx"" raises to 3.50",2023-05-13T23:57:45.799Z,168402226579900
"""JV @ mxbmy34bn7"" folds",2023-05-13T23:57:43.504Z,168402226350400
"""Goml @ Bod7b088c-"" posts a big blind of 1.00",2023-05-13T23:57:40.945Z,168402226094507
"""Phil @ fjzrNiYyv8"" posts a small blind of 0.50",2023-05-13T23:57:40.945Z,168402226094506
"Player stacks: #5 ""Goml @ Bod7b088c-"" (217.15) | #6 ""JV @ mxbmy34bn7"" (130.62) | #8 ""Dp @ YyWpODWXWx"" (176.67) | #10 ""Phil @ fjzrNiYyv8"" (403.96)",2023-05-13T23:57:40.945Z,168402226094501
"-- starting hand #339 (id: lgt7jmiyrpdb)  (No Limit Texas Hold'em) (dealer: ""Dp @ YyWpODWXWx"") --",2023-05-13T23:57:40.945Z,168402226094500
"-- ending hand #338 --",2023-05-13T23:57:34.948Z,168402225494802
"""Phil @ fjzrNiYyv8"" collected 3.00 from pot",2023-05-13T23:57:34.948Z,168402225494801
"Uncalled bet of 4.10 returned to ""Phil @ fjzrNiYyv8""",2023-05-13T23:57:34.948Z,168402225494800
"""Dp @ YyWpODWXWx"" folds",2023-05-13T23:57:34.140Z,168402225414000
"""Goml @ Bod7b088c-"" folds",2023-05-13T23:57:32.731Z,168402225273100
"""Phil @ fjzrNiYyv8"" raises to 5.10",2023-05-13T23:57:31.194Z,168402225119400
"""Dp @ YyWpODWXWx"" calls 1.00",2023-05-13T23:57:28.508Z,168402224850800
"""JV @ mxbmy34bn7"" folds",2023-05-13T23:57:25.190Z,168402224519000
"""Goml @ Bod7b088c-"" calls 1.00",2023-05-13T23:57:23.978Z,168402224397800
"""Phil @ fjzrNiYyv8"" posts a big blind of 1.00",2023-05-13T23:57:22.118Z,168402224211807
"""Dp @ YyWpODWXWx"" posts a small blind of 0.50",2023-05-13T23:57:22.118Z,168402224211806
"Player stacks: #5 ""Goml @ Bod7b088c-"" (218.15) | #6 ""JV @ mxbmy34bn7"" (130.62) | #8 ""Dp @ YyWpODWXWx"" (177.67) | #10 ""Phil @ fjzrNiYyv8"" (401.96)",2023-05-13T23:57:22.118Z,168402224211801
"-- starting hand #338 (id: pcfifns5yo8s)  (No Limit Texas Hold'em) (dealer: ""JV @ mxbmy34bn7"") --",2023-05-13T23:57:22.118Z,168402224211800
"-- ending hand #337 --",2023-05-13T23:57:19.114Z,168402223911402
"""Goml @ Bod7b088c-"" collected 28.50 from pot",2023-05-13T23:57:19.114Z,168402223911401
"Uncalled bet of 15.25 returned to ""Goml @ Bod7b088c-""",2023-05-13T23:57:19.114Z,168402223911400
"""Phil @ fjzrNiYyv8"" folds",2023-05-13T23:57:18.280Z,168402223828000
"""Goml @ Bod7b088c-"" bets 15.25",2023-05-13T23:57:02.382Z,168402222238200
"""Phil @ fjzrNiYyv8"" checks",2023-05-13T23:56:56.985Z,168402221698500
"River: 9♥, 7♣, 2♥, 6♦ [3♣]",2023-05-13T23:56:55.575Z,168402221557500
"""Phil @ fjzrNiYyv8"" calls 10.50",2023-05-13T23:56:54.731Z,168402221473100
"""Goml @ Bod7b088c-"" raises to 10.50",2023-05-13T23:56:50.984Z,168402221098400
"""Phil @ fjzrNiYyv8"" bets 3.75",2023-05-13T23:56:47.668Z,168402220766800
"Turn: 9♥, 7♣, 2♥ [6♦]",2023-05-13T23:56:45.682Z,168402220568200
"""Goml @ Bod7b088c-"" checks",2023-05-13T23:56:44.776Z,168402220477600
"""Phil @ fjzrNiYyv8"" checks",2023-05-13T23:56:42.922Z,168402220292200
"Flop:  [9♥, 7♣, 2♥]",2023-05-13T23:56:42.285Z,168402220228500
"""Dp @ YyWpODWXWx"" folds",2023-05-13T23:56:41.417Z,168402220141700
"""JV @ mxbmy34bn7"" folds",2023-05-13T23:56:40.081Z,168402220008100
"""Goml @ Bod7b088c-"" calls 3.00",2023-05-13T23:56:38.900Z,168402219890000
"""Phil @ fjzrNiYyv8"" raises to 3.00",2023-05-13T23:56:37.595Z,168402219759500
"""Dp @ YyWpODWXWx"" posts a big blind of 1.00",2023-05-13T23:56:35.266Z,168402219526607
"""JV @ mxbmy34bn7"" posts a small blind of 0.50",2023-05-13T23:56:35.266Z,168402219526606
"Player stacks: #5 ""Goml @ Bod7b088c-"" (203.15) | #6 ""JV @ mxbmy34bn7"" (131.12) | #8 ""Dp @ YyWpODWXWx"" (178.67) | #10 ""Phil @ fjzrNiYyv8"" (415.46)",2023-05-13T23:56:35.266Z,168402219526601
"-- starting hand #337 (id: dbh6uw2mnarl)  (No Limit Texas Hold'em) (dealer: ""Goml @ Bod7b088c-"") --",2023-05-13T23:56:35.266Z,168402219526600
"-- ending hand #336 --",2023-05-13T23:56:29.235Z,168402218923502
"""Dp @ YyWpODWXWx"" collected 2.50 from pot",2023-05-13T23:56:29.235Z,168402218923501
"Uncalled bet of 1.00 returned to ""Dp @ YyWpODWXWx""",2023-05-13T23:56:29.235Z,168402218923500
"""JV @ mxbmy34bn7"" folds",2023-05-13T23:56:28.357Z,168402218835700
"""Dp @ YyWpODWXWx"" bets 1.00",2023-05-13T23:56:24.032Z,168402218403200
"""JV @ mxbmy34bn7"" checks",2023-05-13T23:56:21.767Z,168402218176700
"Flop:  [2♦, A♦, 10♥]",2023-05-13T23:56:20.285Z,168402218028500
"""JV @ mxbmy34bn7"" checks",2023-05-13T23:56:19.449Z,168402217944900
"""Goml @ Bod7b088c-"" folds",2023-05-13T23:56:14.705Z,168402217470500
"""Phil @ fjzrNiYyv8"" folds",2023-05-13T23:56:13.744Z,168402217374400
"""Dp @ YyWpODWXWx"" calls 1.00",2023-05-13T23:56:12.563Z,168402217256300
"""JV @ mxbmy34bn7"" posts a big blind of 1.00",2023-05-13T23:56:08.133Z,168402216813307
"""Goml @ Bod7b088c-"" posts a small blind of 0.50",2023-05-13T23:56:08.133Z,168402216813306
"Player stacks: #5 ""Goml @ Bod7b088c-"" (203.65) | #6 ""JV @ mxbmy34bn7"" (132.12) | #8 ""Dp @ YyWpODWXWx"" (177.17) | #10 ""Phil @ fjzrNiYyv8"" (415.46)",2023-05-13T23:56:08.133Z,168402216813301
"-- starting hand #336 (id: bixc9nfyypgt)  (No Limit Texas Hold'em) (dealer: ""Phil @ fjzrNiYyv8"") --",2023-05-13T23:56:08.133Z,168402216813300
"-- ending hand #335 --",2023-05-13T23:56:02.204Z,168402216220402
"""Goml @ Bod7b088c-"" collected 12.00 from pot",2023-05-13T23:56:02.204Z,168402216220401
"Uncalled bet of 6.00 returned to ""Goml @ Bod7b088c-""",2023-05-13T23:56:02.204Z,168402216220400
"""Phil @ fjzrNiYyv8"" folds",2023-05-13T23:56:01.393Z,168402216139300
"""Goml @ Bod7b088c-"" bets 6.00",2023-05-13T23:55:59.805Z,168402215980500
"""Phil @ fjzrNiYyv8"" checks",2023-05-13T23:55:57.091Z,168402215709100
"Turn: 10♠, 4♦, A♥ [6♦]",2023-05-13T23:55:55.774Z,168402215577400
"""Goml @ Bod7b088c-"" calls 3.00",2023-05-13T23:55:54.946Z,168402215494600
"""Phil @ fjzrNiYyv8"" bets 3.00",2023-05-13T23:55:53.662Z,168402215366200
"Flop:  [10♠, 4♦, A♥]",2023-05-13T23:55:50.600Z,168402215060000
"""Goml @ Bod7b088c-"" calls 3.00",2023-05-13T23:55:49.776Z,168402214977600
"""Phil @ fjzrNiYyv8"" raises to 3.00",2023-05-13T23:55:48.351Z,168402214835100
"""Dp @ YyWpODWXWx"" folds",2023-05-13T23:55:46.317Z,168402214631700
"""JV @ mxbmy34bn7"" folds",2023-05-13T23:55:43.476Z,168402214347600
"""Goml @ Bod7b088c-"" posts a big blind of 1.00",2023-05-13T23:55:39.548Z,168402213954807
"""Phil @ fjzrNiYyv8"" posts a small blind of 0.50",2023-05-13T23:55:39.548Z,168402213954806
"Player stacks: #5 ""Goml @ Bod7b088c-"" (197.65) | #6 ""JV @ mxbmy34bn7"" (132.12) | #8 ""Dp @ YyWpODWXWx"" (177.17) | #10 ""Phil @ fjzrNiYyv8"" (421.46)",2023-05-13T23:55:39.548Z,168402213954801
"-- starting hand #335 (id: 0mjyk3vpfks3)  (No Limit Texas Hold'em) (dealer: ""Dp @ YyWpODWXWx"") --",2023-05-13T23:55:39.548Z,168402213954800
"-- ending hand #334 --",2023-05-13T23:55:33.531Z,168402213353102
"""Phil @ fjzrNiYyv8"" collected 6.50 from pot with Pair, A's (combination: A♦, A♥, K♥, 10♣, 9♥)",2023-05-13T23:55:33.531Z,168402213353101
"""Phil @ fjzrNiYyv8"" shows a K♥, 2♥.",2023-05-13T23:55:33.531Z,168402213353100
"""JV @ mxbmy34bn7"" checks",2023-05-13T23:55:32.638Z,168402213263800
"""Phil @ fjzrNiYyv8"" checks",2023-05-13T23:55:31.546Z,168402213154600
"River: 10♣, A♦, 9♥, A♥ [8♠]",2023-05-13T23:55:28.730Z,168402212873000
"""JV @ mxbmy34bn7"" checks",2023-05-13T23:55:27.876Z,168402212787600
"""Phil @ fjzrNiYyv8"" checks",2023-05-13T23:55:26.431Z,168402212643100
"Turn: 10♣, A♦, 9♥ [A♥]",2023-05-13T23:55:23.926Z,168402212392600
"""JV @ mxbmy34bn7"" checks",2023-05-13T23:55:23.016Z,168402212301600
"""Phil @ fjzrNiYyv8"" checks",2023-05-13T23:55:17.463Z,168402211746300
"Flop:  [10♣, A♦, 9♥]",2023-05-13T23:55:16.397Z,168402211639700
"""Phil @ fjzrNiYyv8"" calls 3.00",2023-05-13T23:55:15.575Z,168402211557500
"""Dp @ YyWpODWXWx"" folds",2023-05-13T23:55:14.051Z,168402211405100
"""JV @ mxbmy34bn7"" raises to 3.00",2023-05-13T23:55:12.158Z,168402211215800
"""Goml @ Bod7b088c-"" folds",2023-05-13T23:55:04.474Z,168402210447400
"""Phil @ fjzrNiYyv8"" posts a big blind of 1.00",2023-05-13T23:55:02.419Z,168402210241907
"""Dp @ YyWpODWXWx"" posts a small blind of 0.50",2023-05-13T23:55:02.419Z,168402210241906
"Player stacks: #5 ""Goml @ Bod7b088c-"" (197.65) | #6 ""JV @ mxbmy34bn7"" (135.12) | #8 ""Dp @ YyWpODWXWx"" (177.67) | #10 ""Phil @ fjzrNiYyv8"" (417.96)",2023-05-13T23:55:02.419Z,168402210241901
"-- starting hand #334 (id: 8coma5v9xbe1)  (No Limit Texas Hold'em) (dead button) --",2023-05-13T23:55:02.419Z,168402210241900
"-- ending hand #333 --",2023-05-13T23:54:56.306Z,168402209630602
"""Phil @ fjzrNiYyv8"" collected 2.00 from pot",2023-05-13T23:54:56.306Z,168402209630601
"Uncalled bet of 3.00 returned to ""Phil @ fjzrNiYyv8""",2023-05-13T23:54:56.306Z,168402209630600
"""Dp @ YyWpODWXWx"" folds",2023-05-13T23:54:55.420Z,168402209542000
"""JV @ mxbmy34bn7"" folds",2023-05-13T23:54:52.569Z,168402209256900
"""Goml @ Bod7b088c-"" folds",2023-05-13T23:54:49.584Z,168402208958400
"""Phil @ fjzrNiYyv8"" raises to 4.00",2023-05-13T23:54:48.683Z,168402208868300
"""Dp @ YyWpODWXWx"" posts a big blind of 1.00",2023-05-13T23:54:46.300Z,168402208630008
"Dead Small Blind",2023-05-13T23:54:46.300Z,168402208630007
"Player stacks: #5 ""Goml @ Bod7b088c-"" (197.65) | #6 ""JV @ mxbmy34bn7"" (135.12) | #8 ""Dp @ YyWpODWXWx"" (178.67) | #10 ""Phil @ fjzrNiYyv8"" (416.96)",2023-05-13T23:54:46.300Z,168402208630002
"-- starting hand #333 (id: szhqhxh3c58h)  (No Limit Texas Hold'em) (dealer: ""JV @ mxbmy34bn7"") --",2023-05-13T23:54:46.300Z,168402208630001
"The player ""daws @ xjgMoSVpRc"" stand up with the stack of 282.02.",2023-05-13T23:54:46.300Z,168402208630000
"-- ending hand #332 --",2023-05-13T23:54:40.329Z,168402208032902
"""Goml @ Bod7b088c-"" collected 2.50 from pot",2023-05-13T23:54:40.329Z,168402208032901
"Uncalled bet of 1.00 returned to ""Goml @ Bod7b088c-""",2023-05-13T23:54:40.329Z,168402208032900
"""daws @ xjgMoSVpRc"" folds",2023-05-13T23:54:39.496Z,168402207949600
"""Goml @ Bod7b088c-"" bets 1.00",2023-05-13T23:54:38.631Z,168402207863100
"""daws @ xjgMoSVpRc"" checks",2023-05-13T23:54:36.927Z,168402207692701
"Flop:  [J♦, 2♠, 4♦]",2023-05-13T23:54:36.927Z,168402207692700
"""daws @ xjgMoSVpRc"" checks",2023-05-13T23:54:36.094Z,168402207609400
"""JV @ mxbmy34bn7"" folds",2023-05-13T23:54:35.253Z,168402207525300
"""Goml @ Bod7b088c-"" calls 1.00",2023-05-13T23:54:21.328Z,168402206132800
"""Phil @ fjzrNiYyv8"" folds",2023-05-13T23:54:18.539Z,168402205853900
"""Dp @ YyWpODWXWx"" folds",2023-05-13T23:54:17.629Z,168402205762900
"""daws @ xjgMoSVpRc"" posts a big blind of 1.00",2023-05-13T23:54:16.282Z,168402205628208
"""JV @ mxbmy34bn7"" posts a small blind of 0.50",2023-05-13T23:54:16.282Z,168402205628207
"Player stacks: #5 ""Goml @ Bod7b088c-"" (196.15) | #6 ""JV @ mxbmy34bn7"" (135.62) | #7 ""daws @ xjgMoSVpRc"" (283.02) | #8 ""Dp @ YyWpODWXWx"" (178.67) | #10 ""Phil @ fjzrNiYyv8"" (416.96)",2023-05-13T23:54:16.282Z,168402205628201
"-- starting hand #332 (id: fshzs9slpvgc)  (No Limit Texas Hold'em) (dealer: ""Goml @ Bod7b088c-"") --",2023-05-13T23:54:16.282Z,168402205628200
"""Dp @ YyWpODWXWx"" shows a 7♦, 5♠.",2023-05-13T23:54:11.444Z,168402205144400
"-- ending hand #331 --",2023-05-13T23:54:09.675Z,168402204967502
"""Phil @ fjzrNiYyv8"" collected 50.50 from pot",2023-05-13T23:54:09.675Z,168402204967501
"Uncalled bet of 22.00 returned to ""Phil @ fjzrNiYyv8""",2023-05-13T23:54:09.675Z,168402204967500
"""daws @ xjgMoSVpRc"" folds",2023-05-13T23:54:08.781Z,168402204878100
"""Phil @ fjzrNiYyv8"" bets 22.00",2023-05-13T23:54:06.711Z,168402204671100
"""daws @ xjgMoSVpRc"" checks",2023-05-13T23:54:01.912Z,168402204191200
"Turn: 9♣, 5♦, 8♣ [6♣]",2023-05-13T23:53:56.169Z,168402203616900
"""daws @ xjgMoSVpRc"" calls 17.50",2023-05-13T23:53:55.359Z,168402203535900
"""JV @ mxbmy34bn7"" folds",2023-05-13T23:53:53.804Z,168402203380400
"""Phil @ fjzrNiYyv8"" raises to 17.50",2023-05-13T23:53:49.381Z,168402202938100
"""daws @ xjgMoSVpRc"" bets 7.75",2023-05-13T23:53:43.693Z,168402202369300
"""JV @ mxbmy34bn7"" checks",2023-05-13T23:53:37.396Z,168402201739600
"Flop:  [9♣, 5♦, 8♣]",2023-05-13T23:53:35.071Z,168402201507100
"""daws @ xjgMoSVpRc"" calls 5.00",2023-05-13T23:53:34.230Z,168402201423000
"""JV @ mxbmy34bn7"" calls 5.00",2023-05-13T23:53:33.229Z,168402201322900
"""Goml @ Bod7b088c-"" folds",2023-05-13T23:53:29.068Z,168402200906800
"""Phil @ fjzrNiYyv8"" raises to 5.00",2023-05-13T23:53:28.103Z,168402200810300
"""Dp @ YyWpODWXWx"" folds",2023-05-13T23:53:25.623Z,168402200562300
"""daws @ xjgMoSVpRc"" calls 1.00",2023-05-13T23:53:24.723Z,168402200472300
"""JV @ mxbmy34bn7"" posts a big blind of 1.00",2023-05-13T23:53:16.390Z,168402199639008
"""Goml @ Bod7b088c-"" posts a small blind of 0.50",2023-05-13T23:53:16.390Z,168402199639007
"Player stacks: #5 ""Goml @ Bod7b088c-"" (196.65) | #6 ""JV @ mxbmy34bn7"" (140.62) | #7 ""daws @ xjgMoSVpRc"" (305.52) | #8 ""Dp @ YyWpODWXWx"" (178.67) | #10 ""Phil @ fjzrNiYyv8"" (388.96)",2023-05-13T23:53:16.390Z,168402199639001
"-- starting hand #331 (id: 1koq2zb6grk0)  (No Limit Texas Hold'em) (dealer: ""Phil @ fjzrNiYyv8"") --",2023-05-13T23:53:16.390Z,168402199639000
"-- ending hand #330 --",2023-05-13T23:53:13.393Z,168402199339302
"""Phil @ fjzrNiYyv8"" collected 12.00 from pot",2023-05-13T23:53:13.393Z,168402199339301
"Uncalled bet of 9.00 returned to ""Phil @ fjzrNiYyv8""",2023-05-13T23:53:13.393Z,168402199339300
"""Goml @ Bod7b088c-"" folds",2023-05-13T23:53:12.558Z,168402199255800
"""Phil @ fjzrNiYyv8"" bets 9.00",2023-05-13T23:53:11.629Z,168402199162900
"River: Q♠, 2♦, K♠, J♥ [2♠]",2023-05-13T23:53:08.485Z,168402198848500
"""Goml @ Bod7b088c-"" checks",2023-05-13T23:53:07.678Z,168402198767800
"""Phil @ fjzrNiYyv8"" checks",2023-05-13T23:53:06.114Z,168402198611400
"Turn: Q♠, 2♦, K♠ [J♥]",2023-05-13T23:53:03.172Z,168402198317200
"""Goml @ Bod7b088c-"" calls 3.00",2023-05-13T23:53:02.339Z,168402198233900
"""Phil @ fjzrNiYyv8"" bets 3.00",2023-05-13T23:53:00.821Z,168402198082100
"Flop:  [Q♠, 2♦, K♠]",2023-05-13T23:52:57.453Z,168402197745300
"""Goml @ Bod7b088c-"" calls 3.00",2023-05-13T23:52:56.614Z,168402197661400
"""Phil @ fjzrNiYyv8"" raises to 3.00",2023-05-13T23:52:54.467Z,168402197446700
"""Dp @ YyWpODWXWx"" folds",2023-05-13T23:52:52.239Z,168402197223900
"""daws @ xjgMoSVpRc"" folds",2023-05-13T23:52:50.956Z,168402197095600
"""JV @ mxbmy34bn7"" folds",2023-05-13T23:52:44.931Z,168402196493100
"""Goml @ Bod7b088c-"" posts a big blind of 1.00",2023-05-13T23:52:42.954Z,168402196295408
"""Phil @ fjzrNiYyv8"" posts a small blind of 0.50",2023-05-13T23:52:42.954Z,168402196295407
"Player stacks: #5 ""Goml @ Bod7b088c-"" (202.65) | #6 ""JV @ mxbmy34bn7"" (140.62) | #7 ""daws @ xjgMoSVpRc"" (305.52) | #8 ""Dp @ YyWpODWXWx"" (178.67) | #10 ""Phil @ fjzrNiYyv8"" (382.96)",2023-05-13T23:52:42.954Z,168402196295401
"-- starting hand #330 (id: 3tusmhj3p47w)  (No Limit Texas Hold'em) (dealer: ""Dp @ YyWpODWXWx"") --",2023-05-13T23:52:42.954Z,168402196295400
"-- ending hand #329 --",2023-05-13T23:52:36.946Z,168402195694602
"""Phil @ fjzrNiYyv8"" collected 1.00 from pot",2023-05-13T23:52:36.946Z,168402195694601
"Uncalled bet of 0.50 returned to ""Phil @ fjzrNiYyv8""",2023-05-13T23:52:36.946Z,168402195694600
"""Dp @ YyWpODWXWx"" folds",2023-05-13T23:52:36.085Z,168402195608500
"""daws @ xjgMoSVpRc"" folds",2023-05-13T23:52:34.441Z,168402195444100
"""JV @ mxbmy34bn7"" folds",2023-05-13T23:52:27.380Z,168402194738000
"""Goml @ Bod7b088c-"" folds",2023-05-13T23:52:26.141Z,168402194614100
"""Phil @ fjzrNiYyv8"" posts a big blind of 1.00",2023-05-13T23:52:24.933Z,168402194493308
"""Dp @ YyWpODWXWx"" posts a small blind of 0.50",2023-05-13T23:52:24.933Z,168402194493307
"Player stacks: #5 ""Goml @ Bod7b088c-"" (202.65) | #6 ""JV @ mxbmy34bn7"" (140.62) | #7 ""daws @ xjgMoSVpRc"" (305.52) | #8 ""Dp @ YyWpODWXWx"" (179.17) | #10 ""Phil @ fjzrNiYyv8"" (382.46)",2023-05-13T23:52:24.933Z,168402194493301
"-- starting hand #329 (id: 8jtabwupxu5r)  (No Limit Texas Hold'em) (dealer: ""daws @ xjgMoSVpRc"") --",2023-05-13T23:52:24.933Z,168402194493300
"-- ending hand #328 --",2023-05-13T23:52:18.916Z,168402193891603
"""JV @ mxbmy34bn7"" shows a A♠, 5♠.",2023-05-13T23:52:18.916Z,168402193891602
"""Dp @ YyWpODWXWx"" collected 71.00 from pot with Two Pair, Q's & 6's (combination: Q♥, Q♣, 6♦, 6♥, K♠)",2023-05-13T23:52:18.916Z,168402193891601
"""Dp @ YyWpODWXWx"" shows a Q♥, Q♣.",2023-05-13T23:52:18.916Z,168402193891600
"""Dp @ YyWpODWXWx"" calls 20.50",2023-05-13T23:52:18.036Z,168402193803600
"""JV @ mxbmy34bn7"" bets 20.50",2023-05-13T23:52:15.159Z,168402193515900
"""Dp @ YyWpODWXWx"" checks",2023-05-13T23:52:05.861Z,168402192586100
"River: 6♦, J♣, 2♦, K♠ [6♥]",2023-05-13T23:52:03.928Z,168402192392800
"""Dp @ YyWpODWXWx"" calls 8.50",2023-05-13T23:52:03.116Z,168402192311600
"""JV @ mxbmy34bn7"" bets 8.50",2023-05-13T23:52:00.617Z,168402192061700
"""Dp @ YyWpODWXWx"" checks",2023-05-13T23:51:52.350Z,168402191235000
"Turn: 6♦, J♣, 2♦ [K♠]",2023-05-13T23:51:50.900Z,168402191090000
"""Dp @ YyWpODWXWx"" calls 3.25",2023-05-13T23:51:50.061Z,168402191006100
"""JV @ mxbmy34bn7"" bets 3.25",2023-05-13T23:51:46.650Z,168402190665000
"""Dp @ YyWpODWXWx"" checks",2023-05-13T23:51:40.423Z,168402190042300
"Flop:  [6♦, J♣, 2♦]",2023-05-13T23:51:38.887Z,168402189888700
"""Dp @ YyWpODWXWx"" calls 3.00",2023-05-13T23:51:38.072Z,168402189807200
"""daws @ xjgMoSVpRc"" folds",2023-05-13T23:51:33.633Z,168402189363300
"""JV @ mxbmy34bn7"" raises to 3.00",2023-05-13T23:51:17.743Z,168402187774300
"""Goml @ Bod7b088c-"" folds",2023-05-13T23:51:14.833Z,168402187483300
"""Phil @ fjzrNiYyv8"" folds",2023-05-13T23:51:11.023Z,168402187102300
"""Dp @ YyWpODWXWx"" posts a big blind of 1.00",2023-05-13T23:51:09.601Z,168402186960109
"""daws @ xjgMoSVpRc"" posts a small blind of 0.50",2023-05-13T23:51:09.601Z,168402186960108
"Player stacks: #5 ""Goml @ Bod7b088c-"" (202.65) | #6 ""JV @ mxbmy34bn7"" (175.87) | #7 ""daws @ xjgMoSVpRc"" (306.02) | #8 ""Dp @ YyWpODWXWx"" (143.42) | #10 ""Phil @ fjzrNiYyv8"" (382.46)",2023-05-13T23:51:09.601Z,168402186960102
"-- starting hand #328 (id: 3qg4kqjs9l0y)  (No Limit Texas Hold'em) (dealer: ""JV @ mxbmy34bn7"") --",2023-05-13T23:51:09.601Z,168402186960101
"The player ""Nyet @ M4PvxvIGMA"" quits the game with a stack of 0.00.",2023-05-13T23:51:09.601Z,168402186960100
"""Phil @ fjzrNiYyv8"" shows a 9♥, 8♠.",2023-05-13T23:51:03.608Z,168402186360800
"-- ending hand #327 --",2023-05-13T23:51:03.049Z,168402186304901
"""Dp @ YyWpODWXWx"" collected 125.55 from pot with Two Pair, A's & 9's (combination: A♠, A♥, 9♠, 9♣, 6♣)",2023-05-13T23:51:03.049Z,168402186304900
"River: 6♣, 3♣, 3♥, 9♠ [9♣]",2023-05-13T23:50:59.043Z,168402185904300
"Turn: 6♣, 3♣, 3♥ [9♠]",2023-05-13T23:50:55.014Z,168402185501400
"Flop:  [6♣, 3♣, 3♥]",2023-05-13T23:50:51.001Z,168402185100100
"""Dp @ YyWpODWXWx"" shows a A♠, A♥.",2023-05-13T23:50:46.994Z,168402184699402
"""Nyet @ M4PvxvIGMA"" shows a K♠, J♠.",2023-05-13T23:50:46.994Z,168402184699401
"Uncalled bet of 17.87 returned to ""Dp @ YyWpODWXWx""",2023-05-13T23:50:46.994Z,168402184699400
"Some players choose to not run it twice.",2023-05-13T23:50:46.159Z,168402184615901
"""Nyet @ M4PvxvIGMA"" chooses to not run it twice.",2023-05-13T23:50:46.159Z,168402184615900
"Remaining players decide whether to run it twice.",2023-05-13T23:50:45.277Z,168402184527701
"""daws @ xjgMoSVpRc"" folds",2023-05-13T23:50:45.277Z,168402184527700
"""Nyet @ M4PvxvIGMA"" calls 57.59 and go all in",2023-05-13T23:50:41.748Z,168402184174800
"""Dp @ YyWpODWXWx"" raises to 75.46 and go all in",2023-05-13T23:50:40.047Z,168402184004700
"""daws @ xjgMoSVpRc"" calls 9.87",2023-05-13T23:50:35.214Z,168402183521400
"""JV @ mxbmy34bn7"" folds",2023-05-13T23:50:25.878Z,168402182587800
"""Goml @ Bod7b088c-"" folds",2023-05-13T23:50:14.540Z,168402181454000
"""Nyet @ M4PvxvIGMA"" raises to 9.87",2023-05-13T23:50:13.660Z,168402181366000
"""Phil @ fjzrNiYyv8"" folds",2023-05-13T23:50:10.108Z,168402181010800
"""Dp @ YyWpODWXWx"" raises to 3.50",2023-05-13T23:50:09.241Z,168402180924100
"""daws @ xjgMoSVpRc"" posts a big blind of 1.00",2023-05-13T23:50:04.949Z,168402180494909
"""JV @ mxbmy34bn7"" posts a small blind of 0.50",2023-05-13T23:50:04.949Z,168402180494908
"Player stacks: #2 ""Nyet @ M4PvxvIGMA"" (57.59) | #5 ""Goml @ Bod7b088c-"" (202.65) | #6 ""JV @ mxbmy34bn7"" (176.37) | #7 ""daws @ xjgMoSVpRc"" (315.89) | #8 ""Dp @ YyWpODWXWx"" (75.46) | #10 ""Phil @ fjzrNiYyv8"" (382.46)",2023-05-13T23:50:04.949Z,168402180494901
"-- starting hand #327 (id: a76acv9i33uu)  (No Limit Texas Hold'em) (dealer: ""Goml @ Bod7b088c-"") --",2023-05-13T23:50:04.949Z,168402180494900
"-- ending hand #326 --",2023-05-13T23:50:02.038Z,168402180203802
"""Goml @ Bod7b088c-"" collected 2.00 from pot",2023-05-13T23:50:02.038Z,168402180203801
"Uncalled bet of 2.00 returned to ""Goml @ Bod7b088c-""",2023-05-13T23:50:02.038Z,168402180203800
"""JV @ mxbmy34bn7"" folds",2023-05-13T23:50:01.189Z,168402180118900
"""Goml @ Bod7b088c-"" bets 2.00",2023-05-13T23:49:56.234Z,168402179623400
"River: 9♦, 3♣, 8♦, K♠ [6♥]",2023-05-13T23:49:53.636Z,168402179363600
"""JV @ mxbmy34bn7"" checks",2023-05-13T23:49:52.812Z,168402179281200
"""Goml @ Bod7b088c-"" checks",2023-05-13T23:49:51.708Z,168402179170800
"Turn: 9♦, 3♣, 8♦ [K♠]",2023-05-13T23:49:50.225Z,168402179022500
"""JV @ mxbmy34bn7"" checks",2023-05-13T23:49:49.355Z,168402178935500
"""Goml @ Bod7b088c-"" checks",2023-05-13T23:49:48.248Z,168402178824800
"Flop:  [9♦, 3♣, 8♦]",2023-05-13T23:49:46.525Z,168402178652500
"""JV @ mxbmy34bn7"" checks",2023-05-13T23:49:45.673Z,168402178567300
"""Goml @ Bod7b088c-"" calls 1.00",2023-05-13T23:49:40.767Z,168402178076700
"""Nyet @ M4PvxvIGMA"" folds",2023-05-13T23:49:39.245Z,168402177924500
"""Phil @ fjzrNiYyv8"" folds",2023-05-13T23:49:38.244Z,168402177824400
"""Dp @ YyWpODWXWx"" folds",2023-05-13T23:49:37.352Z,168402177735200
"""daws @ xjgMoSVpRc"" folds",2023-05-13T23:49:35.752Z,168402177575200
"""JV @ mxbmy34bn7"" posts a big blind of 1.00",2023-05-13T23:49:30.722Z,168402177072209
"""Goml @ Bod7b088c-"" posts a small blind of 0.50",2023-05-13T23:49:30.722Z,168402177072208
"Player stacks: #2 ""Nyet @ M4PvxvIGMA"" (57.59) | #5 ""Goml @ Bod7b088c-"" (201.65) | #6 ""JV @ mxbmy34bn7"" (177.37) | #7 ""daws @ xjgMoSVpRc"" (315.89) | #8 ""Dp @ YyWpODWXWx"" (75.46) | #10 ""Phil @ fjzrNiYyv8"" (382.46)",2023-05-13T23:49:30.722Z,168402177072201
"-- starting hand #326 (id: dsmcz3ocxkta)  (No Limit Texas Hold'em) (dealer: ""Nyet @ M4PvxvIGMA"") --",2023-05-13T23:49:30.722Z,168402177072200
"-- ending hand #325 --",2023-05-13T23:49:24.790Z,168402176479002
"""Goml @ Bod7b088c-"" collected 10.50 from pot",2023-05-13T23:49:24.790Z,168402176479001
"Uncalled bet of 8.50 returned to ""Goml @ Bod7b088c-""",2023-05-13T23:49:24.790Z,168402176479000
"""Nyet @ M4PvxvIGMA"" folds",2023-05-13T23:49:23.927Z,168402176392700
"""Phil @ fjzrNiYyv8"" folds",2023-05-13T23:49:22.803Z,168402176280300
"""Goml @ Bod7b088c-"" raises to 12.00",2023-05-13T23:49:20.980Z,168402176098000
"""Nyet @ M4PvxvIGMA"" calls 3.50",2023-05-13T23:49:17.020Z,168402175702000
"""Phil @ fjzrNiYyv8"" raises to 3.50",2023-05-13T23:49:14.019Z,168402175401900
"""Dp @ YyWpODWXWx"" folds",2023-05-13T23:49:06.815Z,168402174681500
"""daws @ xjgMoSVpRc"" folds",2023-05-13T23:49:05.794Z,168402174579400
"""JV @ mxbmy34bn7"" folds",2023-05-13T23:49:04.883Z,168402174488300
"""Goml @ Bod7b088c-"" posts a big blind of 1.00",2023-05-13T23:49:01.903Z,168402174190309
"""Nyet @ M4PvxvIGMA"" posts a small blind of 0.50",2023-05-13T23:49:01.903Z,168402174190308
"Player stacks: #2 ""Nyet @ M4PvxvIGMA"" (61.09) | #5 ""Goml @ Bod7b088c-"" (194.65) | #6 ""JV @ mxbmy34bn7"" (177.37) | #7 ""daws @ xjgMoSVpRc"" (315.89) | #8 ""Dp @ YyWpODWXWx"" (75.46) | #10 ""Phil @ fjzrNiYyv8"" (385.96)",2023-05-13T23:49:01.903Z,168402174190301
"-- starting hand #325 (id: az7ehdttazr5)  (No Limit Texas Hold'em) (dealer: ""Phil @ fjzrNiYyv8"") --",2023-05-13T23:49:01.903Z,168402174190300
"-- ending hand #324 --",2023-05-13T23:48:55.965Z,168402173596502
"""daws @ xjgMoSVpRc"" collected 3.50 from pot",2023-05-13T23:48:55.965Z,168402173596501
"Uncalled bet of 1.75 returned to ""daws @ xjgMoSVpRc""",2023-05-13T23:48:55.965Z,168402173596500
"""Goml @ Bod7b088c-"" folds",2023-05-13T23:48:55.125Z,168402173512500
"""Nyet @ M4PvxvIGMA"" folds",2023-05-13T23:48:54.190Z,168402173419000
"""daws @ xjgMoSVpRc"" bets 1.75",2023-05-13T23:48:53.179Z,168402173317900
"""Goml @ Bod7b088c-"" checks",2023-05-13T23:48:39.005Z,168402171900500
"""Nyet @ M4PvxvIGMA"" checks",2023-05-13T23:48:38.025Z,168402171802500
"Flop:  [8♠, 5♠, 3♦]",2023-05-13T23:48:36.833Z,168402171683300
"""Nyet @ M4PvxvIGMA"" checks",2023-05-13T23:48:35.956Z,168402171595600
"""Phil @ fjzrNiYyv8"" folds",2023-05-13T23:48:35.036Z,168402171503600
"""Dp @ YyWpODWXWx"" folds",2023-05-13T23:48:33.894Z,168402171389400
"""daws @ xjgMoSVpRc"" calls 1.00",2023-05-13T23:48:28.417Z,168402170841700
"""JV @ mxbmy34bn7"" folds",2023-05-13T23:48:27.476Z,168402170747600
"""Goml @ Bod7b088c-"" calls 1.00",2023-05-13T23:48:21.157Z,168402170115700
"""Nyet @ M4PvxvIGMA"" posts a big blind of 1.00",2023-05-13T23:48:19.716Z,168402169971609
"""Phil @ fjzrNiYyv8"" posts a small blind of 0.50",2023-05-13T23:48:19.716Z,168402169971608
"Player stacks: #2 ""Nyet @ M4PvxvIGMA"" (62.09) | #5 ""Goml @ Bod7b088c-"" (195.65) | #6 ""JV @ mxbmy34bn7"" (177.37) | #7 ""daws @ xjgMoSVpRc"" (313.39) | #8 ""Dp @ YyWpODWXWx"" (75.46) | #10 ""Phil @ fjzrNiYyv8"" (386.46)",2023-05-13T23:48:19.716Z,168402169971601
"-- starting hand #324 (id: rxcmfodyrdnf)  (No Limit Texas Hold'em) (dealer: ""Dp @ YyWpODWXWx"") --",2023-05-13T23:48:19.716Z,168402169971600
"-- ending hand #323 --",2023-05-13T23:48:13.627Z,168402169362702
"""Phil @ fjzrNiYyv8"" collected 31.24 from pot with Two Pair, A's & 5's (combination: A♥, A♦, 5♦, 5♠, K♣)",2023-05-13T23:48:13.627Z,168402169362701
"""Phil @ fjzrNiYyv8"" shows a 5♦, A♥.",2023-05-13T23:48:13.627Z,168402169362700
"""Nyet @ M4PvxvIGMA"" calls 9.37",2023-05-13T23:48:12.707Z,168402169270700
"""Phil @ fjzrNiYyv8"" bets 9.37",2023-05-13T23:48:11.665Z,168402169166500
"River: K♣, 5♠, 8♦, J♥ [A♦]",2023-05-13T23:48:09.167Z,168402168916700
"""Nyet @ M4PvxvIGMA"" calls 3.00",2023-05-13T23:48:08.310Z,168402168831000
"""Phil @ fjzrNiYyv8"" bets 3.00",2023-05-13T23:48:06.189Z,168402168618900
"Turn: K♣, 5♠, 8♦ [J♥]",2023-05-13T23:48:03.761Z,168402168376100
"""Nyet @ M4PvxvIGMA"" checks",2023-05-13T23:48:02.916Z,168402168291600
"""Phil @ fjzrNiYyv8"" checks",2023-05-13T23:48:01.800Z,168402168180000
"Flop:  [K♣, 5♠, 8♦]",2023-05-13T23:47:59.682Z,168402167968200
"""Phil @ fjzrNiYyv8"" calls 3.00",2023-05-13T23:47:58.848Z,168402167884800
"""Dp @ YyWpODWXWx"" folds",2023-05-13T23:47:57.939Z,168402167793900
"""daws @ xjgMoSVpRc"" folds",2023-05-13T23:47:56.366Z,168402167636600
"""JV @ mxbmy34bn7"" folds",2023-05-13T23:47:55.441Z,168402167544100
"""Goml @ Bod7b088c-"" folds",2023-05-13T23:47:47.584Z,168402166758400
"""Nyet @ M4PvxvIGMA"" raises to 3.00",2023-05-13T23:47:46.329Z,168402166632900
"""Phil @ fjzrNiYyv8"" posts a big blind of 1.00",2023-05-13T23:47:43.592Z,168402166359209
"""Dp @ YyWpODWXWx"" posts a small blind of 0.50",2023-05-13T23:47:43.592Z,168402166359208
"Player stacks: #2 ""Nyet @ M4PvxvIGMA"" (77.46) | #5 ""Goml @ Bod7b088c-"" (195.65) | #6 ""JV @ mxbmy34bn7"" (177.37) | #7 ""daws @ xjgMoSVpRc"" (313.39) | #8 ""Dp @ YyWpODWXWx"" (75.96) | #10 ""Phil @ fjzrNiYyv8"" (370.59)",2023-05-13T23:47:43.592Z,168402166359201
"-- starting hand #323 (id: pmlcdap96ddm)  (No Limit Texas Hold'em) (dealer: ""daws @ xjgMoSVpRc"") --",2023-05-13T23:47:43.592Z,168402166359200
"-- ending hand #322 --",2023-05-13T23:47:37.590Z,168402165759002
"""Dp @ YyWpODWXWx"" collected 1.00 from pot",2023-05-13T23:47:37.590Z,168402165759001
"Uncalled bet of 0.50 returned to ""Dp @ YyWpODWXWx""",2023-05-13T23:47:37.590Z,168402165759000
"""daws @ xjgMoSVpRc"" folds",2023-05-13T23:47:36.670Z,168402165667000
"""JV @ mxbmy34bn7"" folds",2023-05-13T23:47:35.761Z,168402165576100
"""Goml @ Bod7b088c-"" folds",2023-05-13T23:47:22.824Z,168402164282400
"""Nyet @ M4PvxvIGMA"" folds",2023-05-13T23:47:21.818Z,168402164181800
"""Phil @ fjzrNiYyv8"" folds",2023-05-13T23:47:20.797Z,168402164079700
"""Dp @ YyWpODWXWx"" posts a big blind of 1.00",2023-05-13T23:47:19.172Z,168402163917209
"""daws @ xjgMoSVpRc"" posts a small blind of 0.50",2023-05-13T23:47:19.172Z,168402163917208
"Player stacks: #2 ""Nyet @ M4PvxvIGMA"" (77.46) | #5 ""Goml @ Bod7b088c-"" (195.65) | #6 ""JV @ mxbmy34bn7"" (177.37) | #7 ""daws @ xjgMoSVpRc"" (313.89) | #8 ""Dp @ YyWpODWXWx"" (75.46) | #10 ""Phil @ fjzrNiYyv8"" (370.59)",2023-05-13T23:47:19.172Z,168402163917201
"-- starting hand #322 (id: izmapwueixje)  (No Limit Texas Hold'em) (dealer: ""JV @ mxbmy34bn7"") --",2023-05-13T23:47:19.172Z,168402163917200
"-- ending hand #321 --",2023-05-13T23:47:16.171Z,168402163617102
"""daws @ xjgMoSVpRc"" collected 13.00 from pot",2023-05-13T23:47:16.171Z,168402163617101
"Uncalled bet of 6.50 returned to ""daws @ xjgMoSVpRc""",2023-05-13T23:47:16.171Z,168402163617100
"""Phil @ fjzrNiYyv8"" folds",2023-05-13T23:47:15.266Z,168402163526600
"""daws @ xjgMoSVpRc"" bets 6.50",2023-05-13T23:47:14.129Z,168402163412900
"River: 2♣, 2♦, 5♦, 4♠ [9♦]",2023-05-13T23:47:05.748Z,168402162574800
"""Phil @ fjzrNiYyv8"" checks",2023-05-13T23:47:04.835Z,168402162483500
"""daws @ xjgMoSVpRc"" checks",2023-05-13T23:47:02.009Z,168402162200900
"Turn: 2♣, 2♦, 5♦ [4♠]",2023-05-13T23:46:57.797Z,168402161779700
"""daws @ xjgMoSVpRc"" calls 3.25",2023-05-13T23:46:56.991Z,168402161699100
"""Phil @ fjzrNiYyv8"" bets 3.25",2023-05-13T23:46:53.923Z,168402161392300
"""daws @ xjgMoSVpRc"" checks",2023-05-13T23:46:50.007Z,168402161000700
"Flop:  [2♣, 2♦, 5♦]",2023-05-13T23:46:46.986Z,168402160698600
"""daws @ xjgMoSVpRc"" calls 3.00",2023-05-13T23:46:46.174Z,168402160617400
"""JV @ mxbmy34bn7"" folds",2023-05-13T23:46:40.410Z,168402160041000
"""Goml @ Bod7b088c-"" folds",2023-05-13T23:46:39.442Z,168402159944200
"""Nyet @ M4PvxvIGMA"" folds",2023-05-13T23:46:36.844Z,168402159684400
"""Phil @ fjzrNiYyv8"" raises to 3.00",2023-05-13T23:46:35.862Z,168402159586200
"""Dp @ YyWpODWXWx"" folds",2023-05-13T23:46:32.370Z,168402159237000
"""daws @ xjgMoSVpRc"" posts a big blind of 1.00",2023-05-13T23:46:31.085Z,168402159108509
"""JV @ mxbmy34bn7"" posts a small blind of 0.50",2023-05-13T23:46:31.085Z,168402159108508
"Player stacks: #2 ""Nyet @ M4PvxvIGMA"" (77.46) | #5 ""Goml @ Bod7b088c-"" (195.65) | #6 ""JV @ mxbmy34bn7"" (177.87) | #7 ""daws @ xjgMoSVpRc"" (307.14) | #8 ""Dp @ YyWpODWXWx"" (75.46) | #10 ""Phil @ fjzrNiYyv8"" (376.84)",2023-05-13T23:46:31.085Z,168402159108501
"-- starting hand #321 (id: 4rmq1urokky0)  (No Limit Texas Hold'em) (dealer: ""Goml @ Bod7b088c-"") --",2023-05-13T23:46:31.085Z,168402159108500
"-- ending hand #320 --",2023-05-13T23:46:28.128Z,168402158812802
"""Nyet @ M4PvxvIGMA"" collected 9.50 from pot",2023-05-13T23:46:28.128Z,168402158812801
"Uncalled bet of 7.12 returned to ""Nyet @ M4PvxvIGMA""",2023-05-13T23:46:28.128Z,168402158812800
"""Phil @ fjzrNiYyv8"" folds",2023-05-13T23:46:27.292Z,168402158729200
"""JV @ mxbmy34bn7"" folds",2023-05-13T23:46:26.288Z,168402158628800
"""Nyet @ M4PvxvIGMA"" bets 7.12",2023-05-13T23:46:24.429Z,168402158442900
"""Phil @ fjzrNiYyv8"" checks",2023-05-13T23:46:22.036Z,168402158203600
"""JV @ mxbmy34bn7"" checks",2023-05-13T23:46:20.380Z,168402158038000
"River: 7♠, A♥, 10♠, Q♣ [5♥]",2023-05-13T23:46:15.881Z,168402157588100
"""Nyet @ M4PvxvIGMA"" checks",2023-05-13T23:46:15.032Z,168402157503200
"""Phil @ fjzrNiYyv8"" checks",2023-05-13T23:46:13.456Z,168402157345600
"""JV @ mxbmy34bn7"" checks",2023-05-13T23:46:10.312Z,168402157031200
"Turn: 7♠, A♥, 10♠ [Q♣]",2023-05-13T23:46:01.259Z,168402156125900
"""Nyet @ M4PvxvIGMA"" checks",2023-05-13T23:46:00.413Z,168402156041300
"""Phil @ fjzrNiYyv8"" checks",2023-05-13T23:45:59.264Z,168402155926400
"""JV @ mxbmy34bn7"" checks",2023-05-13T23:45:58.161Z,168402155816100
"Flop:  [7♠, A♥, 10♠]",2023-05-13T23:45:56.189Z,168402155618900
"""JV @ mxbmy34bn7"" calls 3.00",2023-05-13T23:45:55.366Z,168402155536600
"""Goml @ Bod7b088c-"" folds",2023-05-13T23:45:50.353Z,168402155035300
"""Nyet @ M4PvxvIGMA"" calls 3.00",2023-05-13T23:45:49.438Z,168402154943800
"""Phil @ fjzrNiYyv8"" raises to 3.00",2023-05-13T23:45:47.806Z,168402154780600
"""Dp @ YyWpODWXWx"" folds",2023-05-13T23:45:35.591Z,168402153559100
"""daws @ xjgMoSVpRc"" folds",2023-05-13T23:45:33.027Z,168402153302700
"""JV @ mxbmy34bn7"" posts a big blind of 1.00",2023-05-13T23:45:31.357Z,168402153135709
"""Goml @ Bod7b088c-"" posts a small blind of 0.50",2023-05-13T23:45:31.357Z,168402153135708
"Player stacks: #2 ""Nyet @ M4PvxvIGMA"" (70.96) | #5 ""Goml @ Bod7b088c-"" (196.15) | #6 ""JV @ mxbmy34bn7"" (180.87) | #7 ""daws @ xjgMoSVpRc"" (307.14) | #8 ""Dp @ YyWpODWXWx"" (75.46) | #10 ""Phil @ fjzrNiYyv8"" (379.84)",2023-05-13T23:45:31.357Z,168402153135701
"-- starting hand #320 (id: 50volcadcmfq)  (No Limit Texas Hold'em) (dealer: ""Nyet @ M4PvxvIGMA"") --",2023-05-13T23:45:31.357Z,168402153135700
"-- ending hand #319 --",2023-05-13T23:45:25.442Z,168402152544202
"""JV @ mxbmy34bn7"" collected 11.00 from pot",2023-05-13T23:45:25.442Z,168402152544201
"Uncalled bet of 5.50 returned to ""JV @ mxbmy34bn7""",2023-05-13T23:45:25.442Z,168402152544200
"""Goml @ Bod7b088c-"" folds",2023-05-13T23:45:24.638Z,168402152463800
"""daws @ xjgMoSVpRc"" folds",2023-05-13T23:45:22.982Z,168402152298200
"""JV @ mxbmy34bn7"" bets 5.50",2023-05-13T23:45:20.340Z,168402152034000
"""Goml @ Bod7b088c-"" checks",2023-05-13T23:45:14.178Z,168402151417800
"Flop:  [A♠, 7♣, 10♣]",2023-05-13T23:45:12.937Z,168402151293700
"""Goml @ Bod7b088c-"" calls 3.50",2023-05-13T23:45:12.091Z,168402151209100
"""Nyet @ M4PvxvIGMA"" folds",2023-05-13T23:45:10.320Z,168402151032000
"""Phil @ fjzrNiYyv8"" folds",2023-05-13T23:45:09.438Z,168402150943800
"""Dp @ YyWpODWXWx"" folds",2023-05-13T23:44:53.557Z,168402149355700
"""daws @ xjgMoSVpRc"" calls 3.50",2023-05-13T23:44:42.893Z,168402148289300
"""JV @ mxbmy34bn7"" raises to 3.50",2023-05-13T23:44:37.941Z,168402147794100
"""Goml @ Bod7b088c-"" posts a big blind of 1.00",2023-05-13T23:44:33.665Z,168402147366509
"""Nyet @ M4PvxvIGMA"" posts a small blind of 0.50",2023-05-13T23:44:33.665Z,168402147366508
"Player stacks: #2 ""Nyet @ M4PvxvIGMA"" (71.46) | #5 ""Goml @ Bod7b088c-"" (199.65) | #6 ""JV @ mxbmy34bn7"" (173.37) | #7 ""daws @ xjgMoSVpRc"" (310.64) | #8 ""Dp @ YyWpODWXWx"" (75.46) | #10 ""Phil @ fjzrNiYyv8"" (379.84)",2023-05-13T23:44:33.665Z,168402147366501
"-- starting hand #319 (id: i796qgtrehqr)  (No Limit Texas Hold'em) (dealer: ""Phil @ fjzrNiYyv8"") --",2023-05-13T23:44:33.665Z,168402147366500
"""Nyet @ M4PvxvIGMA"" shows a 4♦, 2♠.",2023-05-13T23:44:28.136Z,168402146813600
"-- ending hand #318 --",2023-05-13T23:44:27.058Z,168402146705802
"""Nyet @ M4PvxvIGMA"" collected 1.00 from pot",2023-05-13T23:44:27.058Z,168402146705801
"Uncalled bet of 0.50 returned to ""Nyet @ M4PvxvIGMA""",2023-05-13T23:44:27.058Z,168402146705800
"""Phil @ fjzrNiYyv8"" folds",2023-05-13T23:44:26.245Z,168402146624500
"""Dp @ YyWpODWXWx"" folds",2023-05-13T23:44:21.379Z,168402146137900
"""daws @ xjgMoSVpRc"" folds",2023-05-13T23:44:19.876Z,168402145987600
"""JV @ mxbmy34bn7"" folds",2023-05-13T23:44:18.929Z,168402145892900
"""Goml @ Bod7b088c-"" folds",2023-05-13T23:44:16.390Z,168402145639000
"""Nyet @ M4PvxvIGMA"" posts a big blind of 1.00",2023-05-13T23:44:15.349Z,168402145534909
"""Phil @ fjzrNiYyv8"" posts a small blind of 0.50",2023-05-13T23:44:15.349Z,168402145534908
"Player stacks: #2 ""Nyet @ M4PvxvIGMA"" (70.96) | #5 ""Goml @ Bod7b088c-"" (199.65) | #6 ""JV @ mxbmy34bn7"" (173.37) | #7 ""daws @ xjgMoSVpRc"" (310.64) | #8 ""Dp @ YyWpODWXWx"" (75.46) | #10 ""Phil @ fjzrNiYyv8"" (380.34)",2023-05-13T23:44:15.349Z,168402145534901
"-- starting hand #318 (id: z5rp7uuoceqd)  (No Limit Texas Hold'em) (dealer: ""Dp @ YyWpODWXWx"") --",2023-05-13T23:44:15.349Z,168402145534900
"-- ending hand #317 --",2023-05-13T23:44:09.343Z,168402144934303
"""daws @ xjgMoSVpRc"" shows a Q♣, 6♣.",2023-05-13T23:44:09.343Z,168402144934302
"""Phil @ fjzrNiYyv8"" collected 38.00 from pot with Two Pair, A's & 7's (combination: A♠, A♥, 7♣, 7♥, K♠)",2023-05-13T23:44:09.343Z,168402144934301
"""Phil @ fjzrNiYyv8"" shows a 10♠, A♠.",2023-05-13T23:44:09.343Z,168402144934300
"""Phil @ fjzrNiYyv8"" calls 9.50",2023-05-13T23:44:08.532Z,168402144853200
"""daws @ xjgMoSVpRc"" bets 9.50",2023-05-13T23:44:07.405Z,168402144740500
"""Phil @ fjzrNiYyv8"" checks",2023-05-13T23:44:02.765Z,168402144276500
"River: 7♣, 9♥, 7♥, A♥ [K♠]",2023-05-13T23:44:01.930Z,168402144193000
"""Phil @ fjzrNiYyv8"" calls 4.75",2023-05-13T23:44:01.104Z,168402144110400
"""daws @ xjgMoSVpRc"" bets 4.75",2023-05-13T23:43:59.593Z,168402143959300
"""Phil @ fjzrNiYyv8"" checks",2023-05-13T23:43:54.108Z,168402143410800
"Turn: 7♣, 9♥, 7♥ [A♥]",2023-05-13T23:43:52.318Z,168402143231800
"""daws @ xjgMoSVpRc"" checks",2023-05-13T23:43:51.426Z,168402143142600
"""Phil @ fjzrNiYyv8"" checks",2023-05-13T23:43:50.263Z,168402143026300
"Flop:  [7♣, 9♥, 7♥]",2023-05-13T23:43:42.105Z,168402142210500
"""daws @ xjgMoSVpRc"" calls 4.50",2023-05-13T23:43:41.286Z,168402142128600
"""Phil @ fjzrNiYyv8"" raises to 4.50",2023-05-13T23:43:39.871Z,168402141987100
"""Dp @ YyWpODWXWx"" folds",2023-05-13T23:43:35.780Z,168402141578000
"""daws @ xjgMoSVpRc"" calls 1.00",2023-05-13T23:43:13.246Z,168402139324600
"""JV @ mxbmy34bn7"" folds",2023-05-13T23:43:09.472Z,168402138947200
"""Goml @ Bod7b088c-"" folds",2023-05-13T23:42:53.609Z,168402137360900
"""Nyet @ M4PvxvIGMA"" folds",2023-05-13T23:42:52.708Z,168402137270800
"""Phil @ fjzrNiYyv8"" posts a big blind of 1.00",2023-05-13T23:42:51.742Z,168402137174209
"""Dp @ YyWpODWXWx"" posts a small blind of 0.50",2023-05-13T23:42:51.742Z,168402137174208
"Player stacks: #2 ""Nyet @ M4PvxvIGMA"" (70.96) | #5 ""Goml @ Bod7b088c-"" (199.65) | #6 ""JV @ mxbmy34bn7"" (173.37) | #7 ""daws @ xjgMoSVpRc"" (329.39) | #8 ""Dp @ YyWpODWXWx"" (75.96) | #10 ""Phil @ fjzrNiYyv8"" (361.09)",2023-05-13T23:42:51.742Z,168402137174201
"-- starting hand #317 (id: pnsg6moouc7h)  (No Limit Texas Hold'em) (dealer: ""daws @ xjgMoSVpRc"") --",2023-05-13T23:42:51.742Z,168402137174200
"-- ending hand #316 --",2023-05-13T23:42:45.830Z,168402136583002
"""Goml @ Bod7b088c-"" collected 2.50 from pot",2023-05-13T23:42:45.830Z,168402136583001
"Uncalled bet of 3.00 returned to ""Goml @ Bod7b088c-""",2023-05-13T23:42:45.830Z,168402136583000
"""Dp @ YyWpODWXWx"" folds",2023-05-13T23:42:44.954Z,168402136495400
"""daws @ xjgMoSVpRc"" folds",2023-05-13T23:42:44.026Z,168402136402600
"""JV @ mxbmy34bn7"" folds",2023-05-13T23:42:28.150Z,168402134815000
"""Goml @ Bod7b088c-"" raises to 4.00",2023-05-13T23:42:25.137Z,168402134513700
"""Nyet @ M4PvxvIGMA"" folds",2023-05-13T23:42:21.962Z,168402134196200
"""Phil @ fjzrNiYyv8"" folds",2023-05-13T23:42:20.952Z,168402134095200
"""Dp @ YyWpODWXWx"" posts a big blind of 1.00",2023-05-13T23:42:19.796Z,168402133979609
"""daws @ xjgMoSVpRc"" posts a small blind of 0.50",2023-05-13T23:42:19.796Z,168402133979608
"Player stacks: #2 ""Nyet @ M4PvxvIGMA"" (70.96) | #5 ""Goml @ Bod7b088c-"" (198.15) | #6 ""JV @ mxbmy34bn7"" (173.37) | #7 ""daws @ xjgMoSVpRc"" (329.89) | #8 ""Dp @ YyWpODWXWx"" (76.96) | #10 ""Phil @ fjzrNiYyv8"" (361.09)",2023-05-13T23:42:19.796Z,168402133979601
"-- starting hand #316 (id: 6r4sh9ifsyff)  (No Limit Texas Hold'em) (dealer: ""JV @ mxbmy34bn7"") --",2023-05-13T23:42:19.796Z,168402133979600
"-- ending hand #315 --",2023-05-13T23:42:13.887Z,168402133388702
"""daws @ xjgMoSVpRc"" collected 1.00 from pot",2023-05-13T23:42:13.887Z,168402133388701
"Uncalled bet of 0.50 returned to ""daws @ xjgMoSVpRc""",2023-05-13T23:42:13.887Z,168402133388700
"""JV @ mxbmy34bn7"" folds",2023-05-13T23:42:13.074Z,168402133307400
"""Goml @ Bod7b088c-"" folds",2023-05-13T23:42:08.847Z,168402132884700
"""Nyet @ M4PvxvIGMA"" folds",2023-05-13T23:42:03.974Z,168402132397400
"""Phil @ fjzrNiYyv8"" folds",2023-05-13T23:42:02.999Z,168402132299900
"""Dp @ YyWpODWXWx"" folds",2023-05-13T23:42:02.158Z,168402132215800
"""daws @ xjgMoSVpRc"" posts a big blind of 1.00",2023-05-13T23:42:00.884Z,168402132088409
"""JV @ mxbmy34bn7"" posts a small blind of 0.50",2023-05-13T23:42:00.884Z,168402132088408
"Player stacks: #2 ""Nyet @ M4PvxvIGMA"" (70.96) | #5 ""Goml @ Bod7b088c-"" (198.15) | #6 ""JV @ mxbmy34bn7"" (173.87) | #7 ""daws @ xjgMoSVpRc"" (329.39) | #8 ""Dp @ YyWpODWXWx"" (76.96) | #10 ""Phil @ fjzrNiYyv8"" (361.09)",2023-05-13T23:42:00.884Z,168402132088401
"-- starting hand #315 (id: zuj3dseairzr)  (No Limit Texas Hold'em) (dealer: ""Goml @ Bod7b088c-"") --",2023-05-13T23:42:00.884Z,168402132088400
"""Dp @ YyWpODWXWx"" shows a K♣, A♦.",2023-05-13T23:41:57.417Z,168402131741700
"""Nyet @ M4PvxvIGMA"" shows a Q♣, J♣.",2023-05-13T23:41:56.119Z,168402131611900
"-- ending hand #314 --",2023-05-13T23:41:53.563Z,168402131356302
"""Dp @ YyWpODWXWx"" collected 32.00 from pot",2023-05-13T23:41:53.563Z,168402131356301
"Uncalled bet of 44.96 returned to ""Dp @ YyWpODWXWx""",2023-05-13T23:41:53.563Z,168402131356300
"""Nyet @ M4PvxvIGMA"" folds",2023-05-13T23:41:52.721Z,168402131272100
"""Phil @ fjzrNiYyv8"" folds",2023-05-13T23:41:47.311Z,168402130731100
"""Dp @ YyWpODWXWx"" raises to 58.46 and go all in",2023-05-13T23:41:46.081Z,168402130608100
"""JV @ mxbmy34bn7"" folds",2023-05-13T23:41:43.087Z,168402130308700
"""Goml @ Bod7b088c-"" folds",2023-05-13T23:41:40.227Z,168402130022700
"""Nyet @ M4PvxvIGMA"" raises to 13.50",2023-05-13T23:41:39.234Z,168402129923400
"""Phil @ fjzrNiYyv8"" calls 3.50",2023-05-13T23:41:34.545Z,168402129454500
"""Dp @ YyWpODWXWx"" raises to 3.50",2023-05-13T23:41:33.528Z,168402129352800
"""daws @ xjgMoSVpRc"" folds",2023-05-13T23:41:31.419Z,168402129141900
"""JV @ mxbmy34bn7"" posts a big blind of 1.00",2023-05-13T23:41:26.335Z,168402128633509
"""Goml @ Bod7b088c-"" posts a small blind of 0.50",2023-05-13T23:41:26.335Z,168402128633508
"Player stacks: #2 ""Nyet @ M4PvxvIGMA"" (84.46) | #5 ""Goml @ Bod7b088c-"" (198.65) | #6 ""JV @ mxbmy34bn7"" (174.87) | #7 ""daws @ xjgMoSVpRc"" (329.39) | #8 ""Dp @ YyWpODWXWx"" (58.46) | #10 ""Phil @ fjzrNiYyv8"" (364.59)",2023-05-13T23:41:26.335Z,168402128633501
"-- starting hand #314 (id: kfq4erqomsm9)  (No Limit Texas Hold'em) (dealer: ""Nyet @ M4PvxvIGMA"") --",2023-05-13T23:41:26.335Z,168402128633500
"-- ending hand #313 --",2023-05-13T23:41:23.328Z,168402128332802
"""Phil @ fjzrNiYyv8"" collected 40.00 from pot",2023-05-13T23:41:23.328Z,168402128332801
"Uncalled bet of 18.00 returned to ""Phil @ fjzrNiYyv8""",2023-05-13T23:41:23.328Z,168402128332800
"""Dp @ YyWpODWXWx"" folds",2023-05-13T23:41:22.434Z,168402128243400
"""Nyet @ M4PvxvIGMA"" folds",2023-05-13T23:41:17.689Z,168402127768900
"""Phil @ fjzrNiYyv8"" bets 18.00",2023-05-13T23:41:16.619Z,168402127661900
"""Dp @ YyWpODWXWx"" checks",2023-05-13T23:41:13.570Z,168402127357000
"""Nyet @ M4PvxvIGMA"" checks",2023-05-13T23:41:09.824Z,168402126982400
"River: 8♠, 9♣, 4♣, 5♦ [5♣]",2023-05-13T23:41:07.485Z,168402126748500
"""Dp @ YyWpODWXWx"" calls 8.00",2023-05-13T23:41:06.611Z,168402126661100
"""Nyet @ M4PvxvIGMA"" calls 8.00",2023-05-13T23:41:04.068Z,168402126406800
"""Phil @ fjzrNiYyv8"" bets 8.00",2023-05-13T23:41:02.100Z,168402126210000
"""Dp @ YyWpODWXWx"" checks",2023-05-13T23:40:59.139Z,168402125913900
"""Nyet @ M4PvxvIGMA"" checks",2023-05-13T23:40:34.060Z,168402123406000
"Turn: 8♠, 9♣, 4♣ [5♦]",2023-05-13T23:40:33.152Z,168402123315200
"""Goml @ Bod7b088c-"" folds",2023-05-13T23:40:32.305Z,168402123230500
"""Nyet @ M4PvxvIGMA"" calls 4.00",2023-05-13T23:40:30.684Z,168402123068400
"""Phil @ fjzrNiYyv8"" calls 4.00",2023-05-13T23:40:29.414Z,168402122941400
"""Dp @ YyWpODWXWx"" bets 4.00",2023-05-13T23:40:28.248Z,168402122824800
"""Goml @ Bod7b088c-"" checks",2023-05-13T23:40:25.318Z,168402122531800
"""Nyet @ M4PvxvIGMA"" checks",2023-05-13T23:40:23.831Z,168402122383100
"Flop:  [8♠, 9♣, 4♣]",2023-05-13T23:40:22.544Z,168402122254400
"""Goml @ Bod7b088c-"" checks",2023-05-13T23:40:21.719Z,168402122171900
"""Nyet @ M4PvxvIGMA"" calls 1.00",2023-05-13T23:40:20.795Z,168402122079500
"""Phil @ fjzrNiYyv8"" calls 1.00",2023-05-13T23:40:13.375Z,168402121337500
"""Dp @ YyWpODWXWx"" calls 1.00",2023-05-13T23:40:11.622Z,168402121162200
"""daws @ xjgMoSVpRc"" folds",2023-05-13T23:40:10.160Z,168402121016000
"""JV @ mxbmy34bn7"" folds",2023-05-13T23:40:09.197Z,168402120919700
"""Goml @ Bod7b088c-"" posts a big blind of 1.00",2023-05-13T23:40:06.461Z,168402120646109
"""Nyet @ M4PvxvIGMA"" posts a small blind of 0.50",2023-05-13T23:40:06.461Z,168402120646108
"Player stacks: #2 ""Nyet @ M4PvxvIGMA"" (97.46) | #5 ""Goml @ Bod7b088c-"" (199.65) | #6 ""JV @ mxbmy34bn7"" (174.87) | #7 ""daws @ xjgMoSVpRc"" (329.39) | #8 ""Dp @ YyWpODWXWx"" (71.46) | #10 ""Phil @ fjzrNiYyv8"" (337.59)",2023-05-13T23:40:06.461Z,168402120646101
"-- starting hand #313 (id: ozqayaxwaol0)  (No Limit Texas Hold'em) (dealer: ""Phil @ fjzrNiYyv8"") --",2023-05-13T23:40:06.461Z,168402120646100
"""Dp @ YyWpODWXWx"" shows a 10♣, A♥.",2023-05-13T23:40:03.323Z,168402120332300
"-- ending hand #312 --",2023-05-13T23:40:02.838Z,168402120283802
"""Goml @ Bod7b088c-"" collected 42.00 from pot",2023-05-13T23:40:02.838Z,168402120283801
"Uncalled bet of 30.50 returned to ""Goml @ Bod7b088c-""",2023-05-13T23:40:02.838Z,168402120283800
"""Dp @ YyWpODWXWx"" folds",2023-05-13T23:40:01.949Z,168402120194900
"""daws @ xjgMoSVpRc"" folds",2023-05-13T23:39:47.616Z,168402118761600
"""Goml @ Bod7b088c-"" bets 30.50",2023-05-13T23:39:46.136Z,168402118613600
"River: 3♣, 8♠, 10♥, 8♦ [2♥]",2023-05-13T23:39:42.106Z,168402118210600
"""Dp @ YyWpODWXWx"" checks",2023-05-13T23:39:41.262Z,168402118126200
"""daws @ xjgMoSVpRc"" checks",2023-05-13T23:39:38.131Z,168402117813100
"""Goml @ Bod7b088c-"" checks",2023-05-13T23:39:33.973Z,168402117397300
"Turn: 3♣, 8♠, 10♥ [8♦]",2023-05-13T23:39:32.380Z,168402117238000
"""daws @ xjgMoSVpRc"" calls 10.00",2023-05-13T23:39:31.522Z,168402117152200
"""Goml @ Bod7b088c-"" calls 10.00",2023-05-13T23:39:30.281Z,168402117028100
"""Dp @ YyWpODWXWx"" bets 10.00",2023-05-13T23:39:28.365Z,168402116836500
"""daws @ xjgMoSVpRc"" checks",2023-05-13T23:39:22.599Z,168402116259900
"""Goml @ Bod7b088c-"" checks",2023-05-13T23:39:21.207Z,168402116120700
"Flop:  [3♣, 8♠, 10♥]",2023-05-13T23:39:19.472Z,168402115947200
"""daws @ xjgMoSVpRc"" calls 3.50",2023-05-13T23:39:18.605Z,168402115860500
"""Goml @ Bod7b088c-"" calls 3.50",2023-05-13T23:39:17.655Z,168402115765500
"""Nyet @ M4PvxvIGMA"" folds",2023-05-13T23:39:15.414Z,168402115541400
"""Phil @ fjzrNiYyv8"" folds",2023-05-13T23:39:14.398Z,168402115439800
"""Dp @ YyWpODWXWx"" raises to 3.50",2023-05-13T23:39:12.510Z,168402115251000
"""daws @ xjgMoSVpRc"" calls 1.00",2023-05-13T23:39:06.591Z,168402114659100
"""JV @ mxbmy34bn7"" folds",2023-05-13T23:38:57.651Z,168402113765100
"""Goml @ Bod7b088c-"" calls 1.00",2023-05-13T23:38:41.791Z,168402112179100
"""Nyet @ M4PvxvIGMA"" posts a big blind of 1.00",2023-05-13T23:38:40.365Z,168402112036509
"""Phil @ fjzrNiYyv8"" posts a small blind of 0.50",2023-05-13T23:38:40.365Z,168402112036508
"Player stacks: #2 ""Nyet @ M4PvxvIGMA"" (98.46) | #5 ""Goml @ Bod7b088c-"" (171.15) | #6 ""JV @ mxbmy34bn7"" (174.87) | #7 ""daws @ xjgMoSVpRc"" (342.89) | #8 ""Dp @ YyWpODWXWx"" (84.96) | #10 ""Phil @ fjzrNiYyv8"" (338.09)",2023-05-13T23:38:40.365Z,168402112036501
"-- starting hand #312 (id: xd45pzdkrzvg)  (No Limit Texas Hold'em) (dealer: ""Dp @ YyWpODWXWx"") --",2023-05-13T23:38:40.365Z,168402112036500
"-- ending hand #311 --",2023-05-13T23:38:34.357Z,168402111435702
"""Dp @ YyWpODWXWx"" collected 18.00 from pot with Pair, A's (combination: A♥, A♠, K♥, Q♥, 10♥)",2023-05-13T23:38:34.357Z,168402111435701
"""Dp @ YyWpODWXWx"" shows a A♥, Q♥.",2023-05-13T23:38:34.357Z,168402111435700
"""Phil @ fjzrNiYyv8"" checks",2023-05-13T23:38:33.462Z,168402111346200
"""Dp @ YyWpODWXWx"" checks",2023-05-13T23:38:30.874Z,168402111087400
"River: A♠, 7♣, 8♦, K♥ [10♥]",2023-05-13T23:38:27.641Z,168402110764100
"""Phil @ fjzrNiYyv8"" checks",2023-05-13T23:38:26.786Z,168402110678600
"""Dp @ YyWpODWXWx"" checks",2023-05-13T23:38:25.337Z,168402110533700
"Turn: A♠, 7♣, 8♦ [K♥]",2023-05-13T23:38:23.907Z,168402110390700
"""Dp @ YyWpODWXWx"" calls 6.00",2023-05-13T23:38:23.061Z,168402110306100
"""Phil @ fjzrNiYyv8"" raises to 6.00",2023-05-13T23:38:02.038Z,168402108203800
"""Dp @ YyWpODWXWx"" bets 3.00",2023-05-13T23:37:58.831Z,168402107883100
"Flop:  [A♠, 7♣, 8♦]",2023-05-13T23:37:52.662Z,168402107266200
"""Phil @ fjzrNiYyv8"" calls 3.00",2023-05-13T23:37:51.836Z,168402107183600
"""Dp @ YyWpODWXWx"" raises to 3.00",2023-05-13T23:37:45.325Z,168402106532500
"""daws @ xjgMoSVpRc"" folds",2023-05-13T23:37:41.642Z,168402106164200
"""JV @ mxbmy34bn7"" folds",2023-05-13T23:37:25.769Z,168402104576900
"""Goml @ Bod7b088c-"" folds",2023-05-13T23:37:24.481Z,168402104448100
"""Nyet @ M4PvxvIGMA"" folds",2023-05-13T23:37:23.479Z,168402104347900
"""Phil @ fjzrNiYyv8"" posts a big blind of 1.00",2023-05-13T23:37:21.829Z,168402104182909
"""Dp @ YyWpODWXWx"" posts a small blind of 0.50",2023-05-13T23:37:21.829Z,168402104182908
"Player stacks: #2 ""Nyet @ M4PvxvIGMA"" (98.46) | #5 ""Goml @ Bod7b088c-"" (171.15) | #6 ""JV @ mxbmy34bn7"" (174.87) | #7 ""daws @ xjgMoSVpRc"" (342.89) | #8 ""Dp @ YyWpODWXWx"" (75.96) | #10 ""Phil @ fjzrNiYyv8"" (347.09)",2023-05-13T23:37:21.829Z,168402104182901
"-- starting hand #311 (id: i3ribdi813fx)  (No Limit Texas Hold'em) (dealer: ""daws @ xjgMoSVpRc"") --",2023-05-13T23:37:21.829Z,168402104182900
"-- ending hand #310 --",2023-05-13T23:37:15.872Z,168402103587202
"""Phil @ fjzrNiYyv8"" collected 7.50 from pot",2023-05-13T23:37:15.872Z,168402103587201
"Uncalled bet of 3.75 returned to ""Phil @ fjzrNiYyv8""",2023-05-13T23:37:15.872Z,168402103587200
"""Nyet @ M4PvxvIGMA"" folds",2023-05-13T23:37:15.049Z,168402103504900
"""Phil @ fjzrNiYyv8"" bets 3.75",2023-05-13T23:37:13.641Z,168402103364100
"Turn: J♣, A♠, 3♦ [J♠]",2023-05-13T23:37:11.523Z,168402103152300
"""Nyet @ M4PvxvIGMA"" checks",2023-05-13T23:37:10.709Z,168402103070900
"""Phil @ fjzrNiYyv8"" checks",2023-05-13T23:37:07.232Z,168402102723200
"Flop:  [J♣, A♠, 3♦]",2023-05-13T23:37:07.018Z,168402102701800
"""Dp @ YyWpODWXWx"" folds",2023-05-13T23:37:06.209Z,168402102620900
"""daws @ xjgMoSVpRc"" folds",2023-05-13T23:37:04.839Z,168402102483900
"""JV @ mxbmy34bn7"" folds",2023-05-13T23:36:54.925Z,168402101492500
"""Goml @ Bod7b088c-"" folds",2023-05-13T23:36:51.908Z,168402101190800
"""Nyet @ M4PvxvIGMA"" calls 3.00",2023-05-13T23:36:51.025Z,168402101102500
"""Phil @ fjzrNiYyv8"" raises to 3.00",2023-05-13T23:36:49.115Z,168402100911500
"""Dp @ YyWpODWXWx"" posts a big blind of 1.00",2023-05-13T23:36:46.796Z,168402100679609
"""daws @ xjgMoSVpRc"" posts a small blind of 0.50",2023-05-13T23:36:46.796Z,168402100679608
"Player stacks: #2 ""Nyet @ M4PvxvIGMA"" (101.46) | #5 ""Goml @ Bod7b088c-"" (171.15) | #6 ""JV @ mxbmy34bn7"" (174.87) | #7 ""daws @ xjgMoSVpRc"" (343.39) | #8 ""Dp @ YyWpODWXWx"" (76.96) | #10 ""Phil @ fjzrNiYyv8"" (342.59)",2023-05-13T23:36:46.796Z,168402100679601
"-- starting hand #310 (id: xkgi7m6k3uyo)  (No Limit Texas Hold'em) (dealer: ""JV @ mxbmy34bn7"") --",2023-05-13T23:36:46.796Z,168402100679600
"-- ending hand #309 --",2023-05-13T23:36:40.788Z,168402100078803
"""JV @ mxbmy34bn7"" shows a J♣, 6♣.",2023-05-13T23:36:40.788Z,168402100078802
"""Phil @ fjzrNiYyv8"" collected 70.00 from pot with Three of a Kind, 5's (combination: 5♦, 5♥, 5♠, A♠, 8♠)",2023-05-13T23:36:40.788Z,168402100078801
"""Phil @ fjzrNiYyv8"" shows a A♠, 5♦.",2023-05-13T23:36:40.788Z,168402100078800
"""Phil @ fjzrNiYyv8"" calls 21.00",2023-05-13T23:36:39.899Z,168402099989900
"""JV @ mxbmy34bn7"" bets 21.00",2023-05-13T23:36:38.635Z,168402099863500
"River: 4♥, 5♥, 3♦, 8♠ [5♠]",2023-05-13T23:36:27.780Z,168402098778000
"""JV @ mxbmy34bn7"" calls 7.00",2023-05-13T23:36:26.914Z,168402098691400
"""Phil @ fjzrNiYyv8"" bets 7.00",2023-05-13T23:36:22.085Z,168402098208500
"""JV @ mxbmy34bn7"" checks",2023-05-13T23:36:19.427Z,168402097942700
"Turn: 4♥, 5♥, 3♦ [8♠]",2023-05-13T23:36:18.154Z,168402097815400
"""JV @ mxbmy34bn7"" calls 3.50",2023-05-13T23:36:17.252Z,168402097725200
"""Phil @ fjzrNiYyv8"" bets 3.50",2023-05-13T23:36:11.752Z,168402097175200
"""JV @ mxbmy34bn7"" checks",2023-05-13T23:36:09.283Z,168402096928300
"Flop:  [4♥, 5♥, 3♦]",2023-05-13T23:36:07.734Z,168402096773400
"""daws @ xjgMoSVpRc"" folds",2023-05-13T23:36:06.807Z,168402096680700
"""JV @ mxbmy34bn7"" calls 3.00",2023-05-13T23:36:05.879Z,168402096587900
"""Goml @ Bod7b088c-"" folds",2023-05-13T23:36:03.242Z,168402096324200
"""Nyet @ M4PvxvIGMA"" folds",2023-05-13T23:35:57.996Z,168402095799600
"""Phil @ fjzrNiYyv8"" raises to 3.00",2023-05-13T23:35:56.921Z,168402095692100
"""Dp @ YyWpODWXWx"" folds",2023-05-13T23:35:55.023Z,168402095502300
"""daws @ xjgMoSVpRc"" posts a big blind of 1.00",2023-05-13T23:35:48.927Z,168402094892709
"""JV @ mxbmy34bn7"" posts a small blind of 0.50",2023-05-13T23:35:48.927Z,168402094892708
"Player stacks: #2 ""Nyet @ M4PvxvIGMA"" (101.46) | #5 ""Goml @ Bod7b088c-"" (171.15) | #6 ""JV @ mxbmy34bn7"" (209.37) | #7 ""daws @ xjgMoSVpRc"" (344.39) | #8 ""Dp @ YyWpODWXWx"" (76.96) | #10 ""Phil @ fjzrNiYyv8"" (307.09)",2023-05-13T23:35:48.927Z,168402094892701
"-- starting hand #309 (id: totowc8wjezb)  (No Limit Texas Hold'em) (dealer: ""Goml @ Bod7b088c-"") --",2023-05-13T23:35:48.927Z,168402094892700
"-- ending hand #308 --",2023-05-13T23:35:42.921Z,168402094292104
"""Phil @ fjzrNiYyv8"" shows a A♦, 5♦.",2023-05-13T23:35:42.921Z,168402094292103
"""JV @ mxbmy34bn7"" shows a K♠, J♥.",2023-05-13T23:35:42.921Z,168402094292102
"""Nyet @ M4PvxvIGMA"" collected 20.87 from pot with Two Pair, Q's & 4's (combination: Q♠, Q♣, 4♥, 4♣, 10♦)",2023-05-13T23:35:42.921Z,168402094292101
"""Nyet @ M4PvxvIGMA"" shows a Q♠, 8♠.",2023-05-13T23:35:42.921Z,168402094292100
"""Nyet @ M4PvxvIGMA"" checks",2023-05-13T23:35:42.107Z,168402094210700
"""Phil @ fjzrNiYyv8"" checks",2023-05-13T23:35:39.753Z,168402093975300
"""JV @ mxbmy34bn7"" checks",2023-05-13T23:35:38.881Z,168402093888100
"River: Q♣, 10♦, 4♥, 4♣ [6♦]",2023-05-13T23:35:34.509Z,168402093450900
"""Nyet @ M4PvxvIGMA"" checks",2023-05-13T23:35:33.651Z,168402093365100
"""Phil @ fjzrNiYyv8"" checks",2023-05-13T23:35:32.665Z,168402093266500
"""JV @ mxbmy34bn7"" checks",2023-05-13T23:35:31.770Z,168402093177000
"Turn: Q♣, 10♦, 4♥ [4♣]",2023-05-13T23:35:29.622Z,168402092962200
"""JV @ mxbmy34bn7"" calls 3.79",2023-05-13T23:35:28.766Z,168402092876600
"""Nyet @ M4PvxvIGMA"" calls 3.79",2023-05-13T23:35:23.285Z,168402092328500
"""Phil @ fjzrNiYyv8"" bets 3.79",2023-05-13T23:35:21.324Z,168402092132400
"""JV @ mxbmy34bn7"" checks",2023-05-13T23:35:18.247Z,168402091824700
"Flop:  [Q♣, 10♦, 4♥]",2023-05-13T23:35:16.413Z,168402091641300
"""JV @ mxbmy34bn7"" calls 3.00",2023-05-13T23:35:15.514Z,168402091551400
"""Goml @ Bod7b088c-"" folds",2023-05-13T23:35:13.275Z,168402091327500
"""Nyet @ M4PvxvIGMA"" calls 3.00",2023-05-13T23:35:12.385Z,168402091238500
"""Phil @ fjzrNiYyv8"" raises to 3.00",2023-05-13T23:35:10.879Z,168402091087900
"""Dp @ YyWpODWXWx"" folds",2023-05-13T23:35:08.275Z,168402090827500
"""daws @ xjgMoSVpRc"" folds",2023-05-13T23:35:05.916Z,168402090591600
"""JV @ mxbmy34bn7"" posts a big blind of 1.00",2023-05-13T23:35:03.996Z,168402090399609
"""Goml @ Bod7b088c-"" posts a small blind of 0.50",2023-05-13T23:35:03.996Z,168402090399608
"Player stacks: #2 ""Nyet @ M4PvxvIGMA"" (87.38) | #5 ""Goml @ Bod7b088c-"" (171.65) | #6 ""JV @ mxbmy34bn7"" (216.16) | #7 ""daws @ xjgMoSVpRc"" (344.39) | #8 ""Dp @ YyWpODWXWx"" (76.96) | #10 ""Phil @ fjzrNiYyv8"" (313.88)",2023-05-13T23:35:03.996Z,168402090399601
"-- starting hand #308 (id: etgghplzsozp)  (No Limit Texas Hold'em) (dealer: ""Nyet @ M4PvxvIGMA"") --",2023-05-13T23:35:03.996Z,168402090399600
"""Dp @ YyWpODWXWx"" shows a 4♣, 7♦.",2023-05-13T23:34:58.158Z,168402089815800
"-- ending hand #307 --",2023-05-13T23:34:57.385Z,168402089738502
"""daws @ xjgMoSVpRc"" collected 20.00 from pot with Pair, K's (combination: K♥, K♠, A♣, Q♥, J♣)",2023-05-13T23:34:57.385Z,168402089738501
"""daws @ xjgMoSVpRc"" shows a K♥, J♣.",2023-05-13T23:34:57.385Z,168402089738500
"""Phil @ fjzrNiYyv8"" checks",2023-05-13T23:34:56.510Z,168402089651000
"""daws @ xjgMoSVpRc"" checks",2023-05-13T23:34:55.660Z,168402089566000
"River: K♠, 3♣, A♣, 8♥ [Q♥]",2023-05-13T23:34:53.880Z,168402089388000
"""Phil @ fjzrNiYyv8"" checks",2023-05-13T23:34:53.064Z,168402089306400
"""daws @ xjgMoSVpRc"" checks",2023-05-13T23:34:50.447Z,168402089044700
"Turn: K♠, 3♣, A♣ [8♥]",2023-05-13T23:34:48.417Z,168402088841700
"""daws @ xjgMoSVpRc"" calls 5.00",2023-05-13T23:34:47.602Z,168402088760200
"""Phil @ fjzrNiYyv8"" bets 5.00",2023-05-13T23:34:45.680Z,168402088568000
"""daws @ xjgMoSVpRc"" checks",2023-05-13T23:34:43.452Z,168402088345200
"Flop:  [K♠, 3♣, A♣]",2023-05-13T23:34:40.376Z,168402088037600
"""daws @ xjgMoSVpRc"" calls 4.00",2023-05-13T23:34:39.556Z,168402087955600
"""Goml @ Bod7b088c-"" folds",2023-05-13T23:34:36.248Z,168402087624800
"""Nyet @ M4PvxvIGMA"" folds",2023-05-13T23:34:35.359Z,168402087535900
"""Phil @ fjzrNiYyv8"" raises to 4.00",2023-05-13T23:34:33.385Z,168402087338500
"""Dp @ YyWpODWXWx"" folds",2023-05-13T23:34:29.664Z,168402086966400
"""daws @ xjgMoSVpRc"" checks",2023-05-13T23:34:28.171Z,168402086817100
"""JV @ mxbmy34bn7"" folds",2023-05-13T23:34:26.034Z,168402086603400
"""daws @ xjgMoSVpRc"" posts a missed big blind of 1.00",2023-05-13T23:34:24.355Z,168402086435512
"""daws @ xjgMoSVpRc"" posts a missing small blind of 0.50",2023-05-13T23:34:24.355Z,168402086435511
"""Goml @ Bod7b088c-"" posts a big blind of 1.00",2023-05-13T23:34:24.355Z,168402086435510
"""Nyet @ M4PvxvIGMA"" posts a small blind of 0.50",2023-05-13T23:34:24.355Z,168402086435509
"Player stacks: #2 ""Nyet @ M4PvxvIGMA"" (87.88) | #5 ""Goml @ Bod7b088c-"" (172.65) | #6 ""JV @ mxbmy34bn7"" (216.16) | #7 ""daws @ xjgMoSVpRc"" (333.89) | #8 ""Dp @ YyWpODWXWx"" (76.96) | #10 ""Phil @ fjzrNiYyv8"" (322.88)",2023-05-13T23:34:24.355Z,168402086435502
"-- starting hand #307 (id: bgia8tchgtze)  (No Limit Texas Hold'em) (dealer: ""Phil @ fjzrNiYyv8"") --",2023-05-13T23:34:24.355Z,168402086435501
"The player ""daws @ xjgMoSVpRc"" joined the game with a stack of 333.89.",2023-05-13T23:34:24.355Z,168402086435500
"The player ""daws @ xjgMoSVpRc"" sit back with the stack of 333.89.",2023-05-13T23:34:24.027Z,168402086402700
"""Dp @ YyWpODWXWx"" shows a 7♣, 4♦.",2023-05-13T23:34:18.237Z,168402085823700
"-- ending hand #306 --",2023-05-13T23:34:17.751Z,168402085775102
"""Nyet @ M4PvxvIGMA"" collected 2.50 from pot with Two Pair, Q's & J's (combination: Q♠, Q♥, J♥, J♣, 9♦)",2023-05-13T23:34:17.751Z,168402085775101
"""Nyet @ M4PvxvIGMA"" shows a 4♣, J♥.",2023-05-13T23:34:17.751Z,168402085775100
"""Goml @ Bod7b088c-"" checks",2023-05-13T23:34:16.827Z,168402085682700
"""Nyet @ M4PvxvIGMA"" checks",2023-05-13T23:34:15.828Z,168402085582800
"River: 2♥, 9♦, Q♠, J♣ [Q♥]",2023-05-13T23:34:14.947Z,168402085494700
"""Goml @ Bod7b088c-"" checks",2023-05-13T23:34:14.018Z,168402085401800
"""Nyet @ M4PvxvIGMA"" checks",2023-05-13T23:34:12.926Z,168402085292600
"Turn: 2♥, 9♦, Q♠ [J♣]",2023-05-13T23:34:11.747Z,168402085174700
"""Goml @ Bod7b088c-"" checks",2023-05-13T23:34:10.892Z,168402085089200
"""Nyet @ M4PvxvIGMA"" checks",2023-05-13T23:34:08.257Z,168402084825700
"Flop:  [2♥, 9♦, Q♠]",2023-05-13T23:34:06.805Z,168402084680500
"""Nyet @ M4PvxvIGMA"" checks",2023-05-13T23:34:05.991Z,168402084599100
"""Phil @ fjzrNiYyv8"" folds",2023-05-13T23:34:05.037Z,168402084503700
"""Dp @ YyWpODWXWx"" folds",2023-05-13T23:34:04.176Z,168402084417600
"""JV @ mxbmy34bn7"" folds",2023-05-13T23:34:02.907Z,168402084290700
"""Goml @ Bod7b088c-"" calls 1.00",2023-05-13T23:34:01.710Z,168402084171000
"""Nyet @ M4PvxvIGMA"" posts a big blind of 1.00",2023-05-13T23:34:00.215Z,168402084021508
"""Phil @ fjzrNiYyv8"" posts a small blind of 0.50",2023-05-13T23:34:00.215Z,168402084021507
"Player stacks: #2 ""Nyet @ M4PvxvIGMA"" (86.38) | #5 ""Goml @ Bod7b088c-"" (173.65) | #6 ""JV @ mxbmy34bn7"" (216.16) | #8 ""Dp @ YyWpODWXWx"" (76.96) | #10 ""Phil @ fjzrNiYyv8"" (323.38)",2023-05-13T23:34:00.215Z,168402084021501
"-- starting hand #306 (id: mdonvzm28ram)  (No Limit Texas Hold'em) (dealer: ""Dp @ YyWpODWXWx"") --",2023-05-13T23:34:00.215Z,168402084021500
"""Dp @ YyWpODWXWx"" shows a 7♦, 2♥.",2023-05-13T23:33:54.036Z,168402083403600
"-- ending hand #305 --",2023-05-13T23:33:53.597Z,168402083359702
"""Goml @ Bod7b088c-"" collected 2.50 from pot",2023-05-13T23:33:53.597Z,168402083359701
"Uncalled bet of 1.00 returned to ""Goml @ Bod7b088c-""",2023-05-13T23:33:53.597Z,168402083359700
"""Phil @ fjzrNiYyv8"" folds",2023-05-13T23:33:52.770Z,168402083277000
"""Goml @ Bod7b088c-"" bets 1.00",2023-05-13T23:33:51.702Z,168402083170200
"""Phil @ fjzrNiYyv8"" checks",2023-05-13T23:33:50.018Z,168402083001800
"Flop:  [Q♠, 7♠, 7♣]",2023-05-13T23:33:49.078Z,168402082907800
"""Phil @ fjzrNiYyv8"" checks",2023-05-13T23:33:48.204Z,168402082820400
"""Dp @ YyWpODWXWx"" folds",2023-05-13T23:33:47.350Z,168402082735000
"""JV @ mxbmy34bn7"" folds",2023-05-13T23:33:45.794Z,168402082579400
"""Goml @ Bod7b088c-"" calls 1.00",2023-05-13T23:33:41.027Z,168402082102700
"""Nyet @ M4PvxvIGMA"" folds",2023-05-13T23:33:38.564Z,168402081856400
"""Phil @ fjzrNiYyv8"" posts a big blind of 1.00",2023-05-13T23:33:37.467Z,168402081746708
"""Dp @ YyWpODWXWx"" posts a small blind of 0.50",2023-05-13T23:33:37.467Z,168402081746707
"Player stacks: #2 ""Nyet @ M4PvxvIGMA"" (86.38) | #5 ""Goml @ Bod7b088c-"" (172.15) | #6 ""JV @ mxbmy34bn7"" (216.16) | #8 ""Dp @ YyWpODWXWx"" (77.46) | #10 ""Phil @ fjzrNiYyv8"" (324.38)",2023-05-13T23:33:37.467Z,168402081746701
"-- starting hand #305 (id: jhtqhzamkfim)  (No Limit Texas Hold'em) (dealer: ""JV @ mxbmy34bn7"") --",2023-05-13T23:33:37.467Z,168402081746700
"""Dp @ YyWpODWXWx"" shows a 2♥, 7♠.",2023-05-13T23:33:33.635Z,168402081363500
"-- ending hand #304 --",2023-05-13T23:33:30.860Z,168402081086002
"""Nyet @ M4PvxvIGMA"" collected 7.50 from pot",2023-05-13T23:33:30.860Z,168402081086001
"Uncalled bet of 6.50 returned to ""Nyet @ M4PvxvIGMA""",2023-05-13T23:33:30.860Z,168402081086000
"""Phil @ fjzrNiYyv8"" folds",2023-05-13T23:33:30.043Z,168402081004300
"""Dp @ YyWpODWXWx"" folds",2023-05-13T23:33:29.126Z,168402080912600
"""JV @ mxbmy34bn7"" folds",2023-05-13T23:33:27.591Z,168402080759100
"""Goml @ Bod7b088c-"" folds",2023-05-13T23:33:14.324Z,168402079432400
"""Nyet @ M4PvxvIGMA"" raises to 9.50",2023-05-13T23:33:10.181Z,168402079018100
"""Phil @ fjzrNiYyv8"" raises to 3.00",2023-05-13T23:33:05.024Z,168402078502400
"""Dp @ YyWpODWXWx"" posts a big blind of 1.00",2023-05-13T23:33:02.704Z,168402078270408
"""JV @ mxbmy34bn7"" posts a small blind of 0.50",2023-05-13T23:33:02.704Z,168402078270407
"Player stacks: #2 ""Nyet @ M4PvxvIGMA"" (81.88) | #5 ""Goml @ Bod7b088c-"" (172.15) | #6 ""JV @ mxbmy34bn7"" (216.66) | #8 ""Dp @ YyWpODWXWx"" (78.46) | #10 ""Phil @ fjzrNiYyv8"" (327.38)",2023-05-13T23:33:02.704Z,168402078270401
"-- starting hand #304 (id: 2zyuryagroiy)  (No Limit Texas Hold'em) (dealer: ""Goml @ Bod7b088c-"") --",2023-05-13T23:33:02.704Z,168402078270400
"""Goml @ Bod7b088c-"" shows a 9♠, 2♥.",2023-05-13T23:32:58.269Z,168402077826900
"-- ending hand #303 --",2023-05-13T23:32:56.096Z,168402077609602
"""JV @ mxbmy34bn7"" collected 1.00 from pot",2023-05-13T23:32:56.096Z,168402077609601
"Uncalled bet of 0.50 returned to ""JV @ mxbmy34bn7""",2023-05-13T23:32:56.096Z,168402077609600
"""Goml @ Bod7b088c-"" folds",2023-05-13T23:32:55.220Z,168402077522000
"""Nyet @ M4PvxvIGMA"" folds",2023-05-13T23:32:54.332Z,168402077433200
"""Phil @ fjzrNiYyv8"" folds",2023-05-13T23:32:52.963Z,168402077296300
"""Dp @ YyWpODWXWx"" folds",2023-05-13T23:32:50.293Z,168402077029300
"""JV @ mxbmy34bn7"" posts a big blind of 1.00",2023-05-13T23:32:35.232Z,168402075523208
"""Goml @ Bod7b088c-"" posts a small blind of 0.50",2023-05-13T23:32:35.232Z,168402075523207
"Player stacks: #2 ""Nyet @ M4PvxvIGMA"" (81.88) | #5 ""Goml @ Bod7b088c-"" (172.65) | #6 ""JV @ mxbmy34bn7"" (216.16) | #8 ""Dp @ YyWpODWXWx"" (78.46) | #10 ""Phil @ fjzrNiYyv8"" (327.38)",2023-05-13T23:32:35.232Z,168402075523201
"-- starting hand #303 (id: yfr7hpapdf3c)  (No Limit Texas Hold'em) (dealer: ""Nyet @ M4PvxvIGMA"") --",2023-05-13T23:32:35.232Z,168402075523200
"-- ending hand #302 --",2023-05-13T23:32:29.308Z,168402074930802
"""Goml @ Bod7b088c-"" collected 1.00 from pot",2023-05-13T23:32:29.308Z,168402074930801
"Uncalled bet of 0.50 returned to ""Goml @ Bod7b088c-""",2023-05-13T23:32:29.308Z,168402074930800
"""Nyet @ M4PvxvIGMA"" folds",2023-05-13T23:32:28.481Z,168402074848100
"""Phil @ fjzrNiYyv8"" folds",2023-05-13T23:32:27.447Z,168402074744700
"""Dp @ YyWpODWXWx"" folds",2023-05-13T23:32:26.572Z,168402074657200
"""JV @ mxbmy34bn7"" folds",2023-05-13T23:32:10.731Z,168402073073100
"""Goml @ Bod7b088c-"" posts a big blind of 1.00",2023-05-13T23:32:08.352Z,168402072835208
"""Nyet @ M4PvxvIGMA"" posts a small blind of 0.50",2023-05-13T23:32:08.352Z,168402072835207
"Player stacks: #2 ""Nyet @ M4PvxvIGMA"" (82.38) | #5 ""Goml @ Bod7b088c-"" (172.15) | #6 ""JV @ mxbmy34bn7"" (216.16) | #8 ""Dp @ YyWpODWXWx"" (78.46) | #10 ""Phil @ fjzrNiYyv8"" (327.38)",2023-05-13T23:32:08.352Z,168402072835201
"-- starting hand #302 (id: awoekvdrokgz)  (No Limit Texas Hold'em) (dealer: ""Phil @ fjzrNiYyv8"") --",2023-05-13T23:32:08.352Z,168402072835200
"-- ending hand #301 --",2023-05-13T23:32:02.346Z,168402072234602
"""Phil @ fjzrNiYyv8"" collected 26.00 from pot with Flush, Ac High (combination: A♣, Q♣, 6♣, 4♣, 2♣)",2023-05-13T23:32:02.346Z,168402072234601
"""Phil @ fjzrNiYyv8"" shows a A♣, 4♣.",2023-05-13T23:32:02.346Z,168402072234600
"""Nyet @ M4PvxvIGMA"" calls 8.00",2023-05-13T23:32:01.535Z,168402072153500
"""Phil @ fjzrNiYyv8"" bets 8.00",2023-05-13T23:32:00.466Z,168402072046600
"River: 2♣, J♥, Q♣, 6♣ [4♥]",2023-05-13T23:31:56.080Z,168402071608000
"""Nyet @ M4PvxvIGMA"" calls 2.00",2023-05-13T23:31:55.215Z,168402071521500
"""Phil @ fjzrNiYyv8"" bets 2.00",2023-05-13T23:31:54.143Z,168402071414300
"Turn: 2♣, J♥, Q♣ [6♣]",2023-05-13T23:31:50.481Z,168402071048100
"""Nyet @ M4PvxvIGMA"" checks",2023-05-13T23:31:49.669Z,168402070966900
"""Phil @ fjzrNiYyv8"" checks",2023-05-13T23:31:48.505Z,168402070850500
"Flop:  [2♣, J♥, Q♣]",2023-05-13T23:31:47.076Z,168402070707600
"""Nyet @ M4PvxvIGMA"" calls 3.00",2023-05-13T23:31:46.170Z,168402070617000
"""Phil @ fjzrNiYyv8"" raises to 3.00",2023-05-13T23:31:43.132Z,168402070313200
"""Dp @ YyWpODWXWx"" folds",2023-05-13T23:31:40.912Z,168402070091200
"""JV @ mxbmy34bn7"" folds",2023-05-13T23:31:39.926Z,168402069992600
"""Goml @ Bod7b088c-"" folds",2023-05-13T23:31:38.752Z,168402069875200
"""Nyet @ M4PvxvIGMA"" posts a big blind of 1.00",2023-05-13T23:31:33.468Z,168402069346808
"""Phil @ fjzrNiYyv8"" posts a small blind of 0.50",2023-05-13T23:31:33.468Z,168402069346807
"Player stacks: #2 ""Nyet @ M4PvxvIGMA"" (95.38) | #5 ""Goml @ Bod7b088c-"" (172.15) | #6 ""JV @ mxbmy34bn7"" (216.16) | #8 ""Dp @ YyWpODWXWx"" (78.46) | #10 ""Phil @ fjzrNiYyv8"" (314.38)",2023-05-13T23:31:33.468Z,168402069346801
"-- starting hand #301 (id: pqvs3eqlwjqt)  (No Limit Texas Hold'em) (dealer: ""Dp @ YyWpODWXWx"") --",2023-05-13T23:31:33.468Z,168402069346800
"-- ending hand #300 --",2023-05-13T23:31:27.460Z,168402068746003
"""Phil @ fjzrNiYyv8"" shows a 5♦, 7♦.",2023-05-13T23:31:27.460Z,168402068746002
"""JV @ mxbmy34bn7"" collected 10.50 from pot with Pair, 6's (combination: 6♠, 6♦, K♥, J♠, 10♠)",2023-05-13T23:31:27.460Z,168402068746001
"""JV @ mxbmy34bn7"" shows a 6♠, 10♠.",2023-05-13T23:31:27.460Z,168402068746000
"""JV @ mxbmy34bn7"" checks",2023-05-13T23:31:26.612Z,168402068661200
"""Phil @ fjzrNiYyv8"" checks",2023-05-13T23:31:24.219Z,168402068421900
"River: J♠, K♥, 5♣, 6♦ [9♦]",2023-05-13T23:31:23.260Z,168402068326000
"""Phil @ fjzrNiYyv8"" calls 2.00",2023-05-13T23:31:22.372Z,168402068237200
"""JV @ mxbmy34bn7"" bets 2.00",2023-05-13T23:31:20.683Z,168402068068300
"""Phil @ fjzrNiYyv8"" checks",2023-05-13T23:31:17.162Z,168402067716200
"Turn: J♠, K♥, 5♣ [6♦]",2023-05-13T23:31:16.307Z,168402067630700
"""JV @ mxbmy34bn7"" checks",2023-05-13T23:31:15.457Z,168402067545700
"""Phil @ fjzrNiYyv8"" checks",2023-05-13T23:31:12.909Z,168402067290900
"Flop:  [J♠, K♥, 5♣]",2023-05-13T23:31:10.781Z,168402067078100
"""Phil @ fjzrNiYyv8"" calls 3.00",2023-05-13T23:31:09.935Z,168402066993500
"""Dp @ YyWpODWXWx"" folds",2023-05-13T23:31:09.079Z,168402066907900
"""JV @ mxbmy34bn7"" raises to 3.00",2023-05-13T23:31:04.230Z,168402066423000
"""Goml @ Bod7b088c-"" folds",2023-05-13T23:31:00.405Z,168402066040500
"""Nyet @ M4PvxvIGMA"" folds",2023-05-13T23:30:59.506Z,168402065950600
"""Phil @ fjzrNiYyv8"" posts a big blind of 1.00",2023-05-13T23:30:51.879Z,168402065187909
"""Dp @ YyWpODWXWx"" posts a small blind of 0.50",2023-05-13T23:30:51.879Z,168402065187908
"Player stacks: #2 ""Nyet @ M4PvxvIGMA"" (95.38) | #5 ""Goml @ Bod7b088c-"" (172.15) | #6 ""JV @ mxbmy34bn7"" (210.66) | #8 ""Dp @ YyWpODWXWx"" (78.96) | #10 ""Phil @ fjzrNiYyv8"" (319.38)",2023-05-13T23:30:51.879Z,168402065187902
"-- starting hand #300 (id: ubstu5oy6yrv)  (No Limit Texas Hold'em) (dead button) --",2023-05-13T23:30:51.879Z,168402065187901
"The player ""daws @ xjgMoSVpRc"" stand up with the stack of 333.89.",2023-05-13T23:30:51.879Z,168402065187900
"-- ending hand #299 --",2023-05-13T23:30:45.869Z,168402064586903
"""Dp @ YyWpODWXWx"" shows a 10♦, 9♠.",2023-05-13T23:30:45.869Z,168402064586902
"""Phil @ fjzrNiYyv8"" collected 12.08 from pot with Two Pair, Q's & 3's (combination: Q♦, Q♥, 3♠, 3♥, K♥)",2023-05-13T23:30:45.869Z,168402064586901
"""Phil @ fjzrNiYyv8"" shows a Q♦, Q♥.",2023-05-13T23:30:45.869Z,168402064586900
"""Phil @ fjzrNiYyv8"" checks",2023-05-13T23:30:45.063Z,168402064506300
"""Dp @ YyWpODWXWx"" checks",2023-05-13T23:30:44.187Z,168402064418700
"River: K♥, 10♣, 3♠, J♠ [3♥]",2023-05-13T23:30:39.658Z,168402063965800
"""Phil @ fjzrNiYyv8"" checks",2023-05-13T23:30:38.848Z,168402063884800
"""Dp @ YyWpODWXWx"" checks",2023-05-13T23:30:37.931Z,168402063793100
"Turn: K♥, 10♣, 3♠ [J♠]",2023-05-13T23:30:36.812Z,168402063681200
"""Dp @ YyWpODWXWx"" calls 2.79",2023-05-13T23:30:35.954Z,168402063595400
"""Phil @ fjzrNiYyv8"" bets 2.79",2023-05-13T23:30:25.283Z,168402062528300
"""Dp @ YyWpODWXWx"" checks",2023-05-13T23:30:22.648Z,168402062264800
"Flop:  [K♥, 10♣, 3♠]",2023-05-13T23:30:20.875Z,168402062087500
"""Dp @ YyWpODWXWx"" calls 3.00",2023-05-13T23:30:20.063Z,168402062006300
"""daws @ xjgMoSVpRc"" folds",2023-05-13T23:30:18.792Z,168402061879200
"""JV @ mxbmy34bn7"" folds",2023-05-13T23:30:17.922Z,168402061792200
"""Goml @ Bod7b088c-"" folds",2023-05-13T23:30:16.947Z,168402061694700
"""Nyet @ M4PvxvIGMA"" folds",2023-05-13T23:30:16.060Z,168402061606000
"""Phil @ fjzrNiYyv8"" raises to 3.00",2023-05-13T23:29:55.457Z,168402059545700
"""Dp @ YyWpODWXWx"" posts a big blind of 1.00",2023-05-13T23:29:52.553Z,168402059255309
"""daws @ xjgMoSVpRc"" posts a small blind of 0.50",2023-05-13T23:29:52.553Z,168402059255308
"Player stacks: #2 ""Nyet @ M4PvxvIGMA"" (95.38) | #5 ""Goml @ Bod7b088c-"" (172.15) | #6 ""JV @ mxbmy34bn7"" (210.66) | #7 ""daws @ xjgMoSVpRc"" (334.39) | #8 ""Dp @ YyWpODWXWx"" (84.75) | #10 ""Phil @ fjzrNiYyv8"" (313.09)",2023-05-13T23:29:52.553Z,168402059255301
"-- starting hand #299 (id: mnkcizjyemdy)  (No Limit Texas Hold'em) (dealer: ""JV @ mxbmy34bn7"") --",2023-05-13T23:29:52.553Z,168402059255300
"-- ending hand #298 --",2023-05-13T23:29:46.546Z,168402058654602
"""Phil @ fjzrNiYyv8"" collected 2.50 from pot",2023-05-13T23:29:46.546Z,168402058654601
"Uncalled bet of 2.00 returned to ""Phil @ fjzrNiYyv8""",2023-05-13T23:29:46.546Z,168402058654600
"""daws @ xjgMoSVpRc"" folds",2023-05-13T23:29:45.629Z,168402058562900
"""JV @ mxbmy34bn7"" folds",2023-05-13T23:29:29.782Z,168402056978200
"""Goml @ Bod7b088c-"" folds",2023-05-13T23:29:19.971Z,168402055997100
"""Nyet @ M4PvxvIGMA"" folds",2023-05-13T23:29:19.034Z,168402055903400
"""Phil @ fjzrNiYyv8"" raises to 3.00",2023-05-13T23:29:18.097Z,168402055809700
"""Dp @ YyWpODWXWx"" folds",2023-05-13T23:29:15.454Z,168402055545400
"""daws @ xjgMoSVpRc"" posts a big blind of 1.00",2023-05-13T23:29:14.288Z,168402055428809
"""JV @ mxbmy34bn7"" posts a small blind of 0.50",2023-05-13T23:29:14.288Z,168402055428808
"Player stacks: #2 ""Nyet @ M4PvxvIGMA"" (95.38) | #5 ""Goml @ Bod7b088c-"" (172.15) | #6 ""JV @ mxbmy34bn7"" (211.16) | #7 ""daws @ xjgMoSVpRc"" (335.39) | #8 ""Dp @ YyWpODWXWx"" (84.75) | #10 ""Phil @ fjzrNiYyv8"" (311.59)",2023-05-13T23:29:14.288Z,168402055428801
"-- starting hand #298 (id: 6as71phkqbmr)  (No Limit Texas Hold'em) (dealer: ""Goml @ Bod7b088c-"") --",2023-05-13T23:29:14.288Z,168402055428800
"-- ending hand #297 --",2023-05-13T23:29:08.265Z,168402054826502
"""JV @ mxbmy34bn7"" collected 1.00 from pot",2023-05-13T23:29:08.265Z,168402054826501
"Uncalled bet of 0.50 returned to ""JV @ mxbmy34bn7""",2023-05-13T23:29:08.265Z,168402054826500
"""Goml @ Bod7b088c-"" folds",2023-05-13T23:29:07.403Z,168402054740300
"""Nyet @ M4PvxvIGMA"" folds",2023-05-13T23:29:06.492Z,168402054649200
"""Phil @ fjzrNiYyv8"" folds",2023-05-13T23:29:05.502Z,168402054550200
"""Dp @ YyWpODWXWx"" folds",2023-05-13T23:29:04.641Z,168402054464100
"""daws @ xjgMoSVpRc"" folds",2023-05-13T23:29:03.246Z,168402054324600
"""JV @ mxbmy34bn7"" posts a big blind of 1.00",2023-05-13T23:29:01.549Z,168402054154910
"""Goml @ Bod7b088c-"" posts a small blind of 0.50",2023-05-13T23:29:01.549Z,168402054154909
"Player stacks: #2 ""Nyet @ M4PvxvIGMA"" (95.38) | #5 ""Goml @ Bod7b088c-"" (172.65) | #6 ""JV @ mxbmy34bn7"" (210.66) | #7 ""daws @ xjgMoSVpRc"" (335.39) | #8 ""Dp @ YyWpODWXWx"" (84.75) | #10 ""Phil @ fjzrNiYyv8"" (311.59)",2023-05-13T23:29:01.549Z,168402054154902
"-- starting hand #297 (id: kpkyubcha1qx)  (No Limit Texas Hold'em) (dealer: ""Nyet @ M4PvxvIGMA"") --",2023-05-13T23:29:01.549Z,168402054154901
"The player ""Mamo @ abVmUlEwy_"" quits the game with a stack of 183.49.",2023-05-13T23:29:01.549Z,168402054154900
"-- ending hand #296 --",2023-05-13T23:28:55.645Z,168402053564502
"""Dp @ YyWpODWXWx"" collected 26.00 from pot",2023-05-13T23:28:55.645Z,168402053564501
"Uncalled bet of 26.00 returned to ""Dp @ YyWpODWXWx""",2023-05-13T23:28:55.645Z,168402053564500
"""Nyet @ M4PvxvIGMA"" folds",2023-05-13T23:28:54.762Z,168402053476200
"""Dp @ YyWpODWXWx"" bets 26.00",2023-05-13T23:28:46.329Z,168402052632900
"""Nyet @ M4PvxvIGMA"" checks",2023-05-13T23:28:42.346Z,168402052234600
"Turn: K♠, 9♦, 7♠ [Q♠]",2023-05-13T23:28:40.713Z,168402052071300
"""Dp @ YyWpODWXWx"" calls 6.50",2023-05-13T23:28:39.896Z,168402051989600
"""Nyet @ M4PvxvIGMA"" bets 6.50",2023-05-13T23:28:37.687Z,168402051768700
"Flop:  [K♠, 9♦, 7♠]",2023-05-13T23:28:34.908Z,168402051490800
"""Dp @ YyWpODWXWx"" calls 6.00",2023-05-13T23:28:34.074Z,168402051407400
"""Goml @ Bod7b088c-"" folds",2023-05-13T23:28:25.786Z,168402050578600
"""Nyet @ M4PvxvIGMA"" raises to 6.00",2023-05-13T23:28:24.450Z,168402050445000
"""Mamo @ abVmUlEwy_"" folds",2023-05-13T23:28:19.662Z,168402049966200
"""Phil @ fjzrNiYyv8"" folds",2023-05-13T23:28:18.854Z,168402049885400
"""Dp @ YyWpODWXWx"" calls 1.00",2023-05-13T23:28:17.997Z,168402049799700
"""daws @ xjgMoSVpRc"" folds",2023-05-13T23:28:07.531Z,168402048753100
"""JV @ mxbmy34bn7"" folds",2023-05-13T23:28:03.093Z,168402048309300
"""Goml @ Bod7b088c-"" posts a big blind of 1.00",2023-05-13T23:27:48.063Z,168402046806310
"""Nyet @ M4PvxvIGMA"" posts a small blind of 0.50",2023-05-13T23:27:48.063Z,168402046806309
"Player stacks: #1 ""Mamo @ abVmUlEwy_"" (183.49) | #2 ""Nyet @ M4PvxvIGMA"" (107.88) | #5 ""Goml @ Bod7b088c-"" (173.65) | #6 ""JV @ mxbmy34bn7"" (210.66) | #7 ""daws @ xjgMoSVpRc"" (335.39) | #8 ""Dp @ YyWpODWXWx"" (71.25) | #10 ""Phil @ fjzrNiYyv8"" (311.59)",2023-05-13T23:27:48.063Z,168402046806301
"-- starting hand #296 (id: xjetxwevuypp)  (No Limit Texas Hold'em) (dealer: ""Mamo @ abVmUlEwy_"") --",2023-05-13T23:27:48.063Z,168402046806300
"""daws @ xjgMoSVpRc"" shows a K♥, 9♥.",2023-05-13T23:27:42.444Z,168402046244400
"-- ending hand #295 --",2023-05-13T23:27:41.459Z,168402046145902
"""daws @ xjgMoSVpRc"" collected 3.50 from pot",2023-05-13T23:27:41.459Z,168402046145901
"Uncalled bet of 29.00 returned to ""daws @ xjgMoSVpRc""",2023-05-13T23:27:41.459Z,168402046145900
"""Goml @ Bod7b088c-"" folds",2023-05-13T23:27:40.616Z,168402046061600
"""Nyet @ M4PvxvIGMA"" folds",2023-05-13T23:27:39.705Z,168402045970500
"""Mamo @ abVmUlEwy_"" folds",2023-05-13T23:27:38.636Z,168402045863600
"""Phil @ fjzrNiYyv8"" folds",2023-05-13T23:27:37.575Z,168402045757500
"""Dp @ YyWpODWXWx"" folds",2023-05-13T23:27:36.657Z,168402045665700
"""daws @ xjgMoSVpRc"" raises to 30.00",2023-05-13T23:27:34.973Z,168402045497300
"""JV @ mxbmy34bn7"" folds",2023-05-13T23:27:24.421Z,168402044442100
"""Goml @ Bod7b088c-"" calls 1.00",2023-05-13T23:27:08.558Z,168402042855800
"""Nyet @ M4PvxvIGMA"" posts a big blind of 1.00",2023-05-13T23:27:01.072Z,168402042107210
"""Mamo @ abVmUlEwy_"" posts a small blind of 0.50",2023-05-13T23:27:01.072Z,168402042107209
"Player stacks: #1 ""Mamo @ abVmUlEwy_"" (183.99) | #2 ""Nyet @ M4PvxvIGMA"" (108.88) | #5 ""Goml @ Bod7b088c-"" (174.65) | #6 ""JV @ mxbmy34bn7"" (210.66) | #7 ""daws @ xjgMoSVpRc"" (332.89) | #8 ""Dp @ YyWpODWXWx"" (71.25) | #10 ""Phil @ fjzrNiYyv8"" (311.59)",2023-05-13T23:27:01.072Z,168402042107201
"-- starting hand #295 (id: 1tssjogbsfoq)  (No Limit Texas Hold'em) (dealer: ""Phil @ fjzrNiYyv8"") --",2023-05-13T23:27:01.072Z,168402042107200
"-- ending hand #294 --",2023-05-13T23:26:54.973Z,168402041497302
"""Dp @ YyWpODWXWx"" collected 27.00 from pot with Two Pair, A's & 7's (combination: A♥, A♣, 7♠, 7♦, Q♥)",2023-05-13T23:26:54.973Z,168402041497301
"""Dp @ YyWpODWXWx"" shows a A♥, 9♥.",2023-05-13T23:26:54.973Z,168402041497300
"""Mamo @ abVmUlEwy_"" calls 6.75",2023-05-13T23:26:54.139Z,168402041413900
"""Dp @ YyWpODWXWx"" bets 6.75",2023-05-13T23:26:50.156Z,168402041015600
"""Mamo @ abVmUlEwy_"" checks",2023-05-13T23:26:45.573Z,168402040557300
"River: Q♥, 7♠, A♣, 7♦ [2♦]",2023-05-13T23:26:41.225Z,168402040122500
"""Dp @ YyWpODWXWx"" calls 3.00",2023-05-13T23:26:40.384Z,168402040038400
"""Mamo @ abVmUlEwy_"" bets 3.00",2023-05-13T23:26:36.816Z,168402039681600
"Turn: Q♥, 7♠, A♣ [7♦]",2023-05-13T23:26:32.672Z,168402039267200
"""Dp @ YyWpODWXWx"" checks",2023-05-13T23:26:31.846Z,168402039184600
"""Mamo @ abVmUlEwy_"" checks",2023-05-13T23:26:30.095Z,168402039009500
"Flop:  [Q♥, 7♠, A♣]",2023-05-13T23:26:28.534Z,168402038853400
"""Mamo @ abVmUlEwy_"" calls 3.50",2023-05-13T23:26:27.702Z,168402038770200
"""Phil @ fjzrNiYyv8"" folds",2023-05-13T23:26:26.277Z,168402038627700
"""Dp @ YyWpODWXWx"" raises to 3.50",2023-05-13T23:26:23.307Z,168402038330700
"""daws @ xjgMoSVpRc"" folds",2023-05-13T23:26:20.981Z,168402038098100
"""JV @ mxbmy34bn7"" folds",2023-05-13T23:26:20.010Z,168402038001000
"""Goml @ Bod7b088c-"" folds",2023-05-13T23:26:04.158Z,168402036415800
"""Nyet @ M4PvxvIGMA"" folds",2023-05-13T23:26:02.083Z,168402036208300
"""Mamo @ abVmUlEwy_"" posts a big blind of 1.00",2023-05-13T23:26:00.969Z,168402036096910
"""Phil @ fjzrNiYyv8"" posts a small blind of 0.50",2023-05-13T23:26:00.969Z,168402036096909
"Player stacks: #1 ""Mamo @ abVmUlEwy_"" (197.24) | #2 ""Nyet @ M4PvxvIGMA"" (108.88) | #5 ""Goml @ Bod7b088c-"" (174.65) | #6 ""JV @ mxbmy34bn7"" (210.66) | #7 ""daws @ xjgMoSVpRc"" (332.89) | #8 ""Dp @ YyWpODWXWx"" (57.50) | #10 ""Phil @ fjzrNiYyv8"" (312.09)",2023-05-13T23:26:00.969Z,168402036096901
"-- starting hand #294 (id: epqlqtbn2ici)  (No Limit Texas Hold'em) (dealer: ""Dp @ YyWpODWXWx"") --",2023-05-13T23:26:00.969Z,168402036096900
"-- ending hand #293 --",2023-05-13T23:25:54.962Z,168402035496203
"""Goml @ Bod7b088c-"" shows a J♥, 10♣.",2023-05-13T23:25:54.962Z,168402035496202
"""JV @ mxbmy34bn7"" collected 18.00 from pot with Pair, K's (combination: K♦, K♠, Q♦, J♠, 8♣)",2023-05-13T23:25:54.962Z,168402035496201
"""JV @ mxbmy34bn7"" shows a 6♦, K♦.",2023-05-13T23:25:54.962Z,168402035496200
"""JV @ mxbmy34bn7"" checks",2023-05-13T23:25:54.111Z,168402035411100
"""Goml @ Bod7b088c-"" checks",2023-05-13T23:25:51.426Z,168402035142600
"River: 2♦, Q♦, K♠, 8♣ [J♠]",2023-05-13T23:25:50.162Z,168402035016200
"""Goml @ Bod7b088c-"" calls 4.50",2023-05-13T23:25:49.346Z,168402034934600
"""JV @ mxbmy34bn7"" bets 4.50",2023-05-13T23:25:45.669Z,168402034566900
"""Goml @ Bod7b088c-"" checks",2023-05-13T23:25:36.631Z,168402033663100
"Turn: 2♦, Q♦, K♠ [8♣]",2023-05-13T23:25:34.837Z,168402033483700
"""Phil @ fjzrNiYyv8"" folds",2023-05-13T23:25:33.962Z,168402033396200
"""daws @ xjgMoSVpRc"" folds",2023-05-13T23:25:33.079Z,168402033307900
"""JV @ mxbmy34bn7"" calls 2.25",2023-05-13T23:25:29.059Z,168402032905900
"""Goml @ Bod7b088c-"" bets 2.25",2023-05-13T23:25:24.378Z,168402032437800
"""Phil @ fjzrNiYyv8"" checks",2023-05-13T23:25:18.172Z,168402031817200
"Flop:  [2♦, Q♦, K♠]",2023-05-13T23:25:13.809Z,168402031380900
"""Phil @ fjzrNiYyv8"" checks",2023-05-13T23:25:12.950Z,168402031295000
"""Dp @ YyWpODWXWx"" folds",2023-05-13T23:25:12.030Z,168402031203000
"""daws @ xjgMoSVpRc"" calls 1.00",2023-05-13T23:25:11.033Z,168402031103300
"""JV @ mxbmy34bn7"" calls 1.00",2023-05-13T23:24:59.117Z,168402029911700
"""Goml @ Bod7b088c-"" calls 1.00",2023-05-13T23:24:56.677Z,168402029667700
"""Nyet @ M4PvxvIGMA"" folds",2023-05-13T23:24:49.419Z,168402028941900
"""Mamo @ abVmUlEwy_"" folds",2023-05-13T23:24:48.332Z,168402028833200
"""Phil @ fjzrNiYyv8"" posts a big blind of 1.00",2023-05-13T23:24:46.155Z,168402028615510
"""Dp @ YyWpODWXWx"" posts a small blind of 0.50",2023-05-13T23:24:46.155Z,168402028615509
"Player stacks: #1 ""Mamo @ abVmUlEwy_"" (197.24) | #2 ""Nyet @ M4PvxvIGMA"" (108.88) | #5 ""Goml @ Bod7b088c-"" (182.40) | #6 ""JV @ mxbmy34bn7"" (200.41) | #7 ""daws @ xjgMoSVpRc"" (333.89) | #8 ""Dp @ YyWpODWXWx"" (58.00) | #10 ""Phil @ fjzrNiYyv8"" (313.09)",2023-05-13T23:24:46.155Z,168402028615501
"-- starting hand #293 (id: vwom5hga0tpg)  (No Limit Texas Hold'em) (dealer: ""daws @ xjgMoSVpRc"") --",2023-05-13T23:24:46.155Z,168402028615500
"-- ending hand #292 --",2023-05-13T23:24:40.145Z,168402028014504
"""JV @ mxbmy34bn7"" collected 53.00 from pot with Two Pair, K's & J's (combination: K♦, K♥, J♠, J♣, A♠)",2023-05-13T23:24:40.145Z,168402028014503
"""JV @ mxbmy34bn7"" shows a A♠, J♠.",2023-05-13T23:24:40.145Z,168402028014502
"""Goml @ Bod7b088c-"" collected 53.00 from pot with Two Pair, K's & J's (combination: K♦, K♥, J♦, J♣, A♥)",2023-05-13T23:24:40.145Z,168402028014501
"""Goml @ Bod7b088c-"" shows a A♥, J♦.",2023-05-13T23:24:40.145Z,168402028014500
"""Goml @ Bod7b088c-"" calls 26.50",2023-05-13T23:24:39.325Z,168402027932500
"""JV @ mxbmy34bn7"" bets 26.50",2023-05-13T23:24:37.398Z,168402027739800
"""Goml @ Bod7b088c-"" checks",2023-05-13T23:24:27.394Z,168402026739400
"River: K♦, K♥, 5♣, J♣ [6♥]",2023-05-13T23:24:24.656Z,168402026465600
"""JV @ mxbmy34bn7"" calls 12.25",2023-05-13T23:24:23.768Z,168402026376800
"""Goml @ Bod7b088c-"" bets 12.25",2023-05-13T23:24:17.293Z,168402025729300
"Turn: K♦, K♥, 5♣ [J♣]",2023-05-13T23:24:11.915Z,168402025191500
"""JV @ mxbmy34bn7"" checks",2023-05-13T23:24:11.060Z,168402025106000
"""Goml @ Bod7b088c-"" checks",2023-05-13T23:24:06.224Z,168402024622400
"Flop:  [K♦, K♥, 5♣]",2023-05-13T23:24:04.693Z,168402024469300
"""Goml @ Bod7b088c-"" calls 13.50",2023-05-13T23:24:03.857Z,168402024385700
"""Dp @ YyWpODWXWx"" folds",2023-05-13T23:24:02.512Z,168402024251200
"""daws @ xjgMoSVpRc"" folds",2023-05-13T23:24:00.595Z,168402024059500
"""JV @ mxbmy34bn7"" raises to 13.50",2023-05-13T23:23:59.677Z,168402023967700
"""Goml @ Bod7b088c-"" raises to 4.00",2023-05-13T23:23:52.671Z,168402023267100
"""Nyet @ M4PvxvIGMA"" folds",2023-05-13T23:23:49.585Z,168402022958500
"""Mamo @ abVmUlEwy_"" folds",2023-05-13T23:23:48.356Z,168402022835600
"""Phil @ fjzrNiYyv8"" folds",2023-05-13T23:23:47.405Z,168402022740500
"""Dp @ YyWpODWXWx"" posts a big blind of 1.00",2023-05-13T23:23:45.609Z,168402022560910
"""daws @ xjgMoSVpRc"" posts a small blind of 0.50",2023-05-13T23:23:45.609Z,168402022560909
"Player stacks: #1 ""Mamo @ abVmUlEwy_"" (197.24) | #2 ""Nyet @ M4PvxvIGMA"" (108.88) | #5 ""Goml @ Bod7b088c-"" (181.65) | #6 ""JV @ mxbmy34bn7"" (199.66) | #7 ""daws @ xjgMoSVpRc"" (334.39) | #8 ""Dp @ YyWpODWXWx"" (59.00) | #10 ""Phil @ fjzrNiYyv8"" (313.09)",2023-05-13T23:23:45.609Z,168402022560901
"-- starting hand #292 (id: ykfrabgrezfl)  (No Limit Texas Hold'em) (dealer: ""JV @ mxbmy34bn7"") --",2023-05-13T23:23:45.609Z,168402022560900
"-- ending hand #291 --",2023-05-13T23:23:42.665Z,168402022266502
"""daws @ xjgMoSVpRc"" collected 1.00 from pot",2023-05-13T23:23:42.665Z,168402022266501
"Uncalled bet of 0.50 returned to ""daws @ xjgMoSVpRc""",2023-05-13T23:23:42.665Z,168402022266500
"""JV @ mxbmy34bn7"" folds",2023-05-13T23:23:41.859Z,168402022185900
"""Goml @ Bod7b088c-"" folds",2023-05-13T23:23:35.735Z,168402021573500
"""Nyet @ M4PvxvIGMA"" folds",2023-05-13T23:23:34.855Z,168402021485500
"""Mamo @ abVmUlEwy_"" folds",2023-05-13T23:23:33.818Z,168402021381800
"""Phil @ fjzrNiYyv8"" folds",2023-05-13T23:23:32.889Z,168402021288900
"""Dp @ YyWpODWXWx"" folds",2023-05-13T23:23:31.306Z,168402021130600
"""daws @ xjgMoSVpRc"" posts a big blind of 1.00",2023-05-13T23:23:30.050Z,168402021005011
"""JV @ mxbmy34bn7"" posts a small blind of 0.50",2023-05-13T23:23:30.050Z,168402021005010
"Player stacks: #1 ""Mamo @ abVmUlEwy_"" (197.24) | #2 ""Nyet @ M4PvxvIGMA"" (108.88) | #5 ""Goml @ Bod7b088c-"" (181.65) | #6 ""JV @ mxbmy34bn7"" (200.16) | #7 ""daws @ xjgMoSVpRc"" (333.89) | #8 ""Dp @ YyWpODWXWx"" (59.00) | #10 ""Phil @ fjzrNiYyv8"" (313.09)",2023-05-13T23:23:30.050Z,168402021005002
"-- starting hand #291 (id: xzokqdnyobge)  (No Limit Texas Hold'em) (dealer: ""Goml @ Bod7b088c-"") --",2023-05-13T23:23:30.050Z,168402021005001
"The player ""Rik @ wAgo7xgxkb"" stand up with the stack of 828.89.",2023-05-13T23:23:30.050Z,168402021005000
"-- ending hand #290 --",2023-05-13T23:23:24.043Z,168402020404302
"""daws @ xjgMoSVpRc"" collected 32.50 from pot with Pair, 10's (combination: 10♦, 10♣, K♠, Q♣, 9♦)",2023-05-13T23:23:24.043Z,168402020404301
"""daws @ xjgMoSVpRc"" shows a K♠, 10♦.",2023-05-13T23:23:24.043Z,168402020404300
"""Mamo @ abVmUlEwy_"" checks",2023-05-13T23:23:23.210Z,168402020321000
"""daws @ xjgMoSVpRc"" checks",2023-05-13T23:23:21.645Z,168402020164500
"River: 9♦, 7♥, Q♣, 10♣ [2♥]",2023-05-13T23:23:18.986Z,168402019898600
"""daws @ xjgMoSVpRc"" calls 8.00",2023-05-13T23:23:18.098Z,168402019809800
"""Rik @ wAgo7xgxkb"" folds",2023-05-13T23:23:16.254Z,168402019625400
"""Mamo @ abVmUlEwy_"" bets 8.00",2023-05-13T23:23:13.460Z,168402019346000
"""daws @ xjgMoSVpRc"" checks",2023-05-13T23:23:06.654Z,168402018665400
"Turn: 9♦, 7♥, Q♣ [10♣]",2023-05-13T23:23:03.867Z,168402018386700
"""Rik @ wAgo7xgxkb"" checks",2023-05-13T23:23:03.027Z,168402018302700
"""Mamo @ abVmUlEwy_"" checks",2023-05-13T23:22:55.672Z,168402017567200
"""daws @ xjgMoSVpRc"" checks",2023-05-13T23:22:45.701Z,168402016570100
"Flop:  [9♦, 7♥, Q♣]",2023-05-13T23:22:41.393Z,168402016139300
"""Mamo @ abVmUlEwy_"" calls 5.00",2023-05-13T23:22:40.533Z,168402016053300
"""daws @ xjgMoSVpRc"" calls 5.00",2023-05-13T23:22:37.895Z,168402015789500
"""JV @ mxbmy34bn7"" folds",2023-05-13T23:22:23.620Z,168402014362000
"""Goml @ Bod7b088c-"" folds",2023-05-13T23:22:22.109Z,168402014210900
"""Rik @ wAgo7xgxkb"" raises to 5.00",2023-05-13T23:22:21.206Z,168402014120600
"""Nyet @ M4PvxvIGMA"" folds",2023-05-13T23:22:16.743Z,168402013674300
"""Mamo @ abVmUlEwy_"" calls 1.00",2023-05-13T23:22:15.796Z,168402013579600
"""Phil @ fjzrNiYyv8"" folds",2023-05-13T23:22:14.534Z,168402013453400
"""Dp @ YyWpODWXWx"" folds",2023-05-13T23:22:13.642Z,168402013364200
"""daws @ xjgMoSVpRc"" calls 1.00",2023-05-13T23:22:12.246Z,168402013224600
"""JV @ mxbmy34bn7"" posts a big blind of 1.00",2023-05-13T23:22:07.553Z,168402012755311
"""Goml @ Bod7b088c-"" posts a small blind of 0.50",2023-05-13T23:22:07.553Z,168402012755310
"Player stacks: #1 ""Mamo @ abVmUlEwy_"" (210.24) | #2 ""Nyet @ M4PvxvIGMA"" (108.88) | #4 ""Rik @ wAgo7xgxkb"" (833.89) | #5 ""Goml @ Bod7b088c-"" (182.15) | #6 ""JV @ mxbmy34bn7"" (201.16) | #7 ""daws @ xjgMoSVpRc"" (314.39) | #8 ""Dp @ YyWpODWXWx"" (59.00) | #10 ""Phil @ fjzrNiYyv8"" (313.09)",2023-05-13T23:22:07.553Z,168402012755301
"-- starting hand #290 (id: 4gu8t52fwzsp)  (No Limit Texas Hold'em) (dealer: ""Rik @ wAgo7xgxkb"") --",2023-05-13T23:22:07.553Z,168402012755300
"-- ending hand #289 --",2023-05-13T23:22:01.625Z,168402012162502
"""Mamo @ abVmUlEwy_"" collected 32.50 from pot",2023-05-13T23:22:01.625Z,168402012162501
"Uncalled bet of 18.25 returned to ""Mamo @ abVmUlEwy_""",2023-05-13T23:22:01.625Z,168402012162500
"""Dp @ YyWpODWXWx"" folds",2023-05-13T23:22:00.817Z,168402012081700
"""Mamo @ abVmUlEwy_"" bets 18.25",2023-05-13T23:21:42.345Z,168402010234500
"""Dp @ YyWpODWXWx"" checks",2023-05-13T23:21:37.496Z,168402009749600
"Turn: 5♣, 8♦, 3♥ [3♠]",2023-05-13T23:21:35.915Z,168402009591500
"""Dp @ YyWpODWXWx"" calls 12.00",2023-05-13T23:21:35.106Z,168402009510600
"""Mamo @ abVmUlEwy_"" raises to 12.00",2023-05-13T23:21:27.160Z,168402008716000
"""Dp @ YyWpODWXWx"" bets 4.25",2023-05-13T23:21:19.849Z,168402007984900
"Flop:  [5♣, 8♦, 3♥]",2023-05-13T23:21:14.494Z,168402007449400
"""Goml @ Bod7b088c-"" folds",2023-05-13T23:21:13.619Z,168402007361900
"""Rik @ wAgo7xgxkb"" folds",2023-05-13T23:21:12.594Z,168402007259400
"""Nyet @ M4PvxvIGMA"" folds",2023-05-13T23:21:10.933Z,168402007093300
"""Mamo @ abVmUlEwy_"" calls 3.50",2023-05-13T23:21:05.033Z,168402006503300
"""Phil @ fjzrNiYyv8"" folds",2023-05-13T23:20:57.977Z,168402005797700
"""Dp @ YyWpODWXWx"" raises to 3.50",2023-05-13T23:20:57.089Z,168402005708900
"""daws @ xjgMoSVpRc"" folds",2023-05-13T23:20:52.947Z,168402005294700
"""JV @ mxbmy34bn7"" folds",2023-05-13T23:20:51.964Z,168402005196400
"""Goml @ Bod7b088c-"" posts a big blind of 1.00",2023-05-13T23:20:42.855Z,168402004285511
"""Rik @ wAgo7xgxkb"" posts a small blind of 0.50",2023-05-13T23:20:42.855Z,168402004285510
"Player stacks: #1 ""Mamo @ abVmUlEwy_"" (193.24) | #2 ""Nyet @ M4PvxvIGMA"" (108.88) | #4 ""Rik @ wAgo7xgxkb"" (834.39) | #5 ""Goml @ Bod7b088c-"" (183.15) | #6 ""JV @ mxbmy34bn7"" (201.16) | #7 ""daws @ xjgMoSVpRc"" (314.39) | #8 ""Dp @ YyWpODWXWx"" (74.50) | #10 ""Phil @ fjzrNiYyv8"" (313.09)",2023-05-13T23:20:42.855Z,168402004285501
"-- starting hand #289 (id: fyrejc7mew57)  (No Limit Texas Hold'em) (dealer: ""Nyet @ M4PvxvIGMA"") --",2023-05-13T23:20:42.855Z,168402004285500
"""Rik @ wAgo7xgxkb"" shows a 2♠, 7♣.",2023-05-13T23:20:37.123Z,168402003712300
"""daws @ xjgMoSVpRc"" shows a 2♣, 6♣.",2023-05-13T23:20:37.012Z,168402003701200
"-- ending hand #288 --",2023-05-13T23:20:35.536Z,168402003553602
"""Rik @ wAgo7xgxkb"" collected 2.50 from pot",2023-05-13T23:20:35.536Z,168402003553601
"Uncalled bet of 3.00 returned to ""Rik @ wAgo7xgxkb""",2023-05-13T23:20:35.536Z,168402003553600
"""Goml @ Bod7b088c-"" folds",2023-05-13T23:20:34.714Z,168402003471400
"""Rik @ wAgo7xgxkb"" bets 3.00",2023-05-13T23:20:33.792Z,168402003379200
"Turn: 10♥, J♠, Q♣ [8♦]",2023-05-13T23:20:30.241Z,168402003024100
"""Goml @ Bod7b088c-"" checks",2023-05-13T23:20:29.398Z,168402002939800
"""Rik @ wAgo7xgxkb"" checks",2023-05-13T23:20:28.524Z,168402002852400
"Flop:  [10♥, J♠, Q♣]",2023-05-13T23:20:26.894Z,168402002689400
"""Rik @ wAgo7xgxkb"" checks",2023-05-13T23:20:26.067Z,168402002606700
"""Nyet @ M4PvxvIGMA"" folds",2023-05-13T23:20:16.759Z,168402001675900
"""Mamo @ abVmUlEwy_"" folds",2023-05-13T23:20:15.554Z,168402001555400
"""Phil @ fjzrNiYyv8"" folds",2023-05-13T23:20:14.546Z,168402001454600
"""Dp @ YyWpODWXWx"" folds",2023-05-13T23:20:13.695Z,168402001369500
"""daws @ xjgMoSVpRc"" folds",2023-05-13T23:20:12.703Z,168402001270300
"""JV @ mxbmy34bn7"" folds",2023-05-13T23:20:11.688Z,168402001168800
"The player ""mp @ -DkySTil6a"" passed the room ownership to ""Dp @ YyWpODWXWx"".",2023-05-13T23:20:10.704Z,168402001070400
"""Goml @ Bod7b088c-"" calls 1.00",2023-05-13T23:20:06.359Z,168402000635900
"""Rik @ wAgo7xgxkb"" posts a big blind of 1.00",2023-05-13T23:19:57.518Z,168401999751811
"""Nyet @ M4PvxvIGMA"" posts a small blind of 0.50",2023-05-13T23:19:57.518Z,168401999751810
"Player stacks: #1 ""Mamo @ abVmUlEwy_"" (193.24) | #2 ""Nyet @ M4PvxvIGMA"" (109.38) | #4 ""Rik @ wAgo7xgxkb"" (832.89) | #5 ""Goml @ Bod7b088c-"" (184.15) | #6 ""JV @ mxbmy34bn7"" (201.16) | #7 ""daws @ xjgMoSVpRc"" (314.39) | #8 ""Dp @ YyWpODWXWx"" (74.50) | #10 ""Phil @ fjzrNiYyv8"" (313.09)",2023-05-13T23:19:57.518Z,168401999751801
"-- starting hand #288 (id: hqtdrds42fj8)  (No Limit Texas Hold'em) (dealer: ""Mamo @ abVmUlEwy_"") --",2023-05-13T23:19:57.518Z,168401999751800
"-- ending hand #287 --",2023-05-13T23:19:54.586Z,168401999458601
"""Mamo @ abVmUlEwy_"" collected 13.00 from pot",2023-05-13T23:19:54.586Z,168401999458600
"""JV @ mxbmy34bn7"" folds",2023-05-13T23:19:53.728Z,168401999372800
"""Mamo @ abVmUlEwy_"" checks",2023-05-13T23:19:45.996Z,168401998599600
"River: 10♠, 6♦, J♥, 8♠ [6♥]",2023-05-13T23:19:43.694Z,168401998369400
"""JV @ mxbmy34bn7"" calls 3.00",2023-05-13T23:19:42.775Z,168401998277500
"""Mamo @ abVmUlEwy_"" bets 3.00",2023-05-13T23:19:35.805Z,168401997580500
"Turn: 10♠, 6♦, J♥ [8♠]",2023-05-13T23:19:32.074Z,168401997207400
"""JV @ mxbmy34bn7"" checks",2023-05-13T23:19:31.247Z,168401997124700
"""Mamo @ abVmUlEwy_"" checks",2023-05-13T23:19:27.357Z,168401996735700
"Flop:  [10♠, 6♦, J♥]",2023-05-13T23:19:25.351Z,168401996535100
"""Nyet @ M4PvxvIGMA"" folds",2023-05-13T23:19:24.548Z,168401996454800
"""Mamo @ abVmUlEwy_"" calls 3.00",2023-05-13T23:19:23.566Z,168401996356600
"""Phil @ fjzrNiYyv8"" folds",2023-05-13T23:19:19.701Z,168401995970100
"""Dp @ YyWpODWXWx"" folds",2023-05-13T23:19:15.186Z,168401995518600
"""daws @ xjgMoSVpRc"" folds",2023-05-13T23:19:14.142Z,168401995414200
"""JV @ mxbmy34bn7"" raises to 3.00",2023-05-13T23:19:13.149Z,168401995314900
"""Goml @ Bod7b088c-"" folds",2023-05-13T23:19:08.172Z,168401994817200
"""Rik @ wAgo7xgxkb"" folds",2023-05-13T23:19:07.254Z,168401994725400
"""Nyet @ M4PvxvIGMA"" posts a big blind of 1.00",2023-05-13T23:19:05.635Z,168401994563511
"""Mamo @ abVmUlEwy_"" posts a small blind of 0.50",2023-05-13T23:19:05.635Z,168401994563510
"Player stacks: #1 ""Mamo @ abVmUlEwy_"" (186.24) | #2 ""Nyet @ M4PvxvIGMA"" (110.38) | #4 ""Rik @ wAgo7xgxkb"" (832.89) | #5 ""Goml @ Bod7b088c-"" (184.15) | #6 ""JV @ mxbmy34bn7"" (207.16) | #7 ""daws @ xjgMoSVpRc"" (314.39) | #8 ""Dp @ YyWpODWXWx"" (74.50) | #10 ""Phil @ fjzrNiYyv8"" (313.09)",2023-05-13T23:19:05.635Z,168401994563501
"-- starting hand #287 (id: a0ztssy4z9qi)  (No Limit Texas Hold'em) (dealer: ""Phil @ fjzrNiYyv8"") --",2023-05-13T23:19:05.635Z,168401994563500
"""daws @ xjgMoSVpRc"" shows a 6♣, 3♣.",2023-05-13T23:19:02.634Z,168401994263400
"""Nyet @ M4PvxvIGMA"" shows a J♥, 9♥.",2023-05-13T23:19:02.549Z,168401994254900
"-- ending hand #286 --",2023-05-13T23:19:01.257Z,168401994125702
"""Nyet @ M4PvxvIGMA"" collected 28.00 from pot",2023-05-13T23:19:01.257Z,168401994125701
"Uncalled bet of 21.00 returned to ""Nyet @ M4PvxvIGMA""",2023-05-13T23:19:01.257Z,168401994125700
"""Mamo @ abVmUlEwy_"" folds",2023-05-13T23:19:00.371Z,168401994037100
"""Nyet @ M4PvxvIGMA"" raises to 28.50",2023-05-13T23:18:57.107Z,168401993710700
"""Mamo @ abVmUlEwy_"" bets 7.50",2023-05-13T23:18:45.322Z,168401992532200
"River: 10♣, 2♠, 2♣, A♣ [3♠]",2023-05-13T23:18:39.802Z,168401991980200
"""Nyet @ M4PvxvIGMA"" calls 3.25",2023-05-13T23:18:38.984Z,168401991898400
"""Mamo @ abVmUlEwy_"" bets 3.25",2023-05-13T23:18:36.237Z,168401991623700
"Turn: 10♣, 2♠, 2♣ [A♣]",2023-05-13T23:18:32.461Z,168401991246100
"""Nyet @ M4PvxvIGMA"" checks",2023-05-13T23:18:31.647Z,168401991164700
"""Mamo @ abVmUlEwy_"" checks",2023-05-13T23:18:29.651Z,168401990965100
"Flop:  [10♣, 2♠, 2♣]",2023-05-13T23:18:27.991Z,168401990799100
"""Mamo @ abVmUlEwy_"" calls 3.00",2023-05-13T23:18:27.131Z,168401990713100
"""Phil @ fjzrNiYyv8"" folds",2023-05-13T23:18:24.696Z,168401990469600
"""Dp @ YyWpODWXWx"" folds",2023-05-13T23:18:23.681Z,168401990368100
"""daws @ xjgMoSVpRc"" folds",2023-05-13T23:18:22.744Z,168401990274400
"""JV @ mxbmy34bn7"" folds",2023-05-13T23:18:21.815Z,168401990181500
"""Goml @ Bod7b088c-"" folds",2023-05-13T23:18:20.663Z,168401990066300
"""Rik @ wAgo7xgxkb"" folds",2023-05-13T23:18:19.692Z,168401989969200
"""Nyet @ M4PvxvIGMA"" raises to 3.00",2023-05-13T23:18:18.837Z,168401989883700
"""Mamo @ abVmUlEwy_"" posts a big blind of 1.00",2023-05-13T23:18:15.780Z,168401989578011
"""Phil @ fjzrNiYyv8"" posts a small blind of 0.50",2023-05-13T23:18:15.780Z,168401989578010
"Player stacks: #1 ""Mamo @ abVmUlEwy_"" (199.99) | #2 ""Nyet @ M4PvxvIGMA"" (96.13) | #4 ""Rik @ wAgo7xgxkb"" (832.89) | #5 ""Goml @ Bod7b088c-"" (184.15) | #6 ""JV @ mxbmy34bn7"" (207.16) | #7 ""daws @ xjgMoSVpRc"" (314.39) | #8 ""Dp @ YyWpODWXWx"" (74.50) | #10 ""Phil @ fjzrNiYyv8"" (313.59)",2023-05-13T23:18:15.780Z,168401989578001
"-- starting hand #286 (id: ugqb8porvyfr)  (No Limit Texas Hold'em) (dealer: ""Dp @ YyWpODWXWx"") --",2023-05-13T23:18:15.780Z,168401989578000
"""daws @ xjgMoSVpRc"" shows a A♠, Q♠.",2023-05-13T23:18:10.942Z,168401989094200
"-- ending hand #285 --",2023-05-13T23:18:09.171Z,168401988917102
"""Phil @ fjzrNiYyv8"" collected 46.50 from pot with A High (combination: A♥, K♣, J♣, 9♥, 6♦)",2023-05-13T23:18:09.171Z,168401988917101
"""Phil @ fjzrNiYyv8"" shows a A♥, K♣.",2023-05-13T23:18:09.171Z,168401988917100
"""daws @ xjgMoSVpRc"" checks",2023-05-13T23:18:08.288Z,168401988828800
"""Phil @ fjzrNiYyv8"" checks",2023-05-13T23:18:06.960Z,168401988696000
"River: 4♦, 9♥, J♣, 2♣ [6♦]",2023-05-13T23:18:05.633Z,168401988563300
"""daws @ xjgMoSVpRc"" checks",2023-05-13T23:18:04.776Z,168401988477600
"""Phil @ fjzrNiYyv8"" checks",2023-05-13T23:18:00.237Z,168401988023700
"Turn: 4♦, 9♥, J♣ [2♣]",2023-05-13T23:17:58.792Z,168401987879200
"""daws @ xjgMoSVpRc"" calls 11.00",2023-05-13T23:17:57.969Z,168401987796900
"""Phil @ fjzrNiYyv8"" bets 11.00",2023-05-13T23:17:55.275Z,168401987527500
"Flop:  [4♦, 9♥, J♣]",2023-05-13T23:17:51.333Z,168401987133300
"""daws @ xjgMoSVpRc"" calls 12.00",2023-05-13T23:17:50.486Z,168401987048600
"""Phil @ fjzrNiYyv8"" raises to 12.00",2023-05-13T23:17:48.150Z,168401986815000
"""Dp @ YyWpODWXWx"" folds",2023-05-13T23:17:45.074Z,168401986507400
"""daws @ xjgMoSVpRc"" raises to 3.00",2023-05-13T23:17:44.042Z,168401986404200
"""JV @ mxbmy34bn7"" folds",2023-05-13T23:17:40.362Z,168401986036200
"""Goml @ Bod7b088c-"" folds",2023-05-13T23:17:24.490Z,168401984449000
"""Rik @ wAgo7xgxkb"" folds",2023-05-13T23:17:23.603Z,168401984360300
"""Nyet @ M4PvxvIGMA"" folds",2023-05-13T23:17:22.682Z,168401984268200
"""Mamo @ abVmUlEwy_"" folds",2023-05-13T23:17:21.042Z,168401984104200
"""Phil @ fjzrNiYyv8"" posts a big blind of 1.00",2023-05-13T23:17:19.751Z,168401983975111
"""Dp @ YyWpODWXWx"" posts a small blind of 0.50",2023-05-13T23:17:19.751Z,168401983975110
"Player stacks: #1 ""Mamo @ abVmUlEwy_"" (199.99) | #2 ""Nyet @ M4PvxvIGMA"" (96.13) | #4 ""Rik @ wAgo7xgxkb"" (832.89) | #5 ""Goml @ Bod7b088c-"" (184.15) | #6 ""JV @ mxbmy34bn7"" (207.16) | #7 ""daws @ xjgMoSVpRc"" (337.39) | #8 ""Dp @ YyWpODWXWx"" (75.00) | #10 ""Phil @ fjzrNiYyv8"" (290.09)",2023-05-13T23:17:19.751Z,168401983975101
"-- starting hand #285 (id: x279y74ubpef)  (No Limit Texas Hold'em) (dealer: ""daws @ xjgMoSVpRc"") --",2023-05-13T23:17:19.751Z,168401983975100
"-- ending hand #284 --",2023-05-13T23:17:16.805Z,168401983680502
"""Dp @ YyWpODWXWx"" collected 12.50 from pot",2023-05-13T23:17:16.805Z,168401983680501
"Uncalled bet of 8.37 returned to ""Dp @ YyWpODWXWx""",2023-05-13T23:17:16.805Z,168401983680500
"""Goml @ Bod7b088c-"" folds",2023-05-13T23:17:15.962Z,168401983596200
"""Rik @ wAgo7xgxkb"" folds",2023-05-13T23:17:15.065Z,168401983506500
"""Mamo @ abVmUlEwy_"" folds",2023-05-13T23:17:11.646Z,168401983164600
"""Dp @ YyWpODWXWx"" bets 8.37",2023-05-13T23:17:06.542Z,168401982654200
"River: 10♣, 8♣, 4♣, 2♣ [A♥]",2023-05-13T23:16:59.527Z,168401981952700
"""Goml @ Bod7b088c-"" checks",2023-05-13T23:16:58.664Z,168401981866400
"""Rik @ wAgo7xgxkb"" checks",2023-05-13T23:16:57.758Z,168401981775800
"""Mamo @ abVmUlEwy_"" checks",2023-05-13T23:16:37.131Z,168401979713100
"""Dp @ YyWpODWXWx"" checks",2023-05-13T23:16:34.013Z,168401979401300
"Turn: 10♣, 8♣, 4♣ [2♣]",2023-05-13T23:16:27.667Z,168401978766700
"""Goml @ Bod7b088c-"" checks",2023-05-13T23:16:26.832Z,168401978683200
"""Rik @ wAgo7xgxkb"" checks",2023-05-13T23:16:25.866Z,168401978586600
"""Mamo @ abVmUlEwy_"" checks",2023-05-13T23:16:21.446Z,168401978144600
"""Dp @ YyWpODWXWx"" checks",2023-05-13T23:16:18.443Z,168401977844300
"Flop:  [10♣, 8♣, 4♣]",2023-05-13T23:16:16.659Z,168401977665900
"""Dp @ YyWpODWXWx"" calls 3.00",2023-05-13T23:16:15.796Z,168401977579600
"""daws @ xjgMoSVpRc"" folds",2023-05-13T23:16:13.701Z,168401977370100
"""JV @ mxbmy34bn7"" folds",2023-05-13T23:16:11.368Z,168401977136800
"""Goml @ Bod7b088c-"" calls 3.00",2023-05-13T23:16:02.433Z,168401976243300
"""Rik @ wAgo7xgxkb"" calls 3.00",2023-05-13T23:16:01.218Z,168401976121800
"""Nyet @ M4PvxvIGMA"" folds",2023-05-13T23:15:58.290Z,168401975829000
"""Mamo @ abVmUlEwy_"" raises to 3.00",2023-05-13T23:15:55.465Z,168401975546500
"""Phil @ fjzrNiYyv8"" folds",2023-05-13T23:15:51.303Z,168401975130300
"""Dp @ YyWpODWXWx"" posts a big blind of 1.00",2023-05-13T23:15:49.622Z,168401974962211
"""daws @ xjgMoSVpRc"" posts a small blind of 0.50",2023-05-13T23:15:49.622Z,168401974962210
"Player stacks: #1 ""Mamo @ abVmUlEwy_"" (202.99) | #2 ""Nyet @ M4PvxvIGMA"" (96.13) | #4 ""Rik @ wAgo7xgxkb"" (835.89) | #5 ""Goml @ Bod7b088c-"" (187.15) | #6 ""JV @ mxbmy34bn7"" (207.16) | #7 ""daws @ xjgMoSVpRc"" (337.89) | #8 ""Dp @ YyWpODWXWx"" (65.50) | #10 ""Phil @ fjzrNiYyv8"" (290.09)",2023-05-13T23:15:49.622Z,168401974962201
"-- starting hand #284 (id: a5z53fn4hrxa)  (No Limit Texas Hold'em) (dealer: ""JV @ mxbmy34bn7"") --",2023-05-13T23:15:49.622Z,168401974962200
"-- ending hand #283 --",2023-05-13T23:15:43.688Z,168401974368802
"""Phil @ fjzrNiYyv8"" collected 2.50 from pot",2023-05-13T23:15:43.688Z,168401974368801
"Uncalled bet of 2.00 returned to ""Phil @ fjzrNiYyv8""",2023-05-13T23:15:43.688Z,168401974368800
"""daws @ xjgMoSVpRc"" folds",2023-05-13T23:15:42.833Z,168401974283300
"""JV @ mxbmy34bn7"" folds",2023-05-13T23:15:38.158Z,168401973815800
"""Goml @ Bod7b088c-"" folds",2023-05-13T23:15:34.951Z,168401973495100
"""Rik @ wAgo7xgxkb"" folds",2023-05-13T23:15:34.054Z,168401973405400
"""Nyet @ M4PvxvIGMA"" folds",2023-05-13T23:15:33.112Z,168401973311200
"""Mamo @ abVmUlEwy_"" folds",2023-05-13T23:15:31.910Z,168401973191000
"""Phil @ fjzrNiYyv8"" raises to 3.00",2023-05-13T23:15:30.980Z,168401973098000
"""Dp @ YyWpODWXWx"" folds",2023-05-13T23:15:27.403Z,168401972740300
"""daws @ xjgMoSVpRc"" posts a big blind of 1.00",2023-05-13T23:15:12.393Z,168401971239311
"""JV @ mxbmy34bn7"" posts a small blind of 0.50",2023-05-13T23:15:12.393Z,168401971239310
"Player stacks: #1 ""Mamo @ abVmUlEwy_"" (202.99) | #2 ""Nyet @ M4PvxvIGMA"" (96.13) | #4 ""Rik @ wAgo7xgxkb"" (835.89) | #5 ""Goml @ Bod7b088c-"" (187.15) | #6 ""JV @ mxbmy34bn7"" (207.66) | #7 ""daws @ xjgMoSVpRc"" (338.89) | #8 ""Dp @ YyWpODWXWx"" (65.50) | #10 ""Phil @ fjzrNiYyv8"" (288.59)",2023-05-13T23:15:12.393Z,168401971239301
"-- starting hand #283 (id: 29xrdboswhi8)  (No Limit Texas Hold'em) (dealer: ""Goml @ Bod7b088c-"") --",2023-05-13T23:15:12.393Z,168401971239300
"-- ending hand #282 --",2023-05-13T23:15:09.432Z,168401970943202
"""Goml @ Bod7b088c-"" collected 3.00 from pot",2023-05-13T23:15:09.432Z,168401970943201
"Uncalled bet of 3.00 returned to ""Goml @ Bod7b088c-""",2023-05-13T23:15:09.432Z,168401970943200
"""daws @ xjgMoSVpRc"" folds",2023-05-13T23:15:08.598Z,168401970859800
"""JV @ mxbmy34bn7"" folds",2023-05-13T23:15:07.543Z,168401970754300
"""Goml @ Bod7b088c-"" bets 3.00",2023-05-13T23:15:06.333Z,168401970633300
"River: 9♣, 5♦, 2♥, K♠ [7♥]",2023-05-13T23:15:03.789Z,168401970378900
"""daws @ xjgMoSVpRc"" checks",2023-05-13T23:15:02.894Z,168401970289400
"""JV @ mxbmy34bn7"" checks",2023-05-13T23:15:01.841Z,168401970184100
"""Goml @ Bod7b088c-"" checks",2023-05-13T23:14:58.563Z,168401969856300
"Turn: 9♣, 5♦, 2♥ [K♠]",2023-05-13T23:14:57.074Z,168401969707400
"""daws @ xjgMoSVpRc"" checks",2023-05-13T23:14:56.223Z,168401969622300
"""JV @ mxbmy34bn7"" checks",2023-05-13T23:14:50.901Z,168401969090100
"""Goml @ Bod7b088c-"" checks",2023-05-13T23:14:49.694Z,168401968969400
"Flop:  [9♣, 5♦, 2♥]",2023-05-13T23:14:48.011Z,168401968801100
"""JV @ mxbmy34bn7"" checks",2023-05-13T23:14:47.133Z,168401968713300
"""Goml @ Bod7b088c-"" calls 1.00",2023-05-13T23:14:43.740Z,168401968374000
"""Rik @ wAgo7xgxkb"" folds",2023-05-13T23:14:38.739Z,168401967873900
"""Nyet @ M4PvxvIGMA"" folds",2023-05-13T23:14:37.804Z,168401967780400
"""Mamo @ abVmUlEwy_"" folds",2023-05-13T23:14:36.868Z,168401967686800
"""Phil @ fjzrNiYyv8"" folds",2023-05-13T23:14:23.465Z,168401966346500
"""Dp @ YyWpODWXWx"" folds",2023-05-13T23:14:22.593Z,168401966259300
"""daws @ xjgMoSVpRc"" calls 1.00",2023-05-13T23:14:20.095Z,168401966009500
"""JV @ mxbmy34bn7"" posts a big blind of 1.00",2023-05-13T23:14:18.362Z,168401965836211
"""Goml @ Bod7b088c-"" posts a small blind of 0.50",2023-05-13T23:14:18.362Z,168401965836210
"Player stacks: #1 ""Mamo @ abVmUlEwy_"" (202.99) | #2 ""Nyet @ M4PvxvIGMA"" (96.13) | #4 ""Rik @ wAgo7xgxkb"" (835.89) | #5 ""Goml @ Bod7b088c-"" (185.15) | #6 ""JV @ mxbmy34bn7"" (208.66) | #7 ""daws @ xjgMoSVpRc"" (339.89) | #8 ""Dp @ YyWpODWXWx"" (65.50) | #10 ""Phil @ fjzrNiYyv8"" (288.59)",2023-05-13T23:14:18.362Z,168401965836201
"-- starting hand #282 (id: z7n4wgl7hr0a)  (No Limit Texas Hold'em) (dealer: ""Rik @ wAgo7xgxkb"") --",2023-05-13T23:14:18.362Z,168401965836200
"""Goml @ Bod7b088c-"" shows a J♦, 7♠.",2023-05-13T23:14:16.212Z,168401965621200
"""JV @ mxbmy34bn7"" shows a K♥, 3♥.",2023-05-13T23:14:15.541Z,168401965554100
"-- ending hand #281 --",2023-05-13T23:14:14.022Z,168401965402202
"""JV @ mxbmy34bn7"" collected 63.36 from pot",2023-05-13T23:14:14.022Z,168401965402201
"Uncalled bet of 47.52 returned to ""JV @ mxbmy34bn7""",2023-05-13T23:14:14.022Z,168401965402200
"""Nyet @ M4PvxvIGMA"" folds",2023-05-13T23:14:13.174Z,168401965317400
"""Phil @ fjzrNiYyv8"" folds",2023-05-13T23:14:11.997Z,168401965199700
"""JV @ mxbmy34bn7"" bets 47.52",2023-05-13T23:14:10.610Z,168401965061000
"River: Q♦, 8♠, 6♥, J♠ [7♥]",2023-05-13T23:13:48.650Z,168401962865000
"""Nyet @ M4PvxvIGMA"" checks",2023-05-13T23:13:47.813Z,168401962781300
"""Phil @ fjzrNiYyv8"" checks",2023-05-13T23:13:46.362Z,168401962636200
"""JV @ mxbmy34bn7"" checks",2023-05-13T23:13:45.480Z,168401962548000
"Turn: Q♦, 8♠, 6♥ [J♠]",2023-05-13T23:13:44.048Z,168401962404800
"""JV @ mxbmy34bn7"" calls 12.00",2023-05-13T23:13:43.220Z,168401962322000
"""Nyet @ M4PvxvIGMA"" calls 12.00",2023-05-13T23:13:33.204Z,168401961320400
"""Phil @ fjzrNiYyv8"" bets 12.00",2023-05-13T23:13:30.943Z,168401961094300
"""JV @ mxbmy34bn7"" checks",2023-05-13T23:13:27.821Z,168401960782100
"Flop:  [Q♦, 8♠, 6♥]",2023-05-13T23:13:25.562Z,168401960556200
"""JV @ mxbmy34bn7"" calls 8.62",2023-05-13T23:13:24.729Z,168401960472900
"""Goml @ Bod7b088c-"" folds",2023-05-13T23:13:21.626Z,168401960162600
"""Rik @ wAgo7xgxkb"" folds",2023-05-13T23:13:20.738Z,168401960073800
"""Nyet @ M4PvxvIGMA"" calls 8.62",2023-05-13T23:13:00.994Z,168401958099400
"""Mamo @ abVmUlEwy_"" folds",2023-05-13T23:12:56.868Z,168401957686800
"""Phil @ fjzrNiYyv8"" raises to 8.62",2023-05-13T23:12:55.908Z,168401957590800
"""Dp @ YyWpODWXWx"" folds",2023-05-13T23:12:48.418Z,168401956841800
"""daws @ xjgMoSVpRc"" folds",2023-05-13T23:12:47.481Z,168401956748100
"""JV @ mxbmy34bn7"" raises to 3.00",2023-05-13T23:12:46.571Z,168401956657100
"""Goml @ Bod7b088c-"" posts a big blind of 1.00",2023-05-13T23:12:42.591Z,168401956259111
"""Rik @ wAgo7xgxkb"" posts a small blind of 0.50",2023-05-13T23:12:42.591Z,168401956259110
"Player stacks: #1 ""Mamo @ abVmUlEwy_"" (202.99) | #2 ""Nyet @ M4PvxvIGMA"" (116.75) | #4 ""Rik @ wAgo7xgxkb"" (836.39) | #5 ""Goml @ Bod7b088c-"" (186.15) | #6 ""JV @ mxbmy34bn7"" (165.92) | #7 ""daws @ xjgMoSVpRc"" (339.89) | #8 ""Dp @ YyWpODWXWx"" (65.50) | #10 ""Phil @ fjzrNiYyv8"" (309.21)",2023-05-13T23:12:42.591Z,168401956259101
"-- starting hand #281 (id: s7vs4kjrc3ch)  (No Limit Texas Hold'em) (dealer: ""Nyet @ M4PvxvIGMA"") --",2023-05-13T23:12:42.591Z,168401956259100
"-- ending hand #280 --",2023-05-13T23:12:36.662Z,168401955666202
"""Rik @ wAgo7xgxkb"" collected 8.50 from pot",2023-05-13T23:12:36.662Z,168401955666201
"Uncalled bet of 4.00 returned to ""Rik @ wAgo7xgxkb""",2023-05-13T23:12:36.662Z,168401955666200
"""Goml @ Bod7b088c-"" folds",2023-05-13T23:12:35.834Z,168401955583400
"""Rik @ wAgo7xgxkb"" bets 4.00",2023-05-13T23:12:34.088Z,168401955408800
"Turn: 8♠, 9♠, 6♥ [5♦]",2023-05-13T23:12:29.088Z,168401954908800
"""Goml @ Bod7b088c-"" checks",2023-05-13T23:12:28.280Z,168401954828000
"""Rik @ wAgo7xgxkb"" checks",2023-05-13T23:12:21.817Z,168401954181700
"Flop:  [8♠, 9♠, 6♥]",2023-05-13T23:12:18.773Z,168401953877300
"""Rik @ wAgo7xgxkb"" calls 4.00",2023-05-13T23:12:17.938Z,168401953793800
"""Nyet @ M4PvxvIGMA"" folds",2023-05-13T23:12:07.930Z,168401952793000
"""Mamo @ abVmUlEwy_"" folds",2023-05-13T23:12:06.791Z,168401952679100
"""Phil @ fjzrNiYyv8"" folds",2023-05-13T23:12:05.701Z,168401952570100
"""Dp @ YyWpODWXWx"" folds",2023-05-13T23:12:04.834Z,168401952483400
"""daws @ xjgMoSVpRc"" folds",2023-05-13T23:12:03.869Z,168401952386900
"""JV @ mxbmy34bn7"" folds",2023-05-13T23:12:02.954Z,168401952295400
"""Goml @ Bod7b088c-"" raises to 4.00",2023-05-13T23:11:47.067Z,168401950706700
"""Rik @ wAgo7xgxkb"" posts a big blind of 1.00",2023-05-13T23:11:43.959Z,168401950395911
"""Nyet @ M4PvxvIGMA"" posts a small blind of 0.50",2023-05-13T23:11:43.959Z,168401950395910
"Player stacks: #1 ""Mamo @ abVmUlEwy_"" (202.99) | #2 ""Nyet @ M4PvxvIGMA"" (117.25) | #4 ""Rik @ wAgo7xgxkb"" (831.89) | #5 ""Goml @ Bod7b088c-"" (190.15) | #6 ""JV @ mxbmy34bn7"" (165.92) | #7 ""daws @ xjgMoSVpRc"" (339.89) | #8 ""Dp @ YyWpODWXWx"" (65.50) | #10 ""Phil @ fjzrNiYyv8"" (309.21)",2023-05-13T23:11:43.959Z,168401950395901
"-- starting hand #280 (id: eu19j0v17fzq)  (No Limit Texas Hold'em) (dealer: ""Mamo @ abVmUlEwy_"") --",2023-05-13T23:11:43.959Z,168401950395900
"""daws @ xjgMoSVpRc"" shows a 4♦, 4♣.",2023-05-13T23:11:41.627Z,168401950162700
"-- ending hand #279 --",2023-05-13T23:11:40.308Z,168401950030802
"""daws @ xjgMoSVpRc"" collected 40.00 from pot",2023-05-13T23:11:40.308Z,168401950030801
"Uncalled bet of 30.00 returned to ""daws @ xjgMoSVpRc""",2023-05-13T23:11:40.308Z,168401950030800
"""Goml @ Bod7b088c-"" folds",2023-05-13T23:11:39.483Z,168401949948300
"""daws @ xjgMoSVpRc"" bets 30.00",2023-05-13T23:11:32.454Z,168401949245400
"""Goml @ Bod7b088c-"" checks",2023-05-13T23:11:25.378Z,168401948537800
"River: A♥, 4♥, 4♠, 10♠ [Q♠]",2023-05-13T23:11:22.725Z,168401948272500
"""daws @ xjgMoSVpRc"" calls 10.50",2023-05-13T23:11:21.916Z,168401948191600
"""Goml @ Bod7b088c-"" bets 10.50",2023-05-13T23:11:13.631Z,168401947363100
"Turn: A♥, 4♥, 4♠ [10♠]",2023-05-13T23:11:09.520Z,168401946952000
"""daws @ xjgMoSVpRc"" calls 4.75",2023-05-13T23:11:08.694Z,168401946869400
"""Goml @ Bod7b088c-"" bets 4.75",2023-05-13T23:11:00.424Z,168401946042400
"Flop:  [A♥, 4♥, 4♠]",2023-05-13T23:10:56.187Z,168401945618700
"""Nyet @ M4PvxvIGMA"" folds",2023-05-13T23:10:55.299Z,168401945529900
"""Mamo @ abVmUlEwy_"" folds",2023-05-13T23:10:46.340Z,168401944634000
"""Phil @ fjzrNiYyv8"" folds",2023-05-13T23:10:44.671Z,168401944467100
"""Dp @ YyWpODWXWx"" folds",2023-05-13T23:10:43.804Z,168401944380400
"""daws @ xjgMoSVpRc"" calls 4.00",2023-05-13T23:10:42.783Z,168401944278300
"""JV @ mxbmy34bn7"" folds",2023-05-13T23:10:41.204Z,168401944120400
"""Goml @ Bod7b088c-"" raises to 4.00",2023-05-13T23:10:39.017Z,168401943901700
"""Rik @ wAgo7xgxkb"" folds",2023-05-13T23:10:30.167Z,168401943016700
"""Nyet @ M4PvxvIGMA"" posts a big blind of 1.00",2023-05-13T23:10:28.226Z,168401942822611
"""Mamo @ abVmUlEwy_"" posts a small blind of 0.50",2023-05-13T23:10:28.226Z,168401942822610
"Player stacks: #1 ""Mamo @ abVmUlEwy_"" (203.49) | #2 ""Nyet @ M4PvxvIGMA"" (118.25) | #4 ""Rik @ wAgo7xgxkb"" (831.89) | #5 ""Goml @ Bod7b088c-"" (209.40) | #6 ""JV @ mxbmy34bn7"" (165.92) | #7 ""daws @ xjgMoSVpRc"" (319.14) | #8 ""Dp @ YyWpODWXWx"" (65.50) | #10 ""Phil @ fjzrNiYyv8"" (309.21)",2023-05-13T23:10:28.226Z,168401942822601
"-- starting hand #279 (id: gkm68xoiif6w)  (No Limit Texas Hold'em) (dealer: ""Phil @ fjzrNiYyv8"") --",2023-05-13T23:10:28.226Z,168401942822600
"-- ending hand #278 --",2023-05-13T23:10:22.221Z,168401942222103
"""Rik @ wAgo7xgxkb"" shows a 3♠, 5♠.",2023-05-13T23:10:22.221Z,168401942222102
"""daws @ xjgMoSVpRc"" collected 31.50 from pot with Pair, A's (combination: A♠, A♦, J♣, 7♠, 4♣)",2023-05-13T23:10:22.221Z,168401942222101
"""daws @ xjgMoSVpRc"" shows a 4♣, A♠.",2023-05-13T23:10:22.221Z,168401942222100
"""daws @ xjgMoSVpRc"" checks",2023-05-13T23:10:21.377Z,168401942137700
"""Rik @ wAgo7xgxkb"" checks",2023-05-13T23:10:18.913Z,168401941891300
"River: 2♥, 3♣, A♦, J♣ [7♠]",2023-05-13T23:10:16.942Z,168401941694200
"""daws @ xjgMoSVpRc"" calls 9.00",2023-05-13T23:10:16.048Z,168401941604800
"""Rik @ wAgo7xgxkb"" bets 9.00",2023-05-13T23:10:14.098Z,168401941409800
"Turn: 2♥, 3♣, A♦ [J♣]",2023-05-13T23:10:09.801Z,168401940980100
"""daws @ xjgMoSVpRc"" calls 3.00",2023-05-13T23:10:08.969Z,168401940896900
"""Rik @ wAgo7xgxkb"" bets 3.00",2023-05-13T23:10:07.356Z,168401940735600
"Flop:  [2♥, 3♣, A♦]",2023-05-13T23:09:59.168Z,168401939916800
"""Mamo @ abVmUlEwy_"" folds",2023-05-13T23:09:58.366Z,168401939836600
"""Phil @ fjzrNiYyv8"" folds",2023-05-13T23:09:52.440Z,168401939244000
"""Dp @ YyWpODWXWx"" folds",2023-05-13T23:09:51.566Z,168401939156600
"""daws @ xjgMoSVpRc"" calls 3.00",2023-05-13T23:09:50.575Z,168401939057500
"""JV @ mxbmy34bn7"" folds",2023-05-13T23:09:41.723Z,168401938172300
"""Goml @ Bod7b088c-"" folds",2023-05-13T23:09:32.147Z,168401937214700
"""Rik @ wAgo7xgxkb"" raises to 3.00",2023-05-13T23:09:31.209Z,168401937120900
"""Nyet @ M4PvxvIGMA"" folds",2023-05-13T23:09:27.823Z,168401936782300
"""Mamo @ abVmUlEwy_"" posts a big blind of 1.00",2023-05-13T23:09:26.854Z,168401936685411
"""Phil @ fjzrNiYyv8"" posts a small blind of 0.50",2023-05-13T23:09:26.854Z,168401936685410
"Player stacks: #1 ""Mamo @ abVmUlEwy_"" (204.49) | #2 ""Nyet @ M4PvxvIGMA"" (118.25) | #4 ""Rik @ wAgo7xgxkb"" (846.89) | #5 ""Goml @ Bod7b088c-"" (209.40) | #6 ""JV @ mxbmy34bn7"" (165.92) | #7 ""daws @ xjgMoSVpRc"" (302.64) | #8 ""Dp @ YyWpODWXWx"" (65.50) | #10 ""Phil @ fjzrNiYyv8"" (309.71)",2023-05-13T23:09:26.854Z,168401936685401
"-- starting hand #278 (id: xj7pmravrxae)  (No Limit Texas Hold'em) (dealer: ""Dp @ YyWpODWXWx"") --",2023-05-13T23:09:26.854Z,168401936685400
"-- ending hand #277 --",2023-05-13T23:09:20.925Z,168401936092502
"""JV @ mxbmy34bn7"" collected 7.50 from pot",2023-05-13T23:09:20.925Z,168401936092501
"Uncalled bet of 3.00 returned to ""JV @ mxbmy34bn7""",2023-05-13T23:09:20.925Z,168401936092500
"""Nyet @ M4PvxvIGMA"" folds",2023-05-13T23:09:20.073Z,168401936007300
"""JV @ mxbmy34bn7"" bets 3.00",2023-05-13T23:09:18.721Z,168401935872100
"""Nyet @ M4PvxvIGMA"" checks",2023-05-13T23:09:12.242Z,168401935224200
"Flop:  [Q♦, 7♣, 9♥]",2023-05-13T23:09:09.809Z,168401934980900
"""Phil @ fjzrNiYyv8"" folds",2023-05-13T23:09:08.993Z,168401934899300
"""Dp @ YyWpODWXWx"" folds",2023-05-13T23:09:08.129Z,168401934812900
"""daws @ xjgMoSVpRc"" folds",2023-05-13T23:09:03.135Z,168401934313500
"""JV @ mxbmy34bn7"" calls 3.00",2023-05-13T23:09:02.123Z,168401934212300
"""Goml @ Bod7b088c-"" folds",2023-05-13T23:08:58.705Z,168401933870500
"""Rik @ wAgo7xgxkb"" folds",2023-05-13T23:08:42.821Z,168401932282100
"""Nyet @ M4PvxvIGMA"" raises to 3.00",2023-05-13T23:08:34.268Z,168401931426800
"""Mamo @ abVmUlEwy_"" folds",2023-05-13T23:08:26.449Z,168401930644900
"""Phil @ fjzrNiYyv8"" posts a big blind of 1.00",2023-05-13T23:08:25.448Z,168401930544811
"""Dp @ YyWpODWXWx"" posts a small blind of 0.50",2023-05-13T23:08:25.448Z,168401930544810
"Player stacks: #1 ""Mamo @ abVmUlEwy_"" (204.49) | #2 ""Nyet @ M4PvxvIGMA"" (121.25) | #4 ""Rik @ wAgo7xgxkb"" (846.89) | #5 ""Goml @ Bod7b088c-"" (209.40) | #6 ""JV @ mxbmy34bn7"" (161.42) | #7 ""daws @ xjgMoSVpRc"" (302.64) | #8 ""Dp @ YyWpODWXWx"" (66.00) | #10 ""Phil @ fjzrNiYyv8"" (310.71)",2023-05-13T23:08:25.448Z,168401930544801
"-- starting hand #277 (id: 1rrjulrj40z7)  (No Limit Texas Hold'em) (dealer: ""daws @ xjgMoSVpRc"") --",2023-05-13T23:08:25.448Z,168401930544800
"-- ending hand #276 --",2023-05-13T23:08:19.530Z,168401929953002
"""Dp @ YyWpODWXWx"" collected 1.00 from pot",2023-05-13T23:08:19.530Z,168401929953001
"Uncalled bet of 0.50 returned to ""Dp @ YyWpODWXWx""",2023-05-13T23:08:19.530Z,168401929953000
"""daws @ xjgMoSVpRc"" folds",2023-05-13T23:08:18.690Z,168401929869000
"""JV @ mxbmy34bn7"" folds",2023-05-13T23:08:17.801Z,168401929780100
"""Goml @ Bod7b088c-"" folds",2023-05-13T23:08:14.278Z,168401929427800
"""Rik @ wAgo7xgxkb"" folds",2023-05-13T23:08:11.752Z,168401929175200
"""Nyet @ M4PvxvIGMA"" folds",2023-05-13T23:08:10.888Z,168401929088800
"""Mamo @ abVmUlEwy_"" folds",2023-05-13T23:08:04.005Z,168401928400500
"""Phil @ fjzrNiYyv8"" folds",2023-05-13T23:08:02.940Z,168401928294000
"""Dp @ YyWpODWXWx"" posts a big blind of 1.00",2023-05-13T23:08:01.589Z,168401928158911
"""daws @ xjgMoSVpRc"" posts a small blind of 0.50",2023-05-13T23:08:01.589Z,168401928158910
"Player stacks: #1 ""Mamo @ abVmUlEwy_"" (204.49) | #2 ""Nyet @ M4PvxvIGMA"" (121.25) | #4 ""Rik @ wAgo7xgxkb"" (846.89) | #5 ""Goml @ Bod7b088c-"" (209.40) | #6 ""JV @ mxbmy34bn7"" (161.42) | #7 ""daws @ xjgMoSVpRc"" (303.14) | #8 ""Dp @ YyWpODWXWx"" (65.50) | #10 ""Phil @ fjzrNiYyv8"" (310.71)",2023-05-13T23:08:01.589Z,168401928158901
"-- starting hand #276 (id: nopzqg6gasuj)  (No Limit Texas Hold'em) (dealer: ""JV @ mxbmy34bn7"") --",2023-05-13T23:08:01.589Z,168401928158900
"-- ending hand #275 --",2023-05-13T23:07:55.620Z,168401927562002
"""Phil @ fjzrNiYyv8"" collected 2.50 from pot",2023-05-13T23:07:55.620Z,168401927562001
"Uncalled bet of 2.00 returned to ""Phil @ fjzrNiYyv8""",2023-05-13T23:07:55.620Z,168401927562000
"""daws @ xjgMoSVpRc"" folds",2023-05-13T23:07:54.786Z,168401927478600
"""JV @ mxbmy34bn7"" folds",2023-05-13T23:07:53.871Z,168401927387100
"""Goml @ Bod7b088c-"" folds",2023-05-13T23:07:50.588Z,168401927058800
"""Rik @ wAgo7xgxkb"" folds",2023-05-13T23:07:43.491Z,168401926349100
"""Nyet @ M4PvxvIGMA"" folds",2023-05-13T23:07:41.332Z,168401926133200
"""Mamo @ abVmUlEwy_"" folds",2023-05-13T23:07:40.100Z,168401926010000
"""Phil @ fjzrNiYyv8"" raises to 3.00",2023-05-13T23:07:39.114Z,168401925911400
"""Dp @ YyWpODWXWx"" folds",2023-05-13T23:07:37.012Z,168401925701200
"""daws @ xjgMoSVpRc"" posts a big blind of 1.00",2023-05-13T23:07:26.196Z,168401924619611
"""JV @ mxbmy34bn7"" posts a small blind of 0.50",2023-05-13T23:07:26.196Z,168401924619610
"Player stacks: #1 ""Mamo @ abVmUlEwy_"" (204.49) | #2 ""Nyet @ M4PvxvIGMA"" (121.25) | #4 ""Rik @ wAgo7xgxkb"" (846.89) | #5 ""Goml @ Bod7b088c-"" (209.40) | #6 ""JV @ mxbmy34bn7"" (161.92) | #7 ""daws @ xjgMoSVpRc"" (304.14) | #8 ""Dp @ YyWpODWXWx"" (65.50) | #10 ""Phil @ fjzrNiYyv8"" (309.21)",2023-05-13T23:07:26.196Z,168401924619601
"-- starting hand #275 (id: jf4xr3alxvzu)  (No Limit Texas Hold'em) (dealer: ""Goml @ Bod7b088c-"") --",2023-05-13T23:07:26.196Z,168401924619600
"-- ending hand #274 --",2023-05-13T23:07:20.188Z,168401924018803
"""Nyet @ M4PvxvIGMA"" shows a 4♥, 3♥.",2023-05-13T23:07:20.188Z,168401924018802
"""Phil @ fjzrNiYyv8"" collected 11.50 from pot with Two Pair, J's & 7's (combination: J♠, J♣, 7♣, 7♠, K♠)",2023-05-13T23:07:20.188Z,168401924018801
"""Phil @ fjzrNiYyv8"" shows a 7♣, 7♠.",2023-05-13T23:07:20.188Z,168401924018800
"""Phil @ fjzrNiYyv8"" calls 1.00",2023-05-13T23:07:19.373Z,168401923937300
"""Nyet @ M4PvxvIGMA"" bets 1.00",2023-05-13T23:07:18.064Z,168401923806400
"""Phil @ fjzrNiYyv8"" checks",2023-05-13T23:07:16.824Z,168401923682400
"River: 4♣, 10♥, K♠, J♠ [J♣]",2023-05-13T23:07:15.754Z,168401923575400
"""Phil @ fjzrNiYyv8"" calls 1.00",2023-05-13T23:07:14.895Z,168401923489500
"""Nyet @ M4PvxvIGMA"" bets 1.00",2023-05-13T23:07:13.382Z,168401923338200
"""Phil @ fjzrNiYyv8"" checks",2023-05-13T23:07:11.121Z,168401923112100
"Turn: 4♣, 10♥, K♠ [J♠]",2023-05-13T23:07:09.055Z,168401922905500
"""Nyet @ M4PvxvIGMA"" checks",2023-05-13T23:07:08.208Z,168401922820800
"""Phil @ fjzrNiYyv8"" checks",2023-05-13T23:07:06.439Z,168401922643900
"Flop:  [4♣, 10♥, K♠]",2023-05-13T23:07:05.449Z,168401922544900
"""JV @ mxbmy34bn7"" folds",2023-05-13T23:07:04.636Z,168401922463600
"""Goml @ Bod7b088c-"" folds",2023-05-13T23:06:58.801Z,168401921880100
"""Rik @ wAgo7xgxkb"" folds",2023-05-13T23:06:57.909Z,168401921790900
"""Nyet @ M4PvxvIGMA"" calls 3.00",2023-05-13T23:06:56.541Z,168401921654100
"""Mamo @ abVmUlEwy_"" folds",2023-05-13T23:06:49.224Z,168401920922400
"""Phil @ fjzrNiYyv8"" raises to 3.00",2023-05-13T23:06:48.282Z,168401920828200
"""Dp @ YyWpODWXWx"" folds",2023-05-13T23:06:43.161Z,168401920316100
"""daws @ xjgMoSVpRc"" folds",2023-05-13T23:06:40.808Z,168401920080800
"""JV @ mxbmy34bn7"" posts a big blind of 1.00",2023-05-13T23:06:38.297Z,168401919829711
"""Goml @ Bod7b088c-"" posts a small blind of 0.50",2023-05-13T23:06:38.297Z,168401919829710
"Player stacks: #1 ""Mamo @ abVmUlEwy_"" (204.49) | #2 ""Nyet @ M4PvxvIGMA"" (126.25) | #4 ""Rik @ wAgo7xgxkb"" (846.89) | #5 ""Goml @ Bod7b088c-"" (209.90) | #6 ""JV @ mxbmy34bn7"" (162.92) | #7 ""daws @ xjgMoSVpRc"" (304.14) | #8 ""Dp @ YyWpODWXWx"" (65.50) | #10 ""Phil @ fjzrNiYyv8"" (302.71)",2023-05-13T23:06:38.297Z,168401919829701
"-- starting hand #274 (id: az5dmxnt2msw)  (No Limit Texas Hold'em) (dealer: ""Rik @ wAgo7xgxkb"") --",2023-05-13T23:06:38.297Z,168401919829700
"-- ending hand #273 --",2023-05-13T23:06:32.391Z,168401919239102
"""Nyet @ M4PvxvIGMA"" collected 13.00 from pot",2023-05-13T23:06:32.391Z,168401919239101
"Uncalled bet of 4.50 returned to ""Nyet @ M4PvxvIGMA""",2023-05-13T23:06:32.391Z,168401919239100
"""Goml @ Bod7b088c-"" folds",2023-05-13T23:06:31.562Z,168401919156200
"""Nyet @ M4PvxvIGMA"" bets 4.50",2023-05-13T23:06:30.671Z,168401919067100
"""Goml @ Bod7b088c-"" checks",2023-05-13T23:06:26.118Z,168401918611800
"Turn: 9♠, A♣, 3♣ [7♦]",2023-05-13T23:06:25.091Z,168401918509100
"""Goml @ Bod7b088c-"" calls 3.25",2023-05-13T23:06:24.254Z,168401918425400
"""Nyet @ M4PvxvIGMA"" bets 3.25",2023-05-13T23:06:20.267Z,168401918026700
"""Goml @ Bod7b088c-"" checks",2023-05-13T23:06:12.999Z,168401917299900
"Flop:  [9♠, A♣, 3♣]",2023-05-13T23:06:11.555Z,168401917155500
"""Goml @ Bod7b088c-"" calls 3.00",2023-05-13T23:06:10.745Z,168401917074500
"""Rik @ wAgo7xgxkb"" folds",2023-05-13T23:06:08.035Z,168401916803500
"""Nyet @ M4PvxvIGMA"" raises to 3.00",2023-05-13T23:05:55.389Z,168401915538900
"""Mamo @ abVmUlEwy_"" folds",2023-05-13T23:05:52.810Z,168401915281000
"""Phil @ fjzrNiYyv8"" folds",2023-05-13T23:05:51.864Z,168401915186400
"""Dp @ YyWpODWXWx"" folds",2023-05-13T23:05:51.011Z,168401915101100
"""daws @ xjgMoSVpRc"" folds",2023-05-13T23:05:34.038Z,168401913403800
"""JV @ mxbmy34bn7"" folds",2023-05-13T23:05:33.082Z,168401913308200
"""Goml @ Bod7b088c-"" posts a big blind of 1.00",2023-05-13T23:05:31.446Z,168401913144611
"""Rik @ wAgo7xgxkb"" posts a small blind of 0.50",2023-05-13T23:05:31.446Z,168401913144610
"Player stacks: #1 ""Mamo @ abVmUlEwy_"" (204.49) | #2 ""Nyet @ M4PvxvIGMA"" (119.50) | #4 ""Rik @ wAgo7xgxkb"" (847.39) | #5 ""Goml @ Bod7b088c-"" (216.15) | #6 ""JV @ mxbmy34bn7"" (162.92) | #7 ""daws @ xjgMoSVpRc"" (304.14) | #8 ""Dp @ YyWpODWXWx"" (65.50) | #10 ""Phil @ fjzrNiYyv8"" (302.71)",2023-05-13T23:05:31.446Z,168401913144601
"-- starting hand #273 (id: eze7qselsf0t)  (No Limit Texas Hold'em) (dealer: ""Nyet @ M4PvxvIGMA"") --",2023-05-13T23:05:31.446Z,168401913144600
"-- ending hand #272 --",2023-05-13T23:05:25.393Z,168401912539302
"""Rik @ wAgo7xgxkb"" collected 10.50 from pot with Three of a Kind, 5's (combination: 5♦, 5♠, 5♣, A♥, Q♦)",2023-05-13T23:05:25.393Z,168401912539301
"""Rik @ wAgo7xgxkb"" shows a 5♦, 5♠.",2023-05-13T23:05:25.393Z,168401912539300
"""Dp @ YyWpODWXWx"" checks",2023-05-13T23:05:24.570Z,168401912457000
"""Rik @ wAgo7xgxkb"" checks",2023-05-13T23:05:23.127Z,168401912312700
"River: 5♣, 9♦, 3♠, Q♦ [A♥]",2023-05-13T23:05:18.780Z,168401911878000
"""Dp @ YyWpODWXWx"" checks",2023-05-13T23:05:17.932Z,168401911793200
"""Rik @ wAgo7xgxkb"" checks",2023-05-13T23:05:13.766Z,168401911376600
"Turn: 5♣, 9♦, 3♠ [Q♦]",2023-05-13T23:05:10.879Z,168401911087900
"""Dp @ YyWpODWXWx"" checks",2023-05-13T23:05:10.057Z,168401911005700
"""Rik @ wAgo7xgxkb"" checks",2023-05-13T23:05:07.167Z,168401910716700
"Flop:  [5♣, 9♦, 3♠]",2023-05-13T23:05:02.070Z,168401910207000
"""Dp @ YyWpODWXWx"" calls 5.00",2023-05-13T23:05:01.234Z,168401910123400
"""Rik @ wAgo7xgxkb"" raises to 5.00",2023-05-13T23:04:57.900Z,168401909790000
"""Nyet @ M4PvxvIGMA"" folds",2023-05-13T23:04:53.527Z,168401909352700
"""Mamo @ abVmUlEwy_"" folds",2023-05-13T23:04:46.725Z,168401908672500
"""Phil @ fjzrNiYyv8"" folds",2023-05-13T23:04:45.697Z,168401908569700
"""Dp @ YyWpODWXWx"" calls 1.00",2023-05-13T23:04:42.720Z,168401908272000
"""daws @ xjgMoSVpRc"" folds",2023-05-13T23:04:38.585Z,168401907858500
"""JV @ mxbmy34bn7"" folds",2023-05-13T23:04:22.702Z,168401906270200
"""Goml @ Bod7b088c-"" folds",2023-05-13T23:04:17.935Z,168401905793500
"""Rik @ wAgo7xgxkb"" posts a big blind of 1.00",2023-05-13T23:04:15.216Z,168401905521611
"""Nyet @ M4PvxvIGMA"" posts a small blind of 0.50",2023-05-13T23:04:15.216Z,168401905521610
"Player stacks: #1 ""Mamo @ abVmUlEwy_"" (204.49) | #2 ""Nyet @ M4PvxvIGMA"" (120.00) | #4 ""Rik @ wAgo7xgxkb"" (841.89) | #5 ""Goml @ Bod7b088c-"" (216.15) | #6 ""JV @ mxbmy34bn7"" (162.92) | #7 ""daws @ xjgMoSVpRc"" (304.14) | #8 ""Dp @ YyWpODWXWx"" (70.50) | #10 ""Phil @ fjzrNiYyv8"" (302.71)",2023-05-13T23:04:15.216Z,168401905521601
"-- starting hand #272 (id: 5k7fvmvc98hy)  (No Limit Texas Hold'em) (dealer: ""Mamo @ abVmUlEwy_"") --",2023-05-13T23:04:15.216Z,168401905521600
"-- ending hand #271 --",2023-05-13T23:04:09.289Z,168401904928902
"""daws @ xjgMoSVpRc"" collected 13.50 from pot",2023-05-13T23:04:09.289Z,168401904928901
"Uncalled bet of 6.75 returned to ""daws @ xjgMoSVpRc""",2023-05-13T23:04:09.289Z,168401904928900
"""JV @ mxbmy34bn7"" folds",2023-05-13T23:04:08.462Z,168401904846200
"""Goml @ Bod7b088c-"" folds",2023-05-13T23:04:04.665Z,168401904466500
"""daws @ xjgMoSVpRc"" bets 6.75",2023-05-13T23:04:03.770Z,168401904377000
"""JV @ mxbmy34bn7"" checks",2023-05-13T23:04:00.353Z,168401904035300
"""Goml @ Bod7b088c-"" checks",2023-05-13T23:03:53.600Z,168401903360000
"Turn: Q♠, 5♠, 2♥ [4♠]",2023-05-13T23:03:38.591Z,168401901859100
"""daws @ xjgMoSVpRc"" checks",2023-05-13T23:03:37.720Z,168401901772000
"""JV @ mxbmy34bn7"" checks",2023-05-13T23:03:36.441Z,168401901644100
"""Goml @ Bod7b088c-"" checks",2023-05-13T23:03:35.313Z,168401901531300
"Flop:  [Q♠, 5♠, 2♥]",2023-05-13T23:03:33.976Z,168401901397600
"""JV @ mxbmy34bn7"" calls 4.00",2023-05-13T23:03:33.112Z,168401901311200
"""Goml @ Bod7b088c-"" calls 4.00",2023-05-13T23:03:29.436Z,168401900943600
"""Nyet @ M4PvxvIGMA"" folds",2023-05-13T23:03:25.416Z,168401900541600
"""Mamo @ abVmUlEwy_"" folds",2023-05-13T23:03:23.766Z,168401900376600
"""Phil @ fjzrNiYyv8"" folds",2023-05-13T23:03:17.807Z,168401899780700
"""Dp @ YyWpODWXWx"" folds",2023-05-13T23:03:16.911Z,168401899691100
"""daws @ xjgMoSVpRc"" raises to 4.00",2023-05-13T23:03:15.905Z,168401899590500
"""JV @ mxbmy34bn7"" calls 1.00",2023-05-13T23:03:09.802Z,168401898980200
"""Goml @ Bod7b088c-"" calls 1.00",2023-05-13T23:03:00.769Z,168401898076900
"""Rik @ wAgo7xgxkb"" folds",2023-05-13T23:02:55.433Z,168401897543300
"""Nyet @ M4PvxvIGMA"" posts a big blind of 1.00",2023-05-13T23:02:53.590Z,168401897359011
"""Mamo @ abVmUlEwy_"" posts a small blind of 0.50",2023-05-13T23:02:53.590Z,168401897359010
"Player stacks: #1 ""Mamo @ abVmUlEwy_"" (204.99) | #2 ""Nyet @ M4PvxvIGMA"" (121.00) | #4 ""Rik @ wAgo7xgxkb"" (841.89) | #5 ""Goml @ Bod7b088c-"" (220.15) | #6 ""JV @ mxbmy34bn7"" (166.92) | #7 ""daws @ xjgMoSVpRc"" (294.64) | #8 ""Dp @ YyWpODWXWx"" (70.50) | #10 ""Phil @ fjzrNiYyv8"" (302.71)",2023-05-13T23:02:53.590Z,168401897359001
"-- starting hand #271 (id: jc4fk5q5ogfz)  (No Limit Texas Hold'em) (dealer: ""Phil @ fjzrNiYyv8"") --",2023-05-13T23:02:53.590Z,168401897359000
"-- ending hand #270 --",2023-05-13T23:02:47.581Z,168401896758102
"""Rik @ wAgo7xgxkb"" collected 7.50 from pot with Pair, 4's (combination: 4♥, 4♠, A♣, K♥, Q♥)",2023-05-13T23:02:47.581Z,168401896758101
"""Rik @ wAgo7xgxkb"" shows a 4♥, 4♠.",2023-05-13T23:02:47.581Z,168401896758100
"""daws @ xjgMoSVpRc"" checks",2023-05-13T23:02:46.730Z,168401896673000
"""Rik @ wAgo7xgxkb"" checks",2023-05-13T23:02:44.953Z,168401896495300
"River: A♣, 6♦, Q♥, K♥ [9♥]",2023-05-13T23:02:42.380Z,168401896238000
"""daws @ xjgMoSVpRc"" checks",2023-05-13T23:02:41.515Z,168401896151500
"""Rik @ wAgo7xgxkb"" checks",2023-05-13T23:02:38.424Z,168401895842400
"Turn: A♣, 6♦, Q♥ [K♥]",2023-05-13T23:02:35.765Z,168401895576500
"""daws @ xjgMoSVpRc"" checks",2023-05-13T23:02:34.931Z,168401895493100
"""Rik @ wAgo7xgxkb"" checks",2023-05-13T23:02:29.729Z,168401894972900
"Flop:  [A♣, 6♦, Q♥]",2023-05-13T23:02:25.472Z,168401894547200
"""Mamo @ abVmUlEwy_"" folds",2023-05-13T23:02:24.625Z,168401894462500
"""Phil @ fjzrNiYyv8"" folds",2023-05-13T23:02:17.491Z,168401893749100
"""Dp @ YyWpODWXWx"" folds",2023-05-13T23:02:16.593Z,168401893659300
"""daws @ xjgMoSVpRc"" calls 3.00",2023-05-13T23:02:14.081Z,168401893408100
"""JV @ mxbmy34bn7"" folds",2023-05-13T23:02:08.212Z,168401892821200
"""Goml @ Bod7b088c-"" folds",2023-05-13T23:02:06.763Z,168401892676300
"""Rik @ wAgo7xgxkb"" raises to 3.00",2023-05-13T23:02:05.848Z,168401892584800
"""Nyet @ M4PvxvIGMA"" folds",2023-05-13T23:02:03.313Z,168401892331300
"""Mamo @ abVmUlEwy_"" posts a big blind of 1.00",2023-05-13T23:01:54.394Z,168401891439411
"""Phil @ fjzrNiYyv8"" posts a small blind of 0.50",2023-05-13T23:01:54.394Z,168401891439410
"Player stacks: #1 ""Mamo @ abVmUlEwy_"" (205.99) | #2 ""Nyet @ M4PvxvIGMA"" (121.00) | #4 ""Rik @ wAgo7xgxkb"" (837.39) | #5 ""Goml @ Bod7b088c-"" (220.15) | #6 ""JV @ mxbmy34bn7"" (166.92) | #7 ""daws @ xjgMoSVpRc"" (297.64) | #8 ""Dp @ YyWpODWXWx"" (70.50) | #10 ""Phil @ fjzrNiYyv8"" (303.21)",2023-05-13T23:01:54.394Z,168401891439401
"-- starting hand #270 (id: raagcxlbbvgl)  (No Limit Texas Hold'em) (dealer: ""Dp @ YyWpODWXWx"") --",2023-05-13T23:01:54.394Z,168401891439400
"-- ending hand #269 --",2023-05-13T23:01:48.323Z,168401890832303
"""Phil @ fjzrNiYyv8"" shows a 8♣, 10♦.",2023-05-13T23:01:48.323Z,168401890832302
"""daws @ xjgMoSVpRc"" collected 14.28 from pot with Two Pair, Q's & 9's (combination: Q♠, Q♦, 9♥, 9♠, K♥)",2023-05-13T23:01:48.323Z,168401890832301
"""daws @ xjgMoSVpRc"" shows a 9♥, J♠.",2023-05-13T23:01:48.323Z,168401890832300
"""daws @ xjgMoSVpRc"" calls 3.89",2023-05-13T23:01:47.509Z,168401890750900
"""Phil @ fjzrNiYyv8"" bets 3.89",2023-05-13T23:01:46.380Z,168401890638000
"River: Q♠, 9♠, Q♦, 4♣ [K♥]",2023-05-13T23:01:42.969Z,168401890296900
"""daws @ xjgMoSVpRc"" calls 2.00",2023-05-13T23:01:42.150Z,168401890215000
"""Phil @ fjzrNiYyv8"" bets 2.00",2023-05-13T23:01:40.767Z,168401890076700
"Turn: Q♠, 9♠, Q♦ [4♣]",2023-05-13T23:01:38.316Z,168401889831600
"""daws @ xjgMoSVpRc"" checks",2023-05-13T23:01:37.468Z,168401889746800
"""Phil @ fjzrNiYyv8"" checks",2023-05-13T23:01:24.538Z,168401888453800
"Flop:  [Q♠, 9♠, Q♦]",2023-05-13T23:01:23.344Z,168401888334400
"""Phil @ fjzrNiYyv8"" checks",2023-05-13T23:01:22.520Z,168401888252000
"""Dp @ YyWpODWXWx"" folds",2023-05-13T23:01:21.618Z,168401888161800
"""daws @ xjgMoSVpRc"" calls 1.00",2023-05-13T23:01:20.582Z,168401888058200
"""JV @ mxbmy34bn7"" folds",2023-05-13T23:01:11.840Z,168401887184000
"""Goml @ Bod7b088c-"" folds",2023-05-13T23:01:06.532Z,168401886653200
"""Rik @ wAgo7xgxkb"" folds",2023-05-13T23:01:05.583Z,168401886558300
"""Nyet @ M4PvxvIGMA"" folds",2023-05-13T23:01:03.423Z,168401886342300
"""Mamo @ abVmUlEwy_"" folds",2023-05-13T23:00:55.275Z,168401885527500
"""Phil @ fjzrNiYyv8"" posts a big blind of 1.00",2023-05-13T23:00:49.004Z,168401884900411
"""Dp @ YyWpODWXWx"" posts a small blind of 0.50",2023-05-13T23:00:49.004Z,168401884900410
"Player stacks: #1 ""Mamo @ abVmUlEwy_"" (205.99) | #2 ""Nyet @ M4PvxvIGMA"" (121.00) | #4 ""Rik @ wAgo7xgxkb"" (837.39) | #5 ""Goml @ Bod7b088c-"" (220.15) | #6 ""JV @ mxbmy34bn7"" (166.92) | #7 ""daws @ xjgMoSVpRc"" (290.25) | #8 ""Dp @ YyWpODWXWx"" (71.00) | #10 ""Phil @ fjzrNiYyv8"" (310.10)",2023-05-13T23:00:49.004Z,168401884900401
"-- starting hand #269 (id: axy0dswqc0sq)  (No Limit Texas Hold'em) (dealer: ""daws @ xjgMoSVpRc"") --",2023-05-13T23:00:49.004Z,168401884900400
"-- ending hand #268 --",2023-05-13T23:00:46.053Z,168401884605302
"""daws @ xjgMoSVpRc"" collected 9.00 from pot",2023-05-13T23:00:46.053Z,168401884605301
"Uncalled bet of 4.50 returned to ""daws @ xjgMoSVpRc""",2023-05-13T23:00:46.053Z,168401884605300
"""Goml @ Bod7b088c-"" folds",2023-05-13T23:00:45.215Z,168401884521500
"""daws @ xjgMoSVpRc"" bets 4.50",2023-05-13T23:00:44.218Z,168401884421800
"River: A♣, 4♠, K♥, 2♣ [5♣]",2023-05-13T23:00:40.642Z,168401884064200
"""Goml @ Bod7b088c-"" checks",2023-05-13T23:00:39.796Z,168401883979600
"""daws @ xjgMoSVpRc"" checks",2023-05-13T23:00:38.868Z,168401883886800
"Turn: A♣, 4♠, K♥ [2♣]",2023-05-13T23:00:36.040Z,168401883604000
"""Goml @ Bod7b088c-"" checks",2023-05-13T23:00:35.196Z,168401883519600
"""daws @ xjgMoSVpRc"" checks",2023-05-13T23:00:33.861Z,168401883386100
"Flop:  [A♣, 4♠, K♥]",2023-05-13T23:00:31.782Z,168401883178200
"""Goml @ Bod7b088c-"" calls 4.00",2023-05-13T23:00:30.909Z,168401883090900
"""Dp @ YyWpODWXWx"" folds",2023-05-13T23:00:28.030Z,168401882803000
"""daws @ xjgMoSVpRc"" raises to 4.00",2023-05-13T23:00:25.157Z,168401882515700
"""JV @ mxbmy34bn7"" folds",2023-05-13T23:00:12.391Z,168401881239100
"""Goml @ Bod7b088c-"" calls 1.00",2023-05-13T23:00:05.714Z,168401880571400
"""Rik @ wAgo7xgxkb"" folds",2023-05-13T23:00:04.641Z,168401880464100
"""Nyet @ M4PvxvIGMA"" folds",2023-05-13T23:00:03.751Z,168401880375100
"""Mamo @ abVmUlEwy_"" folds",2023-05-13T23:00:02.795Z,168401880279500
"""Phil @ fjzrNiYyv8"" folds",2023-05-13T23:00:00.224Z,168401880022400
"""Dp @ YyWpODWXWx"" posts a big blind of 1.00",2023-05-13T22:59:58.780Z,168401879878011
"""daws @ xjgMoSVpRc"" posts a small blind of 0.50",2023-05-13T22:59:58.780Z,168401879878010
"Player stacks: #1 ""Mamo @ abVmUlEwy_"" (205.99) | #2 ""Nyet @ M4PvxvIGMA"" (121.00) | #4 ""Rik @ wAgo7xgxkb"" (837.39) | #5 ""Goml @ Bod7b088c-"" (224.15) | #6 ""JV @ mxbmy34bn7"" (166.92) | #7 ""daws @ xjgMoSVpRc"" (285.25) | #8 ""Dp @ YyWpODWXWx"" (72.00) | #10 ""Phil @ fjzrNiYyv8"" (310.10)",2023-05-13T22:59:58.780Z,168401879878001
"-- starting hand #268 (id: 3yofngb5hpm3)  (No Limit Texas Hold'em) (dealer: ""JV @ mxbmy34bn7"") --",2023-05-13T22:59:58.780Z,168401879878000
"-- ending hand #267 --",2023-05-13T22:59:52.866Z,168401879286602
"""Nyet @ M4PvxvIGMA"" collected 2.50 from pot",2023-05-13T22:59:52.866Z,168401879286601
"Uncalled bet of 2.00 returned to ""Nyet @ M4PvxvIGMA""",2023-05-13T22:59:52.866Z,168401879286600
"""daws @ xjgMoSVpRc"" folds",2023-05-13T22:59:52.057Z,168401879205700
"""JV @ mxbmy34bn7"" folds",2023-05-13T22:59:51.155Z,168401879115500
"""Goml @ Bod7b088c-"" folds",2023-05-13T22:59:35.928Z,168401877592800
"""Rik @ wAgo7xgxkb"" folds",2023-05-13T22:59:35.017Z,168401877501700
"""Nyet @ M4PvxvIGMA"" raises to 3.00",2023-05-13T22:59:34.069Z,168401877406900
"""Mamo @ abVmUlEwy_"" folds",2023-05-13T22:59:26.203Z,168401876620300
"""Phil @ fjzrNiYyv8"" folds",2023-05-13T22:59:25.090Z,168401876509000
"""Dp @ YyWpODWXWx"" folds",2023-05-13T22:59:24.197Z,168401876419700
"""daws @ xjgMoSVpRc"" posts a big blind of 1.00",2023-05-13T22:59:18.333Z,168401875833311
"""JV @ mxbmy34bn7"" posts a small blind of 0.50",2023-05-13T22:59:18.333Z,168401875833310
"Player stacks: #1 ""Mamo @ abVmUlEwy_"" (205.99) | #2 ""Nyet @ M4PvxvIGMA"" (119.50) | #4 ""Rik @ wAgo7xgxkb"" (837.39) | #5 ""Goml @ Bod7b088c-"" (224.15) | #6 ""JV @ mxbmy34bn7"" (167.42) | #7 ""daws @ xjgMoSVpRc"" (286.25) | #8 ""Dp @ YyWpODWXWx"" (72.00) | #10 ""Phil @ fjzrNiYyv8"" (310.10)",2023-05-13T22:59:18.333Z,168401875833301
"-- starting hand #267 (id: vg6sngepd3q9)  (No Limit Texas Hold'em) (dealer: ""Goml @ Bod7b088c-"") --",2023-05-13T22:59:18.333Z,168401875833300
"-- ending hand #266 --",2023-05-13T22:59:12.429Z,168401875242902
"""Rik @ wAgo7xgxkb"" collected 12.50 from pot",2023-05-13T22:59:12.429Z,168401875242901
"Uncalled bet of 7.50 returned to ""Rik @ wAgo7xgxkb""",2023-05-13T22:59:12.429Z,168401875242900
"""JV @ mxbmy34bn7"" folds",2023-05-13T22:59:11.582Z,168401875158200
"""Rik @ wAgo7xgxkb"" bets 7.50",2023-05-13T22:59:10.069Z,168401875006900
"""JV @ mxbmy34bn7"" checks",2023-05-13T22:59:04.950Z,168401874495000
"Turn: K♠, 10♣, 5♣ [A♦]",2023-05-13T22:59:03.401Z,168401874340100
"""JV @ mxbmy34bn7"" calls 3.00",2023-05-13T22:59:02.566Z,168401874256600
"""Rik @ wAgo7xgxkb"" bets 3.00",2023-05-13T22:58:57.245Z,168401873724500
"""JV @ mxbmy34bn7"" checks",2023-05-13T22:58:54.130Z,168401873413000
"Flop:  [K♠, 10♣, 5♣]",2023-05-13T22:58:52.787Z,168401873278700
"""JV @ mxbmy34bn7"" calls 3.00",2023-05-13T22:58:51.965Z,168401873196500
"""Goml @ Bod7b088c-"" folds",2023-05-13T22:58:49.532Z,168401872953200
"""Rik @ wAgo7xgxkb"" raises to 3.00",2023-05-13T22:58:48.617Z,168401872861700
"""Nyet @ M4PvxvIGMA"" folds",2023-05-13T22:58:43.501Z,168401872350100
"""Mamo @ abVmUlEwy_"" folds",2023-05-13T22:58:42.340Z,168401872234000
"""Phil @ fjzrNiYyv8"" folds",2023-05-13T22:58:40.728Z,168401872072800
"""Dp @ YyWpODWXWx"" folds",2023-05-13T22:58:39.852Z,168401871985200
"""daws @ xjgMoSVpRc"" folds",2023-05-13T22:58:38.773Z,168401871877300
"""JV @ mxbmy34bn7"" posts a big blind of 1.00",2023-05-13T22:58:34.767Z,168401871476711
"""Goml @ Bod7b088c-"" posts a small blind of 0.50",2023-05-13T22:58:34.767Z,168401871476710
"Player stacks: #1 ""Mamo @ abVmUlEwy_"" (205.99) | #2 ""Nyet @ M4PvxvIGMA"" (119.50) | #4 ""Rik @ wAgo7xgxkb"" (830.89) | #5 ""Goml @ Bod7b088c-"" (224.65) | #6 ""JV @ mxbmy34bn7"" (173.42) | #7 ""daws @ xjgMoSVpRc"" (286.25) | #8 ""Dp @ YyWpODWXWx"" (72.00) | #10 ""Phil @ fjzrNiYyv8"" (310.10)",2023-05-13T22:58:34.767Z,168401871476701
"-- starting hand #266 (id: pi79xd47vxou)  (No Limit Texas Hold'em) (dealer: ""Rik @ wAgo7xgxkb"") --",2023-05-13T22:58:34.767Z,168401871476700
"-- ending hand #265 --",2023-05-13T22:58:28.761Z,168401870876103
"""JV @ mxbmy34bn7"" shows a K♦, Q♠.",2023-05-13T22:58:28.761Z,168401870876102
"""Phil @ fjzrNiYyv8"" collected 75.00 from pot with Straight, K High (combination: K♠, Q♦, J♥, 10♣, 9♠)",2023-05-13T22:58:28.761Z,168401870876101
"""Phil @ fjzrNiYyv8"" shows a J♥, K♠.",2023-05-13T22:58:28.761Z,168401870876100
"""Phil @ fjzrNiYyv8"" calls 23.00",2023-05-13T22:58:27.876Z,168401870787600
"""JV @ mxbmy34bn7"" raises to 23.00",2023-05-13T22:58:25.821Z,168401870582100
"""Phil @ fjzrNiYyv8"" bets 11.00",2023-05-13T22:58:20.268Z,168401870026800
"""JV @ mxbmy34bn7"" checks",2023-05-13T22:58:16.074Z,168401869607400
"River: 9♠, Q♦, 2♣, 10♣ [7♣]",2023-05-13T22:58:14.050Z,168401869405000
"""JV @ mxbmy34bn7"" calls 7.00",2023-05-13T22:58:13.214Z,168401869321400
"""Phil @ fjzrNiYyv8"" bets 7.00",2023-05-13T22:58:09.495Z,168401868949500
"""JV @ mxbmy34bn7"" checks",2023-05-13T22:58:03.443Z,168401868344300
"Turn: 9♠, Q♦, 2♣ [10♣]",2023-05-13T22:57:59.190Z,168401867919000
"""Phil @ fjzrNiYyv8"" calls 3.75",2023-05-13T22:57:58.385Z,168401867838500
"""JV @ mxbmy34bn7"" bets 3.75",2023-05-13T22:57:55.342Z,168401867534200
"Flop:  [9♠, Q♦, 2♣]",2023-05-13T22:57:45.005Z,168401866500500
"""Goml @ Bod7b088c-"" folds",2023-05-13T22:57:44.180Z,168401866418000
"""Rik @ wAgo7xgxkb"" folds",2023-05-13T22:57:43.223Z,168401866322300
"""Nyet @ M4PvxvIGMA"" folds",2023-05-13T22:57:42.343Z,168401866234300
"""Mamo @ abVmUlEwy_"" folds",2023-05-13T22:57:41.305Z,168401866130500
"""Phil @ fjzrNiYyv8"" calls 3.00",2023-05-13T22:57:40.192Z,168401866019200
"""Dp @ YyWpODWXWx"" folds",2023-05-13T22:57:36.734Z,168401865673400
"""daws @ xjgMoSVpRc"" folds",2023-05-13T22:57:27.150Z,168401864715000
"""JV @ mxbmy34bn7"" raises to 3.00",2023-05-13T22:57:11.280Z,168401863128000
"""Goml @ Bod7b088c-"" posts a big blind of 1.00",2023-05-13T22:57:03.149Z,168401862314911
"""Rik @ wAgo7xgxkb"" posts a small blind of 0.50",2023-05-13T22:57:03.149Z,168401862314910
"Player stacks: #1 ""Mamo @ abVmUlEwy_"" (205.99) | #2 ""Nyet @ M4PvxvIGMA"" (119.50) | #4 ""Rik @ wAgo7xgxkb"" (831.39) | #5 ""Goml @ Bod7b088c-"" (225.65) | #6 ""JV @ mxbmy34bn7"" (210.17) | #7 ""daws @ xjgMoSVpRc"" (286.25) | #8 ""Dp @ YyWpODWXWx"" (72.00) | #10 ""Phil @ fjzrNiYyv8"" (271.85)",2023-05-13T22:57:03.149Z,168401862314901
"-- starting hand #265 (id: ojufdxe74xjl)  (No Limit Texas Hold'em) (dealer: ""Nyet @ M4PvxvIGMA"") --",2023-05-13T22:57:03.149Z,168401862314900
"-- ending hand #264 --",2023-05-13T22:56:57.141Z,168401861714102
"""Rik @ wAgo7xgxkb"" collected 6.50 from pot with Pair, 7's (combination: 7♥, 7♦, K♣, Q♦, 9♥)",2023-05-13T22:56:57.141Z,168401861714101
"""Rik @ wAgo7xgxkb"" shows a 7♥, 9♥.",2023-05-13T22:56:57.141Z,168401861714100
"""Phil @ fjzrNiYyv8"" checks",2023-05-13T22:56:56.313Z,168401861631300
"""Rik @ wAgo7xgxkb"" checks",2023-05-13T22:56:55.444Z,168401861544400
"River: 3♠, 6♥, Q♦, 7♦ [K♣]",2023-05-13T22:56:54.012Z,168401861401200
"""Phil @ fjzrNiYyv8"" checks",2023-05-13T22:56:53.165Z,168401861316500
"""Rik @ wAgo7xgxkb"" checks",2023-05-13T22:56:52.308Z,168401861230800
"Turn: 3♠, 6♥, Q♦ [7♦]",2023-05-13T22:56:50.208Z,168401861020800
"""Phil @ fjzrNiYyv8"" checks",2023-05-13T22:56:49.376Z,168401860937600
"""Rik @ wAgo7xgxkb"" checks",2023-05-13T22:56:48.517Z,168401860851700
"Flop:  [3♠, 6♥, Q♦]",2023-05-13T22:56:46.203Z,168401860620300
"""Rik @ wAgo7xgxkb"" calls 3.00",2023-05-13T22:56:45.343Z,168401860534300
"""Nyet @ M4PvxvIGMA"" folds",2023-05-13T22:56:42.813Z,168401860281300
"""Mamo @ abVmUlEwy_"" folds",2023-05-13T22:56:41.793Z,168401860179300
"""Phil @ fjzrNiYyv8"" raises to 3.00",2023-05-13T22:56:40.838Z,168401860083800
"""Dp @ YyWpODWXWx"" folds",2023-05-13T22:56:38.522Z,168401859852200
"""daws @ xjgMoSVpRc"" folds",2023-05-13T22:56:22.656Z,168401858265600
"""JV @ mxbmy34bn7"" folds",2023-05-13T22:56:12.534Z,168401857253400
"""Goml @ Bod7b088c-"" folds",2023-05-13T22:56:07.478Z,168401856747800
"""Rik @ wAgo7xgxkb"" posts a big blind of 1.00",2023-05-13T22:56:06.559Z,168401856655911
"""Nyet @ M4PvxvIGMA"" posts a small blind of 0.50",2023-05-13T22:56:06.559Z,168401856655910
"Player stacks: #1 ""Mamo @ abVmUlEwy_"" (205.99) | #2 ""Nyet @ M4PvxvIGMA"" (120.00) | #4 ""Rik @ wAgo7xgxkb"" (827.89) | #5 ""Goml @ Bod7b088c-"" (225.65) | #6 ""JV @ mxbmy34bn7"" (210.17) | #7 ""daws @ xjgMoSVpRc"" (286.25) | #8 ""Dp @ YyWpODWXWx"" (72.00) | #10 ""Phil @ fjzrNiYyv8"" (274.85)",2023-05-13T22:56:06.559Z,168401856655901
"-- starting hand #264 (id: imkgaailkzan)  (No Limit Texas Hold'em) (dealer: ""Mamo @ abVmUlEwy_"") --",2023-05-13T22:56:06.559Z,168401856655900
"""Nyet @ M4PvxvIGMA"" shows a 10♣, Q♦.",2023-05-13T22:56:03.946Z,168401856394600
"-- ending hand #263 --",2023-05-13T22:56:02.954Z,168401856295402
"""Goml @ Bod7b088c-"" collected 27.00 from pot",2023-05-13T22:56:02.954Z,168401856295401
"Uncalled bet of 12.50 returned to ""Goml @ Bod7b088c-""",2023-05-13T22:56:02.954Z,168401856295400
"""Dp @ YyWpODWXWx"" folds",2023-05-13T22:56:02.107Z,168401856210700
"""Goml @ Bod7b088c-"" bets 12.50",2023-05-13T22:55:56.313Z,168401855631300
"River: 9♥, K♣, 7♣, Q♥ [6♠]",2023-05-13T22:55:51.418Z,168401855141800
"""Nyet @ M4PvxvIGMA"" folds",2023-05-13T22:55:50.510Z,168401855051000
"""Dp @ YyWpODWXWx"" calls 7.25",2023-05-13T22:55:49.192Z,168401854919200
"""daws @ xjgMoSVpRc"" folds",2023-05-13T22:55:47.876Z,168401854787600
"""Goml @ Bod7b088c-"" bets 7.25",2023-05-13T22:55:44.817Z,168401854481700
"""Nyet @ M4PvxvIGMA"" checks",2023-05-13T22:55:41.272Z,168401854127200
"Turn: 9♥, K♣, 7♣ [Q♥]",2023-05-13T22:55:39.808Z,168401853980800
"""Dp @ YyWpODWXWx"" checks",2023-05-13T22:55:38.957Z,168401853895700
"""daws @ xjgMoSVpRc"" checks",2023-05-13T22:55:35.135Z,168401853513500
"""Goml @ Bod7b088c-"" checks",2023-05-13T22:55:32.818Z,168401853281800
"""Nyet @ M4PvxvIGMA"" checks",2023-05-13T22:55:27.732Z,168401852773200
"Flop:  [9♥, K♣, 7♣]",2023-05-13T22:55:25.674Z,168401852567400
"""Goml @ Bod7b088c-"" calls 3.00",2023-05-13T22:55:24.868Z,168401852486800
"""Nyet @ M4PvxvIGMA"" calls 3.00",2023-05-13T22:55:23.482Z,168401852348200
"""Mamo @ abVmUlEwy_"" folds",2023-05-13T22:55:19.720Z,168401851972000
"""Phil @ fjzrNiYyv8"" folds",2023-05-13T22:55:18.511Z,168401851851100
"""Dp @ YyWpODWXWx"" calls 3.00",2023-05-13T22:55:17.428Z,168401851742800
"""daws @ xjgMoSVpRc"" raises to 3.00",2023-05-13T22:54:59.765Z,168401849976500
"""JV @ mxbmy34bn7"" folds",2023-05-13T22:54:55.116Z,168401849511600
"""Goml @ Bod7b088c-"" calls 1.00",2023-05-13T22:54:50.897Z,168401849089700
"""Rik @ wAgo7xgxkb"" folds",2023-05-13T22:54:49.760Z,168401848976000
"""Nyet @ M4PvxvIGMA"" posts a big blind of 1.00",2023-05-13T22:54:47.484Z,168401848748411
"""Mamo @ abVmUlEwy_"" posts a small blind of 0.50",2023-05-13T22:54:47.484Z,168401848748410
"Player stacks: #1 ""Mamo @ abVmUlEwy_"" (206.49) | #2 ""Nyet @ M4PvxvIGMA"" (123.00) | #4 ""Rik @ wAgo7xgxkb"" (827.89) | #5 ""Goml @ Bod7b088c-"" (208.90) | #6 ""JV @ mxbmy34bn7"" (210.17) | #7 ""daws @ xjgMoSVpRc"" (289.25) | #8 ""Dp @ YyWpODWXWx"" (82.25) | #10 ""Phil @ fjzrNiYyv8"" (274.85)",2023-05-13T22:54:47.484Z,168401848748401
"-- starting hand #263 (id: vz2ruxjehncf)  (No Limit Texas Hold'em) (dealer: ""Phil @ fjzrNiYyv8"") --",2023-05-13T22:54:47.484Z,168401848748400
"-- ending hand #262 --",2023-05-13T22:54:41.482Z,168401848148202
"""daws @ xjgMoSVpRc"" collected 2.50 from pot",2023-05-13T22:54:41.482Z,168401848148201
"Uncalled bet of 2.00 returned to ""daws @ xjgMoSVpRc""",2023-05-13T22:54:41.482Z,168401848148200
"""Mamo @ abVmUlEwy_"" folds",2023-05-13T22:54:40.580Z,168401848058000
"""Phil @ fjzrNiYyv8"" folds",2023-05-13T22:54:38.213Z,168401847821300
"""Dp @ YyWpODWXWx"" folds",2023-05-13T22:54:37.344Z,168401847734400
"""daws @ xjgMoSVpRc"" raises to 3.00",2023-05-13T22:54:36.362Z,168401847636200
"""JV @ mxbmy34bn7"" folds",2023-05-13T22:54:33.291Z,168401847329100
"""Goml @ Bod7b088c-"" folds",2023-05-13T22:54:31.613Z,168401847161300
"""Rik @ wAgo7xgxkb"" folds",2023-05-13T22:54:30.680Z,168401847068000
"""Nyet @ M4PvxvIGMA"" folds",2023-05-13T22:54:26.283Z,168401846628300
"""Mamo @ abVmUlEwy_"" posts a big blind of 1.00",2023-05-13T22:54:24.064Z,168401846406412
"""Phil @ fjzrNiYyv8"" posts a small blind of 0.50",2023-05-13T22:54:24.064Z,168401846406411
"Player stacks: #1 ""Mamo @ abVmUlEwy_"" (207.49) | #2 ""Nyet @ M4PvxvIGMA"" (123.00) | #4 ""Rik @ wAgo7xgxkb"" (827.89) | #5 ""Goml @ Bod7b088c-"" (208.90) | #6 ""JV @ mxbmy34bn7"" (210.17) | #7 ""daws @ xjgMoSVpRc"" (287.75) | #8 ""Dp @ YyWpODWXWx"" (82.25) | #10 ""Phil @ fjzrNiYyv8"" (275.35)",2023-05-13T22:54:24.064Z,168401846406402
"-- starting hand #262 (id: bpfb4ija2di2)  (No Limit Texas Hold'em) (dead button) --",2023-05-13T22:54:24.064Z,168401846406401
"The player ""Dp @ YyWpODWXWx"" joined the game with a stack of 82.25.",2023-05-13T22:54:24.064Z,168401846406400
"-- ending hand #261 --",2023-05-13T22:54:18.059Z,168401845805902
"""daws @ xjgMoSVpRc"" collected 2.00 from pot",2023-05-13T22:54:18.059Z,168401845805901
"Uncalled bet of 2.00 returned to ""daws @ xjgMoSVpRc""",2023-05-13T22:54:18.059Z,168401845805900
"""Phil @ fjzrNiYyv8"" folds",2023-05-13T22:54:17.160Z,168401845716000
"""daws @ xjgMoSVpRc"" raises to 3.00",2023-05-13T22:54:16.303Z,168401845630300
"""JV @ mxbmy34bn7"" folds",2023-05-13T22:54:11.731Z,168401845173100
"""Goml @ Bod7b088c-"" folds",2023-05-13T22:54:09.645Z,168401844964500
"""Rik @ wAgo7xgxkb"" folds",2023-05-13T22:54:08.582Z,168401844858200
"""Nyet @ M4PvxvIGMA"" folds",2023-05-13T22:54:03.336Z,168401844333600
"""Mamo @ abVmUlEwy_"" folds",2023-05-13T22:54:02.111Z,168401844211100
"""Phil @ fjzrNiYyv8"" posts a big blind of 1.00",2023-05-13T22:54:00.831Z,168401844083111
"Dead Small Blind",2023-05-13T22:54:00.831Z,168401844083110
"Player stacks: #1 ""Mamo @ abVmUlEwy_"" (207.49) | #2 ""Nyet @ M4PvxvIGMA"" (123.00) | #4 ""Rik @ wAgo7xgxkb"" (827.89) | #5 ""Goml @ Bod7b088c-"" (208.90) | #6 ""JV @ mxbmy34bn7"" (210.17) | #7 ""daws @ xjgMoSVpRc"" (286.75) | #10 ""Phil @ fjzrNiYyv8"" (276.35)",2023-05-13T22:54:00.831Z,168401844083102
"-- starting hand #261 (id: 8nf5y7jdonur)  (No Limit Texas Hold'em) (dealer: ""daws @ xjgMoSVpRc"") --",2023-05-13T22:54:00.831Z,168401844083101
"The player ""mp @ -DkySTil6a"" stand up with the stack of 50.67.",2023-05-13T22:54:00.831Z,168401844083100
"-- ending hand #260 --",2023-05-13T22:53:54.879Z,168401843487902
"""Goml @ Bod7b088c-"" collected 8.50 from pot",2023-05-13T22:53:54.879Z,168401843487901
"Uncalled bet of 4.25 returned to ""Goml @ Bod7b088c-""",2023-05-13T22:53:54.879Z,168401843487900
"""mp @ -DkySTil6a"" folds",2023-05-13T22:53:54.074Z,168401843407400
"""Goml @ Bod7b088c-"" bets 4.25",2023-05-13T22:53:52.242Z,168401843224200
"The admin approved the player ""Dp @ YyWpODWXWx"" participation with a stack of 82.25.",2023-05-13T22:53:51.701Z,168401843170100
"""mp @ -DkySTil6a"" checks",2023-05-13T22:53:49.013Z,168401842901300
"Flop:  [10♣, Q♠, 10♥]",2023-05-13T22:53:48.214Z,168401842821400
"""mp @ -DkySTil6a"" calls 4.00",2023-05-13T22:53:47.311Z,168401842731100
"The player ""Dp @ YyWpODWXWx"" requested a seat.",2023-05-13T22:53:46.932Z,168401842693200
"""daws @ xjgMoSVpRc"" folds",2023-05-13T22:53:43.571Z,168401842357100
"""JV @ mxbmy34bn7"" folds",2023-05-13T22:53:42.696Z,168401842269600
"""Goml @ Bod7b088c-"" raises to 4.00",2023-05-13T22:53:37.611Z,168401841761100
"""Rik @ wAgo7xgxkb"" folds",2023-05-13T22:53:35.032Z,168401841503200
"""Nyet @ M4PvxvIGMA"" folds",2023-05-13T22:53:34.143Z,168401841414300
"""Mamo @ abVmUlEwy_"" folds",2023-05-13T22:53:33.069Z,168401841306900
"""Phil @ fjzrNiYyv8"" folds",2023-05-13T22:53:32.016Z,168401841201600
"""mp @ -DkySTil6a"" posts a big blind of 1.00",2023-05-13T22:53:30.777Z,168401841077711
"""daws @ xjgMoSVpRc"" posts a small blind of 0.50",2023-05-13T22:53:30.777Z,168401841077710
"Player stacks: #1 ""Mamo @ abVmUlEwy_"" (207.49) | #2 ""Nyet @ M4PvxvIGMA"" (123.00) | #4 ""Rik @ wAgo7xgxkb"" (827.89) | #5 ""Goml @ Bod7b088c-"" (204.40) | #6 ""JV @ mxbmy34bn7"" (210.17) | #7 ""daws @ xjgMoSVpRc"" (287.25) | #9 ""mp @ -DkySTil6a"" (54.67) | #10 ""Phil @ fjzrNiYyv8"" (276.35)",2023-05-13T22:53:30.777Z,168401841077701
"-- starting hand #260 (id: wwif82dgu7iv)  (No Limit Texas Hold'em) (dealer: ""JV @ mxbmy34bn7"") --",2023-05-13T22:53:30.777Z,168401841077700
"-- ending hand #259 --",2023-05-13T22:53:27.853Z,168401840785302
"""Nyet @ M4PvxvIGMA"" collected 34.00 from pot",2023-05-13T22:53:27.853Z,168401840785301
"Uncalled bet of 28.50 returned to ""Nyet @ M4PvxvIGMA""",2023-05-13T22:53:27.853Z,168401840785300
"""Phil @ fjzrNiYyv8"" folds",2023-05-13T22:53:27.038Z,168401840703800
"""Nyet @ M4PvxvIGMA"" bets 28.50",2023-05-13T22:53:26.002Z,168401840600200
"""Phil @ fjzrNiYyv8"" checks",2023-05-13T22:53:21.184Z,168401840118400
"River: 6♥, Q♥, 4♣, 5♥ [7♦]",2023-05-13T22:53:19.436Z,168401839943600
"""Nyet @ M4PvxvIGMA"" checks",2023-05-13T22:53:18.622Z,168401839862200
"""Phil @ fjzrNiYyv8"" checks",2023-05-13T22:53:16.722Z,168401839672200
"Turn: 6♥, Q♥, 4♣ [5♥]",2023-05-13T22:53:15.630Z,168401839563000
"""mp @ -DkySTil6a"" folds",2023-05-13T22:53:14.779Z,168401839477900
"""daws @ xjgMoSVpRc"" folds",2023-05-13T22:53:13.813Z,168401839381300
"""JV @ mxbmy34bn7"" folds",2023-05-13T22:53:03.206Z,168401838320600
"""Goml @ Bod7b088c-"" folds",2023-05-13T22:52:52.839Z,168401837283900
"""Nyet @ M4PvxvIGMA"" calls 8.00",2023-05-13T22:52:51.805Z,168401837180500
"""Phil @ fjzrNiYyv8"" bets 8.00",2023-05-13T22:52:48.751Z,168401836875100
"""mp @ -DkySTil6a"" checks",2023-05-13T22:52:45.898Z,168401836589800
"""daws @ xjgMoSVpRc"" checks",2023-05-13T22:52:44.924Z,168401836492400
"""JV @ mxbmy34bn7"" checks",2023-05-13T22:52:43.016Z,168401836301600
"Flop:  [6♥, Q♥, 4♣]",2023-05-13T22:52:38.613Z,168401835861300
"""mp @ -DkySTil6a"" calls 3.00",2023-05-13T22:52:37.778Z,168401835777800
"""daws @ xjgMoSVpRc"" calls 3.00",2023-05-13T22:52:33.616Z,168401835361600
"""JV @ mxbmy34bn7"" calls 3.00",2023-05-13T22:52:32.087Z,168401835208700
"""Goml @ Bod7b088c-"" calls 3.00",2023-05-13T22:52:29.831Z,168401834983100
"""Rik @ wAgo7xgxkb"" folds",2023-05-13T22:52:28.507Z,168401834850700
"""Nyet @ M4PvxvIGMA"" calls 3.00",2023-05-13T22:52:20.924Z,168401834092400
"""Mamo @ abVmUlEwy_"" folds",2023-05-13T22:52:19.795Z,168401833979500
"""Phil @ fjzrNiYyv8"" raises to 3.00",2023-05-13T22:52:18.762Z,168401833876200
"""mp @ -DkySTil6a"" calls 1.00",2023-05-13T22:52:16.241Z,168401833624100
"""daws @ xjgMoSVpRc"" posts a big blind of 1.00",2023-05-13T22:52:11.868Z,168401833186813
"""JV @ mxbmy34bn7"" posts a small blind of 0.50",2023-05-13T22:52:11.868Z,168401833186812
"Player stacks: #1 ""Mamo @ abVmUlEwy_"" (207.49) | #2 ""Nyet @ M4PvxvIGMA"" (100.00) | #4 ""Rik @ wAgo7xgxkb"" (827.89) | #5 ""Goml @ Bod7b088c-"" (207.40) | #6 ""JV @ mxbmy34bn7"" (213.17) | #7 ""daws @ xjgMoSVpRc"" (290.25) | #9 ""mp @ -DkySTil6a"" (57.67) | #10 ""Phil @ fjzrNiYyv8"" (287.35)",2023-05-13T22:52:11.868Z,168401833186803
"-- starting hand #259 (id: kgvpn4daynlu)  (No Limit Texas Hold'em) (dealer: ""Goml @ Bod7b088c-"") --",2023-05-13T22:52:11.868Z,168401833186802
"The player ""Nyet @ M4PvxvIGMA"" joined the game with a stack of 100.00.",2023-05-13T22:52:11.868Z,168401833186801
"The player ""Don @ 6T4espke1S"" quits the game with a stack of 0.00.",2023-05-13T22:52:11.868Z,168401833186800
"""Goml @ Bod7b088c-"" shows a 9♥, J♥.",2023-05-13T22:52:06.505Z,168401832650500
"-- ending hand #258 --",2023-05-13T22:52:05.341Z,168401832534101
"""Rik @ wAgo7xgxkb"" collected 277.52 from pot with Three of a Kind, 3's (combination: 3♥, 3♠, 3♦, A♠, K♥)",2023-05-13T22:52:05.341Z,168401832534100
"River: K♥, A♠, 3♦, 6♣ [J♠]",2023-05-13T22:52:01.324Z,168401832132400
"""Don @ 6T4espke1S"" shows a A♣, 10♠.",2023-05-13T22:51:57.317Z,168401831731701
"""Rik @ wAgo7xgxkb"" shows a 3♥, 3♠.",2023-05-13T22:51:57.317Z,168401831731700
"Some players choose to not run it twice.",2023-05-13T22:51:56.433Z,168401831643301
"""Rik @ wAgo7xgxkb"" chooses to not run it twice.",2023-05-13T22:51:56.433Z,168401831643300
"Remaining players decide whether to run it twice.",2023-05-13T22:51:54.639Z,168401831463901
"""Rik @ wAgo7xgxkb"" calls 93.76",2023-05-13T22:51:54.639Z,168401831463900
"""Don @ 6T4espke1S"" bets 93.76 and go all in",2023-05-13T22:51:53.510Z,168401831351000
"Turn: K♥, A♠, 3♦ [6♣]",2023-05-13T22:51:49.710Z,168401830971000
"""daws @ xjgMoSVpRc"" folds",2023-05-13T22:51:48.835Z,168401830883500
"""JV @ mxbmy34bn7"" folds",2023-05-13T22:51:47.915Z,168401830791500
"""Goml @ Bod7b088c-"" folds",2023-05-13T22:51:46.723Z,168401830672300
"""Rik @ wAgo7xgxkb"" calls 25.00",2023-05-13T22:51:45.138Z,168401830513800
"""Mamo @ abVmUlEwy_"" folds",2023-05-13T22:51:43.296Z,168401830329600
"""Phil @ fjzrNiYyv8"" folds",2023-05-13T22:51:42.329Z,168401830232900
"""mp @ -DkySTil6a"" folds",2023-05-13T22:51:41.480Z,168401830148000
"""Don @ 6T4espke1S"" bets 25.00",2023-05-13T22:51:36.447Z,168401829644700
"The admin approved the player ""Nyet @ M4PvxvIGMA"" participation with a stack of 100.00.",2023-05-13T22:51:25.063Z,168401828506300
"""daws @ xjgMoSVpRc"" checks",2023-05-13T22:51:24.826Z,168401828482600
"""JV @ mxbmy34bn7"" checks",2023-05-13T22:51:23.836Z,168401828383600
"""Goml @ Bod7b088c-"" checks",2023-05-13T22:51:16.079Z,168401827607900
"Flop:  [K♥, A♠, 3♦]",2023-05-13T22:51:14.531Z,168401827453100
"""JV @ mxbmy34bn7"" calls 5.00",2023-05-13T22:51:13.687Z,168401827368700
"""Goml @ Bod7b088c-"" calls 5.00",2023-05-13T22:51:12.604Z,168401827260400
"""Rik @ wAgo7xgxkb"" calls 5.00",2023-05-13T22:51:11.724Z,168401827172400
"""Mamo @ abVmUlEwy_"" calls 5.00",2023-05-13T22:51:10.501Z,168401827050100
"""Phil @ fjzrNiYyv8"" calls 5.00",2023-05-13T22:51:09.355Z,168401826935500
"""mp @ -DkySTil6a"" calls 5.00",2023-05-13T22:51:08.510Z,168401826851000
"""Don @ 6T4espke1S"" calls 5.00",2023-05-13T22:51:07.588Z,168401826758800
"""daws @ xjgMoSVpRc"" raises to 5.00",2023-05-13T22:51:06.117Z,168401826611700
"""JV @ mxbmy34bn7"" posts a big blind of 1.00",2023-05-13T22:51:02.068Z,168401826206816
"""Goml @ Bod7b088c-"" posts a small blind of 0.50",2023-05-13T22:51:02.068Z,168401826206815
"Player stacks: #1 ""Mamo @ abVmUlEwy_"" (212.49) | #4 ""Rik @ wAgo7xgxkb"" (674.13) | #5 ""Goml @ Bod7b088c-"" (212.40) | #6 ""JV @ mxbmy34bn7"" (218.17) | #7 ""daws @ xjgMoSVpRc"" (295.25) | #8 ""Don @ 6T4espke1S"" (123.76) | #9 ""mp @ -DkySTil6a"" (62.67) | #10 ""Phil @ fjzrNiYyv8"" (292.35)",2023-05-13T22:51:02.068Z,168401826206806
"-- starting hand #258 (id: 1kaxg4aze5qp)  (No Limit Texas Hold'em) (dealer: ""Rik @ wAgo7xgxkb"") --",2023-05-13T22:51:02.068Z,168401826206805
"The admin updated the player ""Don @ 6T4espke1S"" stack from 118.76 to 123.76.",2023-05-13T22:51:02.068Z,168401826206804
"The admin updated the player ""mp @ -DkySTil6a"" stack from 57.67 to 62.67.",2023-05-13T22:51:02.068Z,168401826206803
"The admin updated the player ""Mamo @ abVmUlEwy_"" stack from 207.49 to 212.49.",2023-05-13T22:51:02.068Z,168401826206802
"The admin updated the player ""Rik @ wAgo7xgxkb"" stack from 669.13 to 674.13.",2023-05-13T22:51:02.068Z,168401826206801
"The admin updated the player ""Goml @ Bod7b088c-"" stack from 232.40 to 212.40.",2023-05-13T22:51:02.068Z,168401826206800
"WARNING: the admin queued the stack change for the player ""Don @ 6T4espke1S"" adding 5.00 chips in the next hand.",2023-05-13T22:50:27.539Z,168401822753900
"""Goml @ Bod7b088c-"" shows a 10♣, 9♦.",2023-05-13T22:50:24.823Z,168401822482300
"WARNING: the admin queued the stack change for the player ""mp @ -DkySTil6a"" adding 5.00 chips in the next hand.",2023-05-13T22:50:22.335Z,168401822233500
"WARNING: the admin queued the stack change for the player ""Mamo @ abVmUlEwy_"" adding 5.00 chips in the next hand.",2023-05-13T22:50:15.700Z,168401821570000
"WARNING: the admin queued the stack change for the player ""Rik @ wAgo7xgxkb"" adding 5.00 chips in the next hand.",2023-05-13T22:50:10.613Z,168401821061300
"WARNING: the admin queued the stack change for the player ""Goml @ Bod7b088c-"" removing 20.00 chips in the next hand.",2023-05-13T22:50:02.632Z,168401820263200
"-- ending hand #257 --",2023-05-13T22:49:37.741Z,168401817774102
"""Goml @ Bod7b088c-"" collected 25.00 from pot",2023-05-13T22:49:37.741Z,168401817774101
"Uncalled bet of 10.50 returned to ""Goml @ Bod7b088c-""",2023-05-13T22:49:37.741Z,168401817774100
"""Rik @ wAgo7xgxkb"" folds",2023-05-13T22:49:36.929Z,168401817692900
"""Mamo @ abVmUlEwy_"" folds",2023-05-13T22:49:35.030Z,168401817503000
"""mp @ -DkySTil6a"" folds",2023-05-13T22:49:20.066Z,168401816006600
"""Don @ 6T4espke1S"" folds",2023-05-13T22:49:17.624Z,168401815762400
"""Goml @ Bod7b088c-"" bets 10.50",2023-05-13T22:49:08.069Z,168401814806900
"""Rik @ wAgo7xgxkb"" checks",2023-05-13T22:49:01.960Z,168401814196000
"Flop:  [5♠, 10♦, 2♠]",2023-05-13T22:48:45.953Z,168401812595300
"""Goml @ Bod7b088c-"" calls 5.00",2023-05-13T22:48:45.122Z,168401812512200
"""Rik @ wAgo7xgxkb"" calls 5.00",2023-05-13T22:48:40.953Z,168401812095300
"""Mamo @ abVmUlEwy_"" calls 5.00",2023-05-13T22:48:38.261Z,168401811826100
"""Phil @ fjzrNiYyv8"" folds",2023-05-13T22:48:37.275Z,168401811727500
"""mp @ -DkySTil6a"" calls 5.00",2023-05-13T22:48:36.017Z,168401811601700
"""Don @ 6T4espke1S"" raises to 5.00",2023-05-13T22:48:34.696Z,168401811469600
"""daws @ xjgMoSVpRc"" folds",2023-05-13T22:48:20.427Z,168401810042700
"""JV @ mxbmy34bn7"" folds",2023-05-13T22:48:15.662Z,168401809566200
"""Goml @ Bod7b088c-"" posts a big blind of 1.00",2023-05-13T22:48:12.915Z,168401809291519
"""Rik @ wAgo7xgxkb"" posts a small blind of 0.50",2023-05-13T22:48:12.915Z,168401809291518
"Player stacks: #1 ""Mamo @ abVmUlEwy_"" (212.49) | #4 ""Rik @ wAgo7xgxkb"" (674.13) | #5 ""Goml @ Bod7b088c-"" (212.40) | #6 ""JV @ mxbmy34bn7"" (218.17) | #7 ""daws @ xjgMoSVpRc"" (295.25) | #8 ""Don @ 6T4espke1S"" (123.76) | #9 ""mp @ -DkySTil6a"" (62.67) | #10 ""Phil @ fjzrNiYyv8"" (292.35)",2023-05-13T22:48:12.915Z,168401809291509
"The player ""Phil @ fjzrNiYyv8"" joined the game with a stack of 292.35.",2023-05-13T22:48:12.915Z,168401809291508
"The player ""mp @ -DkySTil6a"" joined the game with a stack of 62.67.",2023-05-13T22:48:12.915Z,168401809291507
"The player ""Don @ 6T4espke1S"" joined the game with a stack of 123.76.",2023-05-13T22:48:12.915Z,168401809291506
"The player ""daws @ xjgMoSVpRc"" joined the game with a stack of 295.25.",2023-05-13T22:48:12.915Z,168401809291505
"The player ""JV @ mxbmy34bn7"" joined the game with a stack of 218.17.",2023-05-13T22:48:12.915Z,168401809291504
"The player ""Goml @ Bod7b088c-"" joined the game with a stack of 212.40.",2023-05-13T22:48:12.915Z,168401809291503
"The player ""Rik @ wAgo7xgxkb"" joined the game with a stack of 674.13.",2023-05-13T22:48:12.915Z,168401809291502
"The player ""Mamo @ abVmUlEwy_"" joined the game with a stack of 212.49.",2023-05-13T22:48:12.915Z,168401809291501
"-- starting hand #257 (id: o8tcu5kqkxbs)  (No Limit Texas Hold'em) (dealer: ""Mamo @ abVmUlEwy_"") --",2023-05-13T22:48:12.915Z,168401809291500
"""Rik @ wAgo7xgxkb"" shows a 9♠, 8♥.",2023-05-13T22:47:12.661Z,168401803266100
"""daws @ xjgMoSVpRc"" shows a K♠, A♦.",2023-05-13T22:47:11.091Z,168401803109100
"-- ending hand #256 --",2023-05-13T22:47:07.811Z,168401802781102
"""Rik @ wAgo7xgxkb"" collected 50.00 from pot",2023-05-13T22:47:07.811Z,168401802781101
"Uncalled bet of 17.50 returned to ""Rik @ wAgo7xgxkb""",2023-05-13T22:47:07.811Z,168401802781100
"The admin ""mp @ -DkySTil6a"" enqueued the game stop on next hand.",2023-05-13T22:47:07.608Z,168401802760800
"""daws @ xjgMoSVpRc"" folds",2023-05-13T22:47:06.991Z,168401802699100
"""Rik @ wAgo7xgxkb"" raises to 30.00",2023-05-13T22:47:04.721Z,168401802472100
"The player ""Nyet @ M4PvxvIGMA"" requested a seat.",2023-05-13T22:46:57.573Z,168401801757300
"""daws @ xjgMoSVpRc"" bets 12.50",2023-05-13T22:46:53.735Z,168401801373500
"""Rik @ wAgo7xgxkb"" checks",2023-05-13T22:46:44.280Z,168401800428000
"Turn: 7♠, 10♥, J♦ [8♠]",2023-05-13T22:46:42.936Z,168401800293600
"""Goml @ Bod7b088c-"" folds",2023-05-13T22:46:42.056Z,168401800205600
"""Rik @ wAgo7xgxkb"" calls 6.25",2023-05-13T22:46:41.158Z,168401800115800
"""daws @ xjgMoSVpRc"" bets 6.25",2023-05-13T22:46:36.968Z,168401799696800
"""Goml @ Bod7b088c-"" checks",2023-05-13T22:46:30.003Z,168401799000300
"""Rik @ wAgo7xgxkb"" checks",2023-05-13T22:46:29.071Z,168401798907100
"Flop:  [7♠, 10♥, J♦]",2023-05-13T22:46:26.373Z,168401798637300
"""Goml @ Bod7b088c-"" calls 4.00",2023-05-13T22:46:25.544Z,168401798554400
"""Rik @ wAgo7xgxkb"" calls 4.00",2023-05-13T22:46:24.007Z,168401798400700
"""Mamo @ abVmUlEwy_"" folds",2023-05-13T22:46:20.053Z,168401798005300
"""Phil @ fjzrNiYyv8"" folds",2023-05-13T22:46:17.946Z,168401797794600
"""mp @ -DkySTil6a"" folds",2023-05-13T22:46:17.079Z,168401797707900
"""Don @ 6T4espke1S"" folds",2023-05-13T22:46:16.109Z,168401797610900
"""daws @ xjgMoSVpRc"" raises to 4.00",2023-05-13T22:46:14.868Z,168401797486800
"""JV @ mxbmy34bn7"" folds",2023-05-13T22:46:03.137Z,168401796313700
"""Goml @ Bod7b088c-"" calls 1.00",2023-05-13T22:45:58.601Z,168401795860100
"""Rik @ wAgo7xgxkb"" posts a big blind of 1.00",2023-05-13T22:45:53.580Z,168401795358011
"""Mamo @ abVmUlEwy_"" posts a small blind of 0.50",2023-05-13T22:45:53.580Z,168401795358010
"Player stacks: #1 ""Mamo @ abVmUlEwy_"" (212.99) | #4 ""Rik @ wAgo7xgxkb"" (646.88) | #5 ""Goml @ Bod7b088c-"" (216.40) | #6 ""JV @ mxbmy34bn7"" (218.17) | #7 ""daws @ xjgMoSVpRc"" (318.00) | #8 ""Don @ 6T4espke1S"" (123.76) | #9 ""mp @ -DkySTil6a"" (62.67) | #10 ""Phil @ fjzrNiYyv8"" (292.35)",2023-05-13T22:45:53.580Z,168401795358001
"-- starting hand #256 (id: wj5bzlopt0rv)  (No Limit Texas Hold'em) (dealer: ""Phil @ fjzrNiYyv8"") --",2023-05-13T22:45:53.580Z,168401795358000
"-- ending hand #255 --",2023-05-13T22:45:47.634Z,168401794763402
"""Mamo @ abVmUlEwy_"" collected 1.00 from pot",2023-05-13T22:45:47.634Z,168401794763401
"Uncalled bet of 0.50 returned to ""Mamo @ abVmUlEwy_""",2023-05-13T22:45:47.634Z,168401794763400
"""Phil @ fjzrNiYyv8"" folds",2023-05-13T22:45:46.797Z,168401794679700
"""mp @ -DkySTil6a"" folds",2023-05-13T22:45:45.436Z,168401794543600
"""Don @ 6T4espke1S"" folds",2023-05-13T22:45:42.163Z,168401794216300
"""daws @ xjgMoSVpRc"" folds",2023-05-13T22:45:40.511Z,168401794051100
"""JV @ mxbmy34bn7"" folds",2023-05-13T22:45:24.666Z,168401792466600
"""Goml @ Bod7b088c-"" folds",2023-05-13T22:45:23.643Z,168401792364300
"""Rik @ wAgo7xgxkb"" folds",2023-05-13T22:45:22.586Z,168401792258600
"""Mamo @ abVmUlEwy_"" posts a big blind of 1.00",2023-05-13T22:45:21.208Z,168401792120811
"""Phil @ fjzrNiYyv8"" posts a small blind of 0.50",2023-05-13T22:45:21.208Z,168401792120810
"Player stacks: #1 ""Mamo @ abVmUlEwy_"" (212.49) | #4 ""Rik @ wAgo7xgxkb"" (646.88) | #5 ""Goml @ Bod7b088c-"" (216.40) | #6 ""JV @ mxbmy34bn7"" (218.17) | #7 ""daws @ xjgMoSVpRc"" (318.00) | #8 ""Don @ 6T4espke1S"" (123.76) | #9 ""mp @ -DkySTil6a"" (62.67) | #10 ""Phil @ fjzrNiYyv8"" (292.85)",2023-05-13T22:45:21.208Z,168401792120801
"-- starting hand #255 (id: 0afjplhmx61e)  (No Limit Texas Hold'em) (dealer: ""mp @ -DkySTil6a"") --",2023-05-13T22:45:21.208Z,168401792120800
"""Phil @ fjzrNiYyv8"" shows a 3♦, 5♦.",2023-05-13T22:45:18.104Z,168401791810400
"""Rik @ wAgo7xgxkb"" shows a A♠, A♥.",2023-05-13T22:45:17.190Z,168401791719000
"-- ending hand #254 --",2023-05-13T22:45:16.873Z,168401791687302
"""Phil @ fjzrNiYyv8"" collected 65.50 from pot",2023-05-13T22:45:16.873Z,168401791687301
"Uncalled bet of 24.00 returned to ""Phil @ fjzrNiYyv8""",2023-05-13T22:45:16.873Z,168401791687300
"""Rik @ wAgo7xgxkb"" folds",2023-05-13T22:45:16.031Z,168401791603100
"""Phil @ fjzrNiYyv8"" bets 24.00",2023-05-13T22:44:54.492Z,168401789449200
"River: 2♦, 4♠, J♦, J♣ [8♥]",2023-05-13T22:44:47.532Z,168401788753200
"""Rik @ wAgo7xgxkb"" calls 24.00",2023-05-13T22:44:46.654Z,168401788665400
"""Phil @ fjzrNiYyv8"" raises to 24.00",2023-05-13T22:44:38.309Z,168401787830900
"""Rik @ wAgo7xgxkb"" bets 10.00",2023-05-13T22:44:32.578Z,168401787257800
"""Phil @ fjzrNiYyv8"" checks",2023-05-13T22:44:27.229Z,168401786722900
"Turn: 2♦, 4♠, J♦ [J♣]",2023-05-13T22:44:25.948Z,168401786594800
"""Phil @ fjzrNiYyv8"" calls 4.00",2023-05-13T22:44:25.090Z,168401786509000
"""Don @ 6T4espke1S"" folds",2023-05-13T22:44:22.788Z,168401786278800
"""Rik @ wAgo7xgxkb"" bets 4.00",2023-05-13T22:44:18.010Z,168401785801000
"""Phil @ fjzrNiYyv8"" checks",2023-05-13T22:44:15.036Z,168401785503600
"Flop:  [2♦, 4♠, J♦]",2023-05-13T22:44:14.137Z,168401785413700
"""Phil @ fjzrNiYyv8"" calls 3.00",2023-05-13T22:44:13.268Z,168401785326800
"""mp @ -DkySTil6a"" folds",2023-05-13T22:44:12.383Z,168401785238300
"""Don @ 6T4espke1S"" calls 3.00",2023-05-13T22:44:10.660Z,168401785066000
"""daws @ xjgMoSVpRc"" folds",2023-05-13T22:44:09.333Z,168401784933300
"""JV @ mxbmy34bn7"" folds",2023-05-13T22:44:08.397Z,168401784839700
"""Goml @ Bod7b088c-"" folds",2023-05-13T22:44:07.429Z,168401784742900
"""Rik @ wAgo7xgxkb"" raises to 3.00",2023-05-13T22:44:06.132Z,168401784613200
"""Mamo @ abVmUlEwy_"" folds",2023-05-13T22:44:03.087Z,168401784308700
"""Phil @ fjzrNiYyv8"" posts a big blind of 1.00",2023-05-13T22:44:01.625Z,168401784162511
"""mp @ -DkySTil6a"" posts a small blind of 0.50",2023-05-13T22:44:01.625Z,168401784162510
"Player stacks: #1 ""Mamo @ abVmUlEwy_"" (212.49) | #4 ""Rik @ wAgo7xgxkb"" (677.88) | #5 ""Goml @ Bod7b088c-"" (216.40) | #6 ""JV @ mxbmy34bn7"" (218.17) | #7 ""daws @ xjgMoSVpRc"" (318.00) | #8 ""Don @ 6T4espke1S"" (126.76) | #9 ""mp @ -DkySTil6a"" (63.17) | #10 ""Phil @ fjzrNiYyv8"" (258.35)",2023-05-13T22:44:01.625Z,168401784162501
"-- starting hand #254 (id: zddvsccrvk0g)  (No Limit Texas Hold'em) (dealer: ""Don @ 6T4espke1S"") --",2023-05-13T22:44:01.625Z,168401784162500
"-- ending hand #253 --",2023-05-13T22:43:55.642Z,168401783564202
"""Mamo @ abVmUlEwy_"" collected 41.75 from pot",2023-05-13T22:43:55.642Z,168401783564201
"Uncalled bet of 16.25 returned to ""Mamo @ abVmUlEwy_""",2023-05-13T22:43:55.642Z,168401783564200
"""daws @ xjgMoSVpRc"" folds",2023-05-13T22:43:54.833Z,168401783483300
"""Goml @ Bod7b088c-"" folds",2023-05-13T22:43:50.804Z,168401783080400
"""Mamo @ abVmUlEwy_"" raises to 25.00",2023-05-13T22:43:49.358Z,168401782935800
"""mp @ -DkySTil6a"" folds",2023-05-13T22:43:42.864Z,168401782286400
"""daws @ xjgMoSVpRc"" calls 8.75",2023-05-13T22:43:41.917Z,168401782191700
"""JV @ mxbmy34bn7"" folds",2023-05-13T22:43:35.873Z,168401781587300
"""Goml @ Bod7b088c-"" bets 8.75",2023-05-13T22:43:30.982Z,168401781098200
"""Mamo @ abVmUlEwy_"" checks",2023-05-13T22:43:26.834Z,168401780683400
"""mp @ -DkySTil6a"" checks",2023-05-13T22:43:24.163Z,168401780416300
"Flop:  [8♦, A♥, 7♥]",2023-05-13T22:43:22.568Z,168401780256800
"""Mamo @ abVmUlEwy_"" calls 3.00",2023-05-13T22:43:21.691Z,168401780169100
"""mp @ -DkySTil6a"" calls 3.00",2023-05-13T22:43:20.309Z,168401780030900
"""Don @ 6T4espke1S"" folds",2023-05-13T22:43:18.324Z,168401779832400
"""daws @ xjgMoSVpRc"" calls 3.00",2023-05-13T22:43:16.555Z,168401779655500
"""JV @ mxbmy34bn7"" calls 3.00",2023-05-13T22:43:10.875Z,168401779087500
"""Goml @ Bod7b088c-"" raises to 3.00",2023-05-13T22:43:06.449Z,168401778644900
"""Rik @ wAgo7xgxkb"" folds",2023-05-13T22:43:04.219Z,168401778421900
"""Mamo @ abVmUlEwy_"" calls 1.00",2023-05-13T22:43:03.305Z,168401778330500
"""Phil @ fjzrNiYyv8"" folds",2023-05-13T22:42:58.000Z,168401777800000
"""mp @ -DkySTil6a"" posts a big blind of 1.00",2023-05-13T22:42:56.910Z,168401777691011
"""Don @ 6T4espke1S"" posts a small blind of 0.50",2023-05-13T22:42:56.910Z,168401777691010
"Player stacks: #1 ""Mamo @ abVmUlEwy_"" (182.49) | #4 ""Rik @ wAgo7xgxkb"" (677.88) | #5 ""Goml @ Bod7b088c-"" (228.15) | #6 ""JV @ mxbmy34bn7"" (221.17) | #7 ""daws @ xjgMoSVpRc"" (329.75) | #8 ""Don @ 6T4espke1S"" (127.26) | #9 ""mp @ -DkySTil6a"" (66.17) | #10 ""Phil @ fjzrNiYyv8"" (258.35)",2023-05-13T22:42:56.910Z,168401777691001
"-- starting hand #253 (id: lh1yt0syseal)  (No Limit Texas Hold'em) (dealer: ""daws @ xjgMoSVpRc"") --",2023-05-13T22:42:56.910Z,168401777691000
"-- ending hand #252 --",2023-05-13T22:42:53.945Z,168401777394502
"""Phil @ fjzrNiYyv8"" collected 45.40 from pot",2023-05-13T22:42:53.945Z,168401777394501
"Uncalled bet of 25.65 returned to ""Phil @ fjzrNiYyv8""",2023-05-13T22:42:53.945Z,168401777394500
"""mp @ -DkySTil6a"" folds",2023-05-13T22:42:53.119Z,168401777311900
"""Phil @ fjzrNiYyv8"" raises to 37.00",2023-05-13T22:42:47.250Z,168401776725000
"""mp @ -DkySTil6a"" bets 11.35",2023-05-13T22:42:40.219Z,168401776021900
"River: 4♥, 6♠, A♥, 3♠ [9♦]",2023-05-13T22:42:36.495Z,168401775649500
"""Phil @ fjzrNiYyv8"" checks",2023-05-13T22:42:35.632Z,168401775563200
"""mp @ -DkySTil6a"" checks",2023-05-13T22:42:33.202Z,168401775320200
"Turn: 4♥, 6♠, A♥ [3♠]",2023-05-13T22:42:30.998Z,168401775099800
"""mp @ -DkySTil6a"" calls 5.10",2023-05-13T22:42:30.163Z,168401775016300
"""Don @ 6T4espke1S"" folds",2023-05-13T22:42:25.699Z,168401774569900
"""Phil @ fjzrNiYyv8"" bets 5.10",2023-05-13T22:42:23.307Z,168401774330700
"""mp @ -DkySTil6a"" checks",2023-05-13T22:42:20.624Z,168401774062400
"""Don @ 6T4espke1S"" checks",2023-05-13T22:42:18.191Z,168401773819100
"Flop:  [4♥, 6♠, A♥]",2023-05-13T22:42:16.780Z,168401773678000
"""mp @ -DkySTil6a"" calls 4.00",2023-05-13T22:42:15.916Z,168401773591600
"""Don @ 6T4espke1S"" calls 4.00",2023-05-13T22:42:14.634Z,168401773463400
"""daws @ xjgMoSVpRc"" folds",2023-05-13T22:42:13.290Z,168401773329000
"""JV @ mxbmy34bn7"" folds",2023-05-13T22:42:12.313Z,168401773231300
"""Goml @ Bod7b088c-"" folds",2023-05-13T22:42:02.891Z,168401772289100
"""Rik @ wAgo7xgxkb"" folds",2023-05-13T22:42:01.886Z,168401772188600
"""Mamo @ abVmUlEwy_"" folds",2023-05-13T22:42:00.939Z,168401772093900
"""Phil @ fjzrNiYyv8"" raises to 4.00",2023-05-13T22:41:48.276Z,168401770827600
"""mp @ -DkySTil6a"" calls 1.00",2023-05-13T22:41:45.448Z,168401770544800
"""Don @ 6T4espke1S"" posts a big blind of 1.00",2023-05-13T22:41:42.188Z,168401770218811
"""daws @ xjgMoSVpRc"" posts a small blind of 0.50",2023-05-13T22:41:42.188Z,168401770218810
"Player stacks: #1 ""Mamo @ abVmUlEwy_"" (182.49) | #4 ""Rik @ wAgo7xgxkb"" (677.88) | #5 ""Goml @ Bod7b088c-"" (228.15) | #6 ""JV @ mxbmy34bn7"" (221.17) | #7 ""daws @ xjgMoSVpRc"" (330.25) | #8 ""Don @ 6T4espke1S"" (131.26) | #9 ""mp @ -DkySTil6a"" (86.62) | #10 ""Phil @ fjzrNiYyv8"" (233.40)",2023-05-13T22:41:42.188Z,168401770218801
"-- starting hand #252 (id: qlax7zqaew7i)  (No Limit Texas Hold'em) (dealer: ""JV @ mxbmy34bn7"") --",2023-05-13T22:41:42.188Z,168401770218800
"""Goml @ Bod7b088c-"" shows a 5♠, 9♥.",2023-05-13T22:41:38.016Z,168401769801600
"""daws @ xjgMoSVpRc"" shows a A♦, A♥.",2023-05-13T22:41:36.031Z,168401769603100
"-- ending hand #251 --",2023-05-13T22:41:34.852Z,168401769485202
"""daws @ xjgMoSVpRc"" collected 1.00 from pot",2023-05-13T22:41:34.852Z,168401769485201
"Uncalled bet of 0.50 returned to ""daws @ xjgMoSVpRc""",2023-05-13T22:41:34.852Z,168401769485200
"""JV @ mxbmy34bn7"" folds",2023-05-13T22:41:33.983Z,168401769398300
"""Goml @ Bod7b088c-"" folds",2023-05-13T22:41:32.124Z,168401769212400
"""Rik @ wAgo7xgxkb"" folds",2023-05-13T22:41:31.213Z,168401769121300
"""Mamo @ abVmUlEwy_"" folds",2023-05-13T22:41:30.370Z,168401769037000
"""Phil @ fjzrNiYyv8"" folds",2023-05-13T22:41:29.416Z,168401768941600
"""mp @ -DkySTil6a"" folds",2023-05-13T22:41:28.565Z,168401768856500
"""Don @ 6T4espke1S"" folds",2023-05-13T22:41:27.671Z,168401768767100
"""daws @ xjgMoSVpRc"" posts a big blind of 1.00",2023-05-13T22:41:23.048Z,168401768304811
"""JV @ mxbmy34bn7"" posts a small blind of 0.50",2023-05-13T22:41:23.048Z,168401768304810
"Player stacks: #1 ""Mamo @ abVmUlEwy_"" (182.49) | #4 ""Rik @ wAgo7xgxkb"" (677.88) | #5 ""Goml @ Bod7b088c-"" (228.15) | #6 ""JV @ mxbmy34bn7"" (221.67) | #7 ""daws @ xjgMoSVpRc"" (329.75) | #8 ""Don @ 6T4espke1S"" (131.26) | #9 ""mp @ -DkySTil6a"" (86.62) | #10 ""Phil @ fjzrNiYyv8"" (233.40)",2023-05-13T22:41:23.048Z,168401768304801
"-- starting hand #251 (id: fw4r56alm8y4)  (No Limit Texas Hold'em) (dealer: ""Goml @ Bod7b088c-"") --",2023-05-13T22:41:23.048Z,168401768304800
"-- ending hand #250 --",2023-05-13T22:41:17.042Z,168401767704203
"""mp @ -DkySTil6a"" shows a A♠, 7♠.",2023-05-13T22:41:17.042Z,168401767704202
"""Mamo @ abVmUlEwy_"" collected 27.00 from pot with Pair, Q's (combination: Q♦, Q♠, 8♣, 6♦, 5♥)",2023-05-13T22:41:17.042Z,168401767704201
"""Mamo @ abVmUlEwy_"" shows a Q♦, Q♠.",2023-05-13T22:41:17.042Z,168401767704200
"""Mamo @ abVmUlEwy_"" calls 6.75",2023-05-13T22:41:16.209Z,168401767620900
"""mp @ -DkySTil6a"" bets 6.75",2023-05-13T22:41:14.758Z,168401767475800
"River: 5♥, 6♦, 3♠, 2♠ [8♣]",2023-05-13T22:41:12.244Z,168401767224400
"""Mamo @ abVmUlEwy_"" checks",2023-05-13T22:41:11.414Z,168401767141400
"""mp @ -DkySTil6a"" checks",2023-05-13T22:41:10.088Z,168401767008800
"Turn: 5♥, 6♦, 3♠ [2♠]",2023-05-13T22:41:08.556Z,168401766855600
"""mp @ -DkySTil6a"" calls 3.00",2023-05-13T22:41:07.701Z,168401766770100
"""Mamo @ abVmUlEwy_"" bets 3.00",2023-05-13T22:41:05.931Z,168401766593100
"""mp @ -DkySTil6a"" checks",2023-05-13T22:41:02.075Z,168401766207500
"Flop:  [5♥, 6♦, 3♠]",2023-05-13T22:41:00.351Z,168401766035100
"""mp @ -DkySTil6a"" calls 3.00",2023-05-13T22:40:59.529Z,168401765952900
"""JV @ mxbmy34bn7"" folds",2023-05-13T22:40:57.975Z,168401765797500
"""Goml @ Bod7b088c-"" folds",2023-05-13T22:40:49.127Z,168401764912700
"""Rik @ wAgo7xgxkb"" folds",2023-05-13T22:40:48.150Z,168401764815000
"""Mamo @ abVmUlEwy_"" raises to 3.00",2023-05-13T22:40:46.018Z,168401764601800
"""Phil @ fjzrNiYyv8"" folds",2023-05-13T22:40:43.711Z,168401764371100
"""mp @ -DkySTil6a"" calls 1.00",2023-05-13T22:40:42.859Z,168401764285900
"""Don @ 6T4espke1S"" folds",2023-05-13T22:40:41.952Z,168401764195200
"""daws @ xjgMoSVpRc"" folds",2023-05-13T22:40:41.031Z,168401764103100
"""JV @ mxbmy34bn7"" posts a big blind of 1.00",2023-05-13T22:40:39.621Z,168401763962111
"""Goml @ Bod7b088c-"" posts a small blind of 0.50",2023-05-13T22:40:39.621Z,168401763962110
"Player stacks: #1 ""Mamo @ abVmUlEwy_"" (168.24) | #4 ""Rik @ wAgo7xgxkb"" (677.88) | #5 ""Goml @ Bod7b088c-"" (228.65) | #6 ""JV @ mxbmy34bn7"" (222.67) | #7 ""daws @ xjgMoSVpRc"" (329.75) | #8 ""Don @ 6T4espke1S"" (131.26) | #9 ""mp @ -DkySTil6a"" (99.37) | #10 ""Phil @ fjzrNiYyv8"" (233.40)",2023-05-13T22:40:39.621Z,168401763962101
"-- starting hand #250 (id: idecdjqgskdh)  (No Limit Texas Hold'em) (dealer: ""Rik @ wAgo7xgxkb"") --",2023-05-13T22:40:39.621Z,168401763962100
"-- ending hand #249 --",2023-05-13T22:40:33.619Z,168401763361902
"""daws @ xjgMoSVpRc"" collected 46.00 from pot with Pair, A's (combination: A♠, A♦, 9♠, 7♣, 4♣)",2023-05-13T22:40:33.619Z,168401763361901
"""daws @ xjgMoSVpRc"" shows a 7♣, A♠.",2023-05-13T22:40:33.619Z,168401763361900
"""mp @ -DkySTil6a"" checks",2023-05-13T22:40:32.789Z,168401763278900
"""daws @ xjgMoSVpRc"" checks",2023-05-13T22:40:31.411Z,168401763141100
"River: 2♠, 3♠, 9♠, A♦ [4♣]",2023-05-13T22:40:28.810Z,168401762881000
"""daws @ xjgMoSVpRc"" calls 10.00",2023-05-13T22:40:27.994Z,168401762799400
"""mp @ -DkySTil6a"" bets 10.00",2023-05-13T22:40:26.469Z,168401762646900
"""daws @ xjgMoSVpRc"" checks",2023-05-13T22:40:20.447Z,168401762044700
"Turn: 2♠, 3♠, 9♠ [A♦]",2023-05-13T22:40:11.031Z,168401761103100
"""daws @ xjgMoSVpRc"" calls 6.50",2023-05-13T22:40:10.207Z,168401761020700
"""JV @ mxbmy34bn7"" folds",2023-05-13T22:40:09.299Z,168401760929900
"""Rik @ wAgo7xgxkb"" folds",2023-05-13T22:40:03.332Z,168401760333200
"""mp @ -DkySTil6a"" bets 6.50",2023-05-13T22:39:58.344Z,168401759834400
"""daws @ xjgMoSVpRc"" checks",2023-05-13T22:39:53.886Z,168401759388600
"""JV @ mxbmy34bn7"" checks",2023-05-13T22:39:37.968Z,168401757796800
"""Rik @ wAgo7xgxkb"" checks",2023-05-13T22:39:33.272Z,168401757327200
"Flop:  [2♠, 3♠, 9♠]",2023-05-13T22:39:25.952Z,168401756595200
"""Goml @ Bod7b088c-"" folds",2023-05-13T22:39:25.090Z,168401756509000
"""Rik @ wAgo7xgxkb"" calls 3.00",2023-05-13T22:39:24.183Z,168401756418300
"""Mamo @ abVmUlEwy_"" folds",2023-05-13T22:39:19.980Z,168401755998000
"""Phil @ fjzrNiYyv8"" folds",2023-05-13T22:39:18.880Z,168401755888000
"""mp @ -DkySTil6a"" calls 3.00",2023-05-13T22:39:18.024Z,168401755802400
"""Don @ 6T4espke1S"" folds",2023-05-13T22:39:15.898Z,168401755589800
"""daws @ xjgMoSVpRc"" calls 3.00",2023-05-13T22:39:13.308Z,168401755330800
"""JV @ mxbmy34bn7"" raises to 3.00",2023-05-13T22:39:09.765Z,168401754976500
"""Goml @ Bod7b088c-"" posts a big blind of 1.00",2023-05-13T22:38:56.130Z,168401753613011
"""Rik @ wAgo7xgxkb"" posts a small blind of 0.50",2023-05-13T22:38:56.130Z,168401753613010
"Player stacks: #1 ""Mamo @ abVmUlEwy_"" (168.24) | #4 ""Rik @ wAgo7xgxkb"" (680.88) | #5 ""Goml @ Bod7b088c-"" (229.65) | #6 ""JV @ mxbmy34bn7"" (225.67) | #7 ""daws @ xjgMoSVpRc"" (303.25) | #8 ""Don @ 6T4espke1S"" (131.26) | #9 ""mp @ -DkySTil6a"" (118.87) | #10 ""Phil @ fjzrNiYyv8"" (233.40)",2023-05-13T22:38:56.130Z,168401753613001
"-- starting hand #249 (id: cv1zsprmqe3e)  (No Limit Texas Hold'em) (dealer: ""Mamo @ abVmUlEwy_"") --",2023-05-13T22:38:56.130Z,168401753613000
"-- ending hand #248 --",2023-05-13T22:38:50.227Z,168401753022702
"""Mamo @ abVmUlEwy_"" collected 21.00 from pot",2023-05-13T22:38:50.227Z,168401753022701
"Uncalled bet of 11.00 returned to ""Mamo @ abVmUlEwy_""",2023-05-13T22:38:50.227Z,168401753022700
"""Phil @ fjzrNiYyv8"" folds",2023-05-13T22:38:49.318Z,168401752931800
"""Mamo @ abVmUlEwy_"" bets 11.00",2023-05-13T22:38:46.161Z,168401752616100
"Flop:  [K♦, 7♥, A♣]",2023-05-13T22:38:39.704Z,168401751970400
"""Phil @ fjzrNiYyv8"" calls 10.00",2023-05-13T22:38:38.878Z,168401751887800
"""Rik @ wAgo7xgxkb"" folds",2023-05-13T22:38:36.609Z,168401751660900
"""Mamo @ abVmUlEwy_"" raises to 10.00",2023-05-13T22:38:33.334Z,168401751333400
"""Phil @ fjzrNiYyv8"" raises to 3.00",2023-05-13T22:38:27.926Z,168401750792600
"""mp @ -DkySTil6a"" folds",2023-05-13T22:38:24.994Z,168401750499400
"""Don @ 6T4espke1S"" folds",2023-05-13T22:38:24.145Z,168401750414500
"""daws @ xjgMoSVpRc"" folds",2023-05-13T22:38:15.822Z,168401749582200
"""JV @ mxbmy34bn7"" folds",2023-05-13T22:38:14.926Z,168401749492600
"""Goml @ Bod7b088c-"" folds",2023-05-13T22:38:10.716Z,168401749071600
"""Rik @ wAgo7xgxkb"" posts a big blind of 1.00",2023-05-13T22:38:09.728Z,168401748972811
"""Mamo @ abVmUlEwy_"" posts a small blind of 0.50",2023-05-13T22:38:09.728Z,168401748972810
"Player stacks: #1 ""Mamo @ abVmUlEwy_"" (157.24) | #4 ""Rik @ wAgo7xgxkb"" (681.88) | #5 ""Goml @ Bod7b088c-"" (229.65) | #6 ""JV @ mxbmy34bn7"" (225.67) | #7 ""daws @ xjgMoSVpRc"" (303.25) | #8 ""Don @ 6T4espke1S"" (131.26) | #9 ""mp @ -DkySTil6a"" (118.87) | #10 ""Phil @ fjzrNiYyv8"" (243.40)",2023-05-13T22:38:09.728Z,168401748972801
"-- starting hand #248 (id: uomzy4xhdcch)  (No Limit Texas Hold'em) (dealer: ""Phil @ fjzrNiYyv8"") --",2023-05-13T22:38:09.728Z,168401748972800
"-- ending hand #247 --",2023-05-13T22:38:03.812Z,168401748381202
"""mp @ -DkySTil6a"" collected 10.50 from pot",2023-05-13T22:38:03.812Z,168401748381201
"Uncalled bet of 5.25 returned to ""mp @ -DkySTil6a""",2023-05-13T22:38:03.812Z,168401748381200
"""Goml @ Bod7b088c-"" folds",2023-05-13T22:38:02.987Z,168401748298700
"""mp @ -DkySTil6a"" bets 5.25",2023-05-13T22:38:02.095Z,168401748209500
"""Goml @ Bod7b088c-"" checks",2023-05-13T22:37:55.808Z,168401747580800
"Flop:  [Q♥, J♥, 4♦]",2023-05-13T22:37:54.505Z,168401747450500
"""Goml @ Bod7b088c-"" calls 4.50",2023-05-13T22:37:53.668Z,168401747366800
"""Mamo @ abVmUlEwy_"" folds",2023-05-13T22:37:51.267Z,168401747126700
"""Phil @ fjzrNiYyv8"" folds",2023-05-13T22:37:50.128Z,168401747012800
"""mp @ -DkySTil6a"" raises to 4.50",2023-05-13T22:37:49.285Z,168401746928500
"""Don @ 6T4espke1S"" folds",2023-05-13T22:37:46.333Z,168401746633300
"""daws @ xjgMoSVpRc"" folds",2023-05-13T22:37:45.293Z,168401746529300
"""JV @ mxbmy34bn7"" folds",2023-05-13T22:37:29.431Z,168401744943100
"""Goml @ Bod7b088c-"" calls 1.00",2023-05-13T22:37:28.346Z,168401744834600
"""Rik @ wAgo7xgxkb"" folds",2023-05-13T22:37:26.958Z,168401744695800
"""Mamo @ abVmUlEwy_"" posts a big blind of 1.00",2023-05-13T22:37:25.678Z,168401744567812
"""Phil @ fjzrNiYyv8"" posts a small blind of 0.50",2023-05-13T22:37:25.678Z,168401744567811
"Player stacks: #1 ""Mamo @ abVmUlEwy_"" (158.24) | #4 ""Rik @ wAgo7xgxkb"" (681.88) | #5 ""Goml @ Bod7b088c-"" (234.15) | #6 ""JV @ mxbmy34bn7"" (225.67) | #7 ""daws @ xjgMoSVpRc"" (303.25) | #8 ""Don @ 6T4espke1S"" (131.26) | #9 ""mp @ -DkySTil6a"" (112.87) | #10 ""Phil @ fjzrNiYyv8"" (243.90)",2023-05-13T22:37:25.678Z,168401744567802
"-- starting hand #247 (id: uy90hk6xo8gf)  (No Limit Texas Hold'em) (dealer: ""mp @ -DkySTil6a"") --",2023-05-13T22:37:25.678Z,168401744567801
"The player ""TD @ mQ8WOrzetd"" quits the game with a stack of 260.75.",2023-05-13T22:37:25.678Z,168401744567800
"-- ending hand #246 --",2023-05-13T22:37:19.672Z,168401743967203
"""JV @ mxbmy34bn7"" shows a A♣, Q♥.",2023-05-13T22:37:19.672Z,168401743967202
"""Don @ 6T4espke1S"" collected 19.00 from pot with Two Pair, 5's & 4's (combination: 5♣, 5♦, 4♣, 4♠, 6♦)",2023-05-13T22:37:19.672Z,168401743967201
"""Don @ 6T4espke1S"" shows a 4♣, 4♠.",2023-05-13T22:37:19.672Z,168401743967200
"""Don @ 6T4espke1S"" checks",2023-05-13T22:37:18.867Z,168401743886700
"""JV @ mxbmy34bn7"" checks",2023-05-13T22:37:17.329Z,168401743732900
"River: 2♥, 2♠, 5♣, 6♦ [5♦]",2023-05-13T22:37:10.466Z,168401743046600
"""Don @ 6T4espke1S"" checks",2023-05-13T22:37:09.621Z,168401742962100
"""JV @ mxbmy34bn7"" checks",2023-05-13T22:37:06.581Z,168401742658100
"Turn: 2♥, 2♠, 5♣ [6♦]",2023-05-13T22:37:05.346Z,168401742534600
"""JV @ mxbmy34bn7"" calls 4.75",2023-05-13T22:37:04.465Z,168401742446500
"""Phil @ fjzrNiYyv8"" folds",2023-05-13T22:36:59.725Z,168401741972500
"""Don @ 6T4espke1S"" bets 4.75",2023-05-13T22:36:54.409Z,168401741440900
"""JV @ mxbmy34bn7"" checks",2023-05-13T22:36:50.318Z,168401741031800
"""Phil @ fjzrNiYyv8"" checks",2023-05-13T22:36:34.437Z,168401739443700
"Flop:  [2♥, 2♠, 5♣]",2023-05-13T22:36:31.778Z,168401739177800
"""Phil @ fjzrNiYyv8"" calls 3.00",2023-05-13T22:36:30.933Z,168401739093300
"""mp @ -DkySTil6a"" folds",2023-05-13T22:36:30.025Z,168401739002500
"""Don @ 6T4espke1S"" calls 3.00",2023-05-13T22:36:29.148Z,168401738914800
"""daws @ xjgMoSVpRc"" folds",2023-05-13T22:36:16.648Z,168401737664800
"""JV @ mxbmy34bn7"" raises to 3.00",2023-05-13T22:36:15.707Z,168401737570700
"""Goml @ Bod7b088c-"" folds",2023-05-13T22:36:03.949Z,168401736394900
"""Rik @ wAgo7xgxkb"" folds",2023-05-13T22:36:03.035Z,168401736303500
"""TD @ mQ8WOrzetd"" folds",2023-05-13T22:36:02.112Z,168401736211200
"""Mamo @ abVmUlEwy_"" folds",2023-05-13T22:35:52.537Z,168401735253700
"""Phil @ fjzrNiYyv8"" posts a big blind of 1.00",2023-05-13T22:35:50.886Z,168401735088612
"""mp @ -DkySTil6a"" posts a small blind of 0.50",2023-05-13T22:35:50.886Z,168401735088611
"Player stacks: #1 ""Mamo @ abVmUlEwy_"" (158.24) | #2 ""TD @ mQ8WOrzetd"" (260.75) | #4 ""Rik @ wAgo7xgxkb"" (681.88) | #5 ""Goml @ Bod7b088c-"" (234.15) | #6 ""JV @ mxbmy34bn7"" (233.42) | #7 ""daws @ xjgMoSVpRc"" (303.25) | #8 ""Don @ 6T4espke1S"" (120.01) | #9 ""mp @ -DkySTil6a"" (113.37) | #10 ""Phil @ fjzrNiYyv8"" (246.90)",2023-05-13T22:35:50.886Z,168401735088601
"-- starting hand #246 (id: ueleidko3mah)  (No Limit Texas Hold'em) (dealer: ""Don @ 6T4espke1S"") --",2023-05-13T22:35:50.886Z,168401735088600
"-- ending hand #245 --",2023-05-13T22:35:44.973Z,168401734497302
"""Mamo @ abVmUlEwy_"" collected 20.00 from pot",2023-05-13T22:35:44.973Z,168401734497301
"Uncalled bet of 13.00 returned to ""Mamo @ abVmUlEwy_""",2023-05-13T22:35:44.973Z,168401734497300
"""Rik @ wAgo7xgxkb"" folds",2023-05-13T22:35:44.136Z,168401734413600
"""Mamo @ abVmUlEwy_"" bets 13.00",2023-05-13T22:35:43.076Z,168401734307600
"Turn: J♦, 5♣, 9♥ [3♠]",2023-05-13T22:35:38.326Z,168401733832600
"""Rik @ wAgo7xgxkb"" checks",2023-05-13T22:35:37.496Z,168401733749600
"""Mamo @ abVmUlEwy_"" checks",2023-05-13T22:35:35.721Z,168401733572100
"Flop:  [J♦, 5♣, 9♥]",2023-05-13T22:35:33.864Z,168401733386400
"""Mamo @ abVmUlEwy_"" calls 9.00",2023-05-13T22:35:33.040Z,168401733304000
"""mp @ -DkySTil6a"" folds",2023-05-13T22:35:31.636Z,168401733163600
"""Don @ 6T4espke1S"" folds",2023-05-13T22:35:30.660Z,168401733066000
"""daws @ xjgMoSVpRc"" folds",2023-05-13T22:34:35.651Z,168401727565100
"""JV @ mxbmy34bn7"" folds",2023-05-13T22:34:30.757Z,168401727075700
"""Goml @ Bod7b088c-"" folds",2023-05-13T22:34:26.477Z,168401726647700
"""Rik @ wAgo7xgxkb"" raises to 9.00",2023-05-13T22:34:25.529Z,168401726552900
"""TD @ mQ8WOrzetd"" folds",2023-05-13T22:34:22.741Z,168401726274100
"""Mamo @ abVmUlEwy_"" raises to 3.00",2023-05-13T22:34:21.750Z,168401726175000
"""Phil @ fjzrNiYyv8"" folds",2023-05-13T22:34:08.161Z,168401724816100
"""Mamo @ abVmUlEwy_"" posts a missed big blind of 1.00",2023-05-13T22:34:06.165Z,168401724616515
"""Mamo @ abVmUlEwy_"" posts a missing small blind of 0.50",2023-05-13T22:34:06.165Z,168401724616514
"""mp @ -DkySTil6a"" posts a big blind of 1.00",2023-05-13T22:34:06.165Z,168401724616513
"""Don @ 6T4espke1S"" posts a small blind of 0.50",2023-05-13T22:34:06.165Z,168401724616512
"Player stacks: #1 ""Mamo @ abVmUlEwy_"" (147.74) | #2 ""TD @ mQ8WOrzetd"" (260.75) | #4 ""Rik @ wAgo7xgxkb"" (690.88) | #5 ""Goml @ Bod7b088c-"" (234.15) | #6 ""JV @ mxbmy34bn7"" (233.42) | #7 ""daws @ xjgMoSVpRc"" (303.25) | #8 ""Don @ 6T4espke1S"" (120.51) | #9 ""mp @ -DkySTil6a"" (114.37) | #10 ""Phil @ fjzrNiYyv8"" (246.90)",2023-05-13T22:34:06.165Z,168401724616502
"-- starting hand #245 (id: pofyjwt5sih2)  (No Limit Texas Hold'em) (dealer: ""daws @ xjgMoSVpRc"") --",2023-05-13T22:34:06.165Z,168401724616501
"The player ""Mamo @ abVmUlEwy_"" joined the game with a stack of 147.74.",2023-05-13T22:34:06.165Z,168401724616500
"-- ending hand #244 --",2023-05-13T22:34:00.116Z,168401724011603
"""Rik @ wAgo7xgxkb"" shows a A♣, Q♦.",2023-05-13T22:34:00.116Z,168401724011602
"""Goml @ Bod7b088c-"" collected 117.00 from pot with Two Pair, K's & 6's (combination: K♦, K♣, 6♣, 6♦, Q♠)",2023-05-13T22:34:00.116Z,168401724011601
"""Goml @ Bod7b088c-"" shows a Q♠, K♦.",2023-05-13T22:34:00.116Z,168401724011600
"""TD @ mQ8WOrzetd"" folds",2023-05-13T22:33:59.204Z,168401723920400
"""Goml @ Bod7b088c-"" calls 35.00",2023-05-13T22:33:45.404Z,168401722540400
"""Rik @ wAgo7xgxkb"" bets 35.00",2023-05-13T22:33:43.534Z,168401722353400
"""TD @ mQ8WOrzetd"" checks",2023-05-13T22:33:35.645Z,168401721564500
"The player ""Mamo @ abVmUlEwy_"" sit back with the stack of 147.74.",2023-05-13T22:33:34.149Z,168401721414900
"River: K♣, 7♣, 5♦, 6♣ [6♦]",2023-05-13T22:33:32.788Z,168401721278800
"""Goml @ Bod7b088c-"" checks",2023-05-13T22:33:31.984Z,168401721198400
"""Rik @ wAgo7xgxkb"" checks",2023-05-13T22:33:30.552Z,168401721055200
"""TD @ mQ8WOrzetd"" checks",2023-05-13T22:33:26.803Z,168401720680300
"Turn: K♣, 7♣, 5♦ [6♣]",2023-05-13T22:33:15.463Z,168401719546300
"""Rik @ wAgo7xgxkb"" calls 10.00",2023-05-13T22:33:14.582Z,168401719458200
"""TD @ mQ8WOrzetd"" calls 10.00",2023-05-13T22:33:13.247Z,168401719324700
"""daws @ xjgMoSVpRc"" folds",2023-05-13T22:33:09.361Z,168401718936100
"""Goml @ Bod7b088c-"" raises to 10.00",2023-05-13T22:32:53.501Z,168401717350100
"""Rik @ wAgo7xgxkb"" calls 1.00",2023-05-13T22:32:49.848Z,168401716984800
"""TD @ mQ8WOrzetd"" bets 1.00",2023-05-13T22:32:44.520Z,168401716452000
"""daws @ xjgMoSVpRc"" checks",2023-05-13T22:32:30.845Z,168401715084500
"Flop:  [K♣, 7♣, 5♦]",2023-05-13T22:32:25.692Z,168401714569200
"""TD @ mQ8WOrzetd"" calls 4.00",2023-05-13T22:32:24.872Z,168401714487200
"""Don @ 6T4espke1S"" folds",2023-05-13T22:32:17.440Z,168401713744000
"""daws @ xjgMoSVpRc"" calls 4.00",2023-05-13T22:32:12.298Z,168401713229800
"""JV @ mxbmy34bn7"" folds",2023-05-13T22:32:10.178Z,168401713017800
"""Goml @ Bod7b088c-"" calls 4.00",2023-05-13T22:32:09.000Z,168401712900000
"""Rik @ wAgo7xgxkb"" raises to 4.00",2023-05-13T22:32:07.279Z,168401712727900
"""TD @ mQ8WOrzetd"" calls 1.00",2023-05-13T22:32:02.346Z,168401712234600
"""Phil @ fjzrNiYyv8"" folds",2023-05-13T22:31:59.788Z,168401711978800
"""mp @ -DkySTil6a"" folds",2023-05-13T22:31:58.872Z,168401711887200
"""Don @ 6T4espke1S"" posts a big blind of 1.00",2023-05-13T22:31:56.775Z,168401711677511
"""daws @ xjgMoSVpRc"" posts a small blind of 0.50",2023-05-13T22:31:56.775Z,168401711677510
"Player stacks: #2 ""TD @ mQ8WOrzetd"" (274.75) | #4 ""Rik @ wAgo7xgxkb"" (739.88) | #5 ""Goml @ Bod7b088c-"" (166.15) | #6 ""JV @ mxbmy34bn7"" (233.42) | #7 ""daws @ xjgMoSVpRc"" (307.25) | #8 ""Don @ 6T4espke1S"" (121.51) | #9 ""mp @ -DkySTil6a"" (114.37) | #10 ""Phil @ fjzrNiYyv8"" (246.90)",2023-05-13T22:31:56.775Z,168401711677501
"-- starting hand #244 (id: jkbukzkj2pro)  (No Limit Texas Hold'em) (dealer: ""JV @ mxbmy34bn7"") --",2023-05-13T22:31:56.775Z,168401711677500
"-- ending hand #243 --",2023-05-13T22:31:50.838Z,168401711083802
"""Rik @ wAgo7xgxkb"" collected 17.50 from pot",2023-05-13T22:31:50.838Z,168401711083801
"Uncalled bet of 12.50 returned to ""Rik @ wAgo7xgxkb""",2023-05-13T22:31:50.838Z,168401711083800
"""daws @ xjgMoSVpRc"" folds",2023-05-13T22:31:50.032Z,168401711003200
"""Rik @ wAgo7xgxkb"" bets 12.50",2023-05-13T22:31:46.165Z,168401710616500
"""daws @ xjgMoSVpRc"" checks",2023-05-13T22:31:42.661Z,168401710266100
"Turn: 5♠, Q♥, 3♠ [4♠]",2023-05-13T22:31:39.558Z,168401709955800
"""daws @ xjgMoSVpRc"" calls 4.00",2023-05-13T22:31:38.692Z,168401709869200
"""Goml @ Bod7b088c-"" folds",2023-05-13T22:31:37.127Z,168401709712700
"""Rik @ wAgo7xgxkb"" bets 4.00",2023-05-13T22:31:35.741Z,168401709574100
"""daws @ xjgMoSVpRc"" checks",2023-05-13T22:31:33.182Z,168401709318200
"Flop:  [5♠, Q♥, 3♠]",2023-05-13T22:31:29.793Z,168401708979300
"""daws @ xjgMoSVpRc"" calls 3.00",2023-05-13T22:31:28.981Z,168401708898100
"""JV @ mxbmy34bn7"" folds",2023-05-13T22:31:27.134Z,168401708713400
"""Goml @ Bod7b088c-"" calls 3.00",2023-05-13T22:31:24.804Z,168401708480400
"""Rik @ wAgo7xgxkb"" raises to 3.00",2023-05-13T22:31:21.665Z,168401708166500
"""TD @ mQ8WOrzetd"" folds",2023-05-13T22:31:19.130Z,168401707913000
"""Phil @ fjzrNiYyv8"" folds",2023-05-13T22:31:18.234Z,168401707823400
"""mp @ -DkySTil6a"" folds",2023-05-13T22:31:17.372Z,168401707737200
"""Don @ 6T4espke1S"" folds",2023-05-13T22:31:16.049Z,168401707604900
"""daws @ xjgMoSVpRc"" posts a big blind of 1.00",2023-05-13T22:31:15.062Z,168401707506211
"""JV @ mxbmy34bn7"" posts a small blind of 0.50",2023-05-13T22:31:15.062Z,168401707506210
"Player stacks: #2 ""TD @ mQ8WOrzetd"" (274.75) | #4 ""Rik @ wAgo7xgxkb"" (729.38) | #5 ""Goml @ Bod7b088c-"" (169.15) | #6 ""JV @ mxbmy34bn7"" (233.92) | #7 ""daws @ xjgMoSVpRc"" (314.25) | #8 ""Don @ 6T4espke1S"" (121.51) | #9 ""mp @ -DkySTil6a"" (114.37) | #10 ""Phil @ fjzrNiYyv8"" (246.90)",2023-05-13T22:31:15.062Z,168401707506201
"-- starting hand #243 (id: i4m0rwtha3nv)  (No Limit Texas Hold'em) (dealer: ""Goml @ Bod7b088c-"") --",2023-05-13T22:31:15.062Z,168401707506200
"-- ending hand #242 --",2023-05-13T22:31:08.988Z,168401706898802
"""JV @ mxbmy34bn7"" collected 23.00 from pot with Two Pair, 9's & 2's (combination: 9♠, 9♥, 2♦, 2♣, J♥)",2023-05-13T22:31:08.988Z,168401706898801
"""JV @ mxbmy34bn7"" shows a 2♦, 5♦.",2023-05-13T22:31:08.988Z,168401706898800
"""Goml @ Bod7b088c-"" folds",2023-05-13T22:31:08.142Z,168401706814200
"""Don @ 6T4espke1S"" calls 6.25",2023-05-13T22:31:07.192Z,168401706719200
"""JV @ mxbmy34bn7"" bets 6.25",2023-05-13T22:31:00.982Z,168401706098200
"""Goml @ Bod7b088c-"" checks",2023-05-13T22:30:54.578Z,168401705457800
"River: 2♣, J♥, 9♠, 9♥ [3♣]",2023-05-13T22:30:53.572Z,168401705357200
"""Don @ 6T4espke1S"" checks",2023-05-13T22:30:52.694Z,168401705269400
"""JV @ mxbmy34bn7"" checks",2023-05-13T22:30:49.499Z,168401704949900
"""Goml @ Bod7b088c-"" checks",2023-05-13T22:30:45.299Z,168401704529900
"Turn: 2♣, J♥, 9♠ [9♥]",2023-05-13T22:30:44.053Z,168401704405300
"""Don @ 6T4espke1S"" checks",2023-05-13T22:30:43.183Z,168401704318300
"""JV @ mxbmy34bn7"" checks",2023-05-13T22:30:36.640Z,168401703664000
"""Goml @ Bod7b088c-"" checks",2023-05-13T22:30:34.753Z,168401703475300
"Flop:  [2♣, J♥, 9♠]",2023-05-13T22:30:33.318Z,168401703331800
"""JV @ mxbmy34bn7"" calls 3.50",2023-05-13T22:30:32.500Z,168401703250000
"""Goml @ Bod7b088c-"" calls 3.50",2023-05-13T22:30:29.760Z,168401702976000
"""Rik @ wAgo7xgxkb"" folds",2023-05-13T22:30:28.027Z,168401702802700
"""TD @ mQ8WOrzetd"" folds",2023-05-13T22:30:23.669Z,168401702366900
"""Phil @ fjzrNiYyv8"" folds",2023-05-13T22:30:22.750Z,168401702275000
"""mp @ -DkySTil6a"" folds",2023-05-13T22:30:21.899Z,168401702189900
"""Don @ 6T4espke1S"" raises to 3.50",2023-05-13T22:30:21.033Z,168401702103300
"""daws @ xjgMoSVpRc"" folds",2023-05-13T22:30:16.836Z,168401701683600
"""JV @ mxbmy34bn7"" posts a big blind of 1.00",2023-05-13T22:30:12.838Z,168401701283811
"""Goml @ Bod7b088c-"" posts a small blind of 0.50",2023-05-13T22:30:12.838Z,168401701283810
"Player stacks: #2 ""TD @ mQ8WOrzetd"" (274.75) | #4 ""Rik @ wAgo7xgxkb"" (729.38) | #5 ""Goml @ Bod7b088c-"" (172.65) | #6 ""JV @ mxbmy34bn7"" (220.67) | #7 ""daws @ xjgMoSVpRc"" (314.25) | #8 ""Don @ 6T4espke1S"" (131.26) | #9 ""mp @ -DkySTil6a"" (114.37) | #10 ""Phil @ fjzrNiYyv8"" (246.90)",2023-05-13T22:30:12.838Z,168401701283801
"-- starting hand #242 (id: fcz2vzfl75bh)  (No Limit Texas Hold'em) (dealer: ""Rik @ wAgo7xgxkb"") --",2023-05-13T22:30:12.838Z,168401701283800
"-- ending hand #241 --",2023-05-13T22:30:09.825Z,168401700982502
"""TD @ mQ8WOrzetd"" collected 9.50 from pot",2023-05-13T22:30:09.825Z,168401700982501
"Uncalled bet of 9.50 returned to ""TD @ mQ8WOrzetd""",2023-05-13T22:30:09.825Z,168401700982500
"""daws @ xjgMoSVpRc"" folds",2023-05-13T22:30:08.903Z,168401700890300
"""TD @ mQ8WOrzetd"" raises to 10.50",2023-05-13T22:30:06.998Z,168401700699800
"""daws @ xjgMoSVpRc"" bets 1.00",2023-05-13T22:30:00.633Z,168401700063300
"River: 9♦, 10♦, 7♣, 8♠ [Q♥]",2023-05-13T22:29:58.420Z,168401699842000
"""TD @ mQ8WOrzetd"" calls 1.00",2023-05-13T22:29:57.575Z,168401699757500
"""daws @ xjgMoSVpRc"" bets 1.00",2023-05-13T22:29:55.640Z,168401699564000
"Turn: 9♦, 10♦, 7♣ [8♠]",2023-05-13T22:29:51.548Z,168401699154800
"""Goml @ Bod7b088c-"" folds",2023-05-13T22:29:50.706Z,168401699070600
"""TD @ mQ8WOrzetd"" calls 1.00",2023-05-13T22:29:49.666Z,168401698966600
"""daws @ xjgMoSVpRc"" bets 1.00",2023-05-13T22:29:41.125Z,168401698112500
"""Goml @ Bod7b088c-"" checks",2023-05-13T22:29:37.318Z,168401697731800
"Flop:  [9♦, 10♦, 7♣]",2023-05-13T22:29:28.901Z,168401696890100
"""Goml @ Bod7b088c-"" checks",2023-05-13T22:29:28.083Z,168401696808300
"""Rik @ wAgo7xgxkb"" folds",2023-05-13T22:29:27.186Z,168401696718600
"""TD @ mQ8WOrzetd"" calls 1.00",2023-05-13T22:29:25.841Z,168401696584100
"""Phil @ fjzrNiYyv8"" folds",2023-05-13T22:29:24.741Z,168401696474100
"""mp @ -DkySTil6a"" folds",2023-05-13T22:29:23.809Z,168401696380900
"""Don @ 6T4espke1S"" folds",2023-05-13T22:29:22.839Z,168401696283900
"""daws @ xjgMoSVpRc"" calls 1.00",2023-05-13T22:29:21.922Z,168401696192200
"""JV @ mxbmy34bn7"" folds",2023-05-13T22:29:17.061Z,168401695706100
"""Goml @ Bod7b088c-"" posts a big blind of 1.00",2023-05-13T22:29:15.892Z,168401695589211
"""Rik @ wAgo7xgxkb"" posts a small blind of 0.50",2023-05-13T22:29:15.892Z,168401695589210
"Player stacks: #2 ""TD @ mQ8WOrzetd"" (269.25) | #4 ""Rik @ wAgo7xgxkb"" (729.88) | #5 ""Goml @ Bod7b088c-"" (173.65) | #6 ""JV @ mxbmy34bn7"" (220.67) | #7 ""daws @ xjgMoSVpRc"" (318.25) | #8 ""Don @ 6T4espke1S"" (131.26) | #9 ""mp @ -DkySTil6a"" (114.37) | #10 ""Phil @ fjzrNiYyv8"" (246.90)",2023-05-13T22:29:15.892Z,168401695589201
"-- starting hand #241 (id: czldcrgcnyn5)  (No Limit Texas Hold'em) (dealer: ""TD @ mQ8WOrzetd"") --",2023-05-13T22:29:15.892Z,168401695589200
"-- ending hand #240 --",2023-05-13T22:29:09.933Z,168401694993302
"""Rik @ wAgo7xgxkb"" collected 1.00 from pot",2023-05-13T22:29:09.933Z,168401694993301
"Uncalled bet of 0.50 returned to ""Rik @ wAgo7xgxkb""",2023-05-13T22:29:09.933Z,168401694993300
"""TD @ mQ8WOrzetd"" folds",2023-05-13T22:29:09.084Z,168401694908400
"""Phil @ fjzrNiYyv8"" folds",2023-05-13T22:29:08.107Z,168401694810700
"""mp @ -DkySTil6a"" folds",2023-05-13T22:29:07.217Z,168401694721700
"""Don @ 6T4espke1S"" folds",2023-05-13T22:29:06.325Z,168401694632500
"""daws @ xjgMoSVpRc"" folds",2023-05-13T22:29:03.059Z,168401694305900
"""JV @ mxbmy34bn7"" folds",2023-05-13T22:29:02.140Z,168401694214000
"""Goml @ Bod7b088c-"" folds",2023-05-13T22:28:46.248Z,168401692624800
"""Rik @ wAgo7xgxkb"" posts a big blind of 1.00",2023-05-13T22:28:45.093Z,168401692509311
"""TD @ mQ8WOrzetd"" posts a small blind of 0.50",2023-05-13T22:28:45.093Z,168401692509310
"Player stacks: #2 ""TD @ mQ8WOrzetd"" (269.75) | #4 ""Rik @ wAgo7xgxkb"" (729.38) | #5 ""Goml @ Bod7b088c-"" (173.65) | #6 ""JV @ mxbmy34bn7"" (220.67) | #7 ""daws @ xjgMoSVpRc"" (318.25) | #8 ""Don @ 6T4espke1S"" (131.26) | #9 ""mp @ -DkySTil6a"" (114.37) | #10 ""Phil @ fjzrNiYyv8"" (246.90)",2023-05-13T22:28:45.093Z,168401692509301
"-- starting hand #240 (id: bcdxucsfnbv6)  (No Limit Texas Hold'em) (dealer: ""Phil @ fjzrNiYyv8"") --",2023-05-13T22:28:45.093Z,168401692509300
"""daws @ xjgMoSVpRc"" shows a 9♣, 7♣.",2023-05-13T22:28:42.006Z,168401692200600
"""mp @ -DkySTil6a"" shows a A♠, Q♣.",2023-05-13T22:28:41.313Z,168401692131300
"-- ending hand #239 --",2023-05-13T22:28:40.784Z,168401692078402
"""daws @ xjgMoSVpRc"" collected 64.00 from pot",2023-05-13T22:28:40.784Z,168401692078401
"Uncalled bet of 48.00 returned to ""daws @ xjgMoSVpRc""",2023-05-13T22:28:40.784Z,168401692078400
"""mp @ -DkySTil6a"" folds",2023-05-13T22:28:39.961Z,168401691996100
"""daws @ xjgMoSVpRc"" bets 48.00",2023-05-13T22:28:15.945Z,168401689594500
"River: 10♣, Q♦, 5♣, J♦ [A♦]",2023-05-13T22:28:04.948Z,168401688494800
"""daws @ xjgMoSVpRc"" calls 14.00",2023-05-13T22:28:04.117Z,168401688411700
"""mp @ -DkySTil6a"" bets 14.00",2023-05-13T22:27:58.595Z,168401687859500
"""daws @ xjgMoSVpRc"" checks",2023-05-13T22:27:51.337Z,168401687133700
"Turn: 10♣, Q♦, 5♣ [J♦]",2023-05-13T22:27:48.306Z,168401686830600
"""daws @ xjgMoSVpRc"" calls 9.00",2023-05-13T22:27:47.452Z,168401686745200
"""TD @ mQ8WOrzetd"" folds",2023-05-13T22:27:43.589Z,168401686358900
"""mp @ -DkySTil6a"" bets 9.00",2023-05-13T22:27:41.277Z,168401686127700
"""daws @ xjgMoSVpRc"" checks",2023-05-13T22:27:36.716Z,168401685671600
"""TD @ mQ8WOrzetd"" checks",2023-05-13T22:27:34.717Z,168401685471700
"Flop:  [10♣, Q♦, 5♣]",2023-05-13T22:27:30.372Z,168401685037200
"""daws @ xjgMoSVpRc"" calls 5.50",2023-05-13T22:27:29.495Z,168401684949500
"""Goml @ Bod7b088c-"" folds",2023-05-13T22:27:27.318Z,168401684731800
"""TD @ mQ8WOrzetd"" calls 5.50",2023-05-13T22:27:24.235Z,168401684423500
"""Phil @ fjzrNiYyv8"" folds",2023-05-13T22:27:20.994Z,168401684099400
"""mp @ -DkySTil6a"" raises to 5.50",2023-05-13T22:27:20.104Z,168401684010400
"""Don @ 6T4espke1S"" folds",2023-05-13T22:27:17.836Z,168401683783600
"""daws @ xjgMoSVpRc"" calls 1.00",2023-05-13T22:27:16.929Z,168401683692900
"""JV @ mxbmy34bn7"" folds",2023-05-13T22:27:13.681Z,168401683368100
"""Goml @ Bod7b088c-"" calls 1.00",2023-05-13T22:27:12.751Z,168401683275100
"""Rik @ wAgo7xgxkb"" folds",2023-05-13T22:27:11.006Z,168401683100600
"""TD @ mQ8WOrzetd"" posts a big blind of 1.00",2023-05-13T22:27:08.547Z,168401682854711
"""Phil @ fjzrNiYyv8"" posts a small blind of 0.50",2023-05-13T22:27:08.547Z,168401682854710
"Player stacks: #2 ""TD @ mQ8WOrzetd"" (275.25) | #4 ""Rik @ wAgo7xgxkb"" (729.38) | #5 ""Goml @ Bod7b088c-"" (174.65) | #6 ""JV @ mxbmy34bn7"" (220.67) | #7 ""daws @ xjgMoSVpRc"" (282.75) | #8 ""Don @ 6T4espke1S"" (131.26) | #9 ""mp @ -DkySTil6a"" (142.87) | #10 ""Phil @ fjzrNiYyv8"" (247.40)",2023-05-13T22:27:08.547Z,168401682854701
"-- starting hand #239 (id: iimxx6kijkut)  (No Limit Texas Hold'em) (dealer: ""mp @ -DkySTil6a"") --",2023-05-13T22:27:08.547Z,168401682854700
"""daws @ xjgMoSVpRc"" shows a 10♦, 7♥.",2023-05-13T22:27:03.299Z,168401682329900
"-- ending hand #238 --",2023-05-13T22:27:01.988Z,168401682198801
"""Don @ 6T4espke1S"" collected 131.26 from pot with Pair, K's (combination: K♦, K♣, 10♥, 9♠, 8♠)",2023-05-13T22:27:01.988Z,168401682198800
"River: 8♠, 9♠, 3♣, 7♦ [10♥]",2023-05-13T22:26:57.941Z,168401681794100
"Turn: 8♠, 9♠, 3♣ [7♦]",2023-05-13T22:26:53.930Z,168401681393000
"""Don @ 6T4espke1S"" shows a K♦, K♣.",2023-05-13T22:26:49.926Z,168401680992601
"""Goml @ Bod7b088c-"" shows a 10♠, A♠.",2023-05-13T22:26:49.926Z,168401680992600
"Some players choose to not run it twice.",2023-05-13T22:26:49.044Z,168401680904400
"""Goml @ Bod7b088c-"" chooses to  run it twice.",2023-05-13T22:26:42.097Z,168401680209700
"Remaining players decide whether to run it twice.",2023-05-13T22:26:41.490Z,168401680149001
"""Goml @ Bod7b088c-"" calls 52.38",2023-05-13T22:26:41.490Z,168401680149000
"""Don @ 6T4espke1S"" bets 52.38 and go all in",2023-05-13T22:26:40.074Z,168401680007400
"""Goml @ Bod7b088c-"" checks",2023-05-13T22:26:28.790Z,168401678879000
"Flop:  [8♠, 9♠, 3♣]",2023-05-13T22:26:26.497Z,168401678649700
"""Goml @ Bod7b088c-"" calls 12.50",2023-05-13T22:26:25.666Z,168401678566600
"""Phil @ fjzrNiYyv8"" folds",2023-05-13T22:26:23.852Z,168401678385200
"""mp @ -DkySTil6a"" folds",2023-05-13T22:26:22.978Z,168401678297800
"""Don @ 6T4espke1S"" raises to 12.50",2023-05-13T22:26:19.105Z,168401677910500
"""daws @ xjgMoSVpRc"" folds",2023-05-13T22:26:13.178Z,168401677317800
"""JV @ mxbmy34bn7"" folds",2023-05-13T22:26:12.275Z,168401677227500
"""Goml @ Bod7b088c-"" raises to 3.00",2023-05-13T22:26:09.635Z,168401676963500
"""Rik @ wAgo7xgxkb"" folds",2023-05-13T22:26:06.956Z,168401676695600
"""TD @ mQ8WOrzetd"" folds",2023-05-13T22:26:06.051Z,168401676605100
"""Phil @ fjzrNiYyv8"" posts a big blind of 1.00",2023-05-13T22:26:00.585Z,168401676058511
"""mp @ -DkySTil6a"" posts a small blind of 0.50",2023-05-13T22:26:00.585Z,168401676058510
"Player stacks: #2 ""TD @ mQ8WOrzetd"" (275.25) | #4 ""Rik @ wAgo7xgxkb"" (729.38) | #5 ""Goml @ Bod7b088c-"" (239.53) | #6 ""JV @ mxbmy34bn7"" (220.67) | #7 ""daws @ xjgMoSVpRc"" (282.75) | #8 ""Don @ 6T4espke1S"" (64.88) | #9 ""mp @ -DkySTil6a"" (143.37) | #10 ""Phil @ fjzrNiYyv8"" (248.40)",2023-05-13T22:26:00.585Z,168401676058501
"-- starting hand #238 (id: yfmc5ia8mmnz)  (No Limit Texas Hold'em) (dealer: ""Don @ 6T4espke1S"") --",2023-05-13T22:26:00.585Z,168401676058500
"-- ending hand #237 --",2023-05-13T22:25:54.662Z,168401675466202
"""mp @ -DkySTil6a"" collected 12.00 from pot",2023-05-13T22:25:54.662Z,168401675466201
"Uncalled bet of 5.00 returned to ""mp @ -DkySTil6a""",2023-05-13T22:25:54.662Z,168401675466200
"""Don @ 6T4espke1S"" folds",2023-05-13T22:25:53.833Z,168401675383300
"""JV @ mxbmy34bn7"" folds",2023-05-13T22:25:52.931Z,168401675293100
"""Phil @ fjzrNiYyv8"" folds",2023-05-13T22:25:50.489Z,168401675048900
"""mp @ -DkySTil6a"" bets 5.00",2023-05-13T22:25:49.327Z,168401674932700
"""Don @ 6T4espke1S"" checks",2023-05-13T22:25:43.737Z,168401674373700
"Turn: K♣, 8♥, 6♠ [2♥]",2023-05-13T22:25:41.646Z,168401674164600
"""JV @ mxbmy34bn7"" checks",2023-05-13T22:25:40.799Z,168401674079900
"""Phil @ fjzrNiYyv8"" checks",2023-05-13T22:25:39.081Z,168401673908100
"""mp @ -DkySTil6a"" checks",2023-05-13T22:25:38.161Z,168401673816100
"""Don @ 6T4espke1S"" checks",2023-05-13T22:25:37.256Z,168401673725600
"Flop:  [K♣, 8♥, 6♠]",2023-05-13T22:25:34.552Z,168401673455200
"""mp @ -DkySTil6a"" calls 3.00",2023-05-13T22:25:33.712Z,168401673371200
"""Don @ 6T4espke1S"" calls 3.00",2023-05-13T22:25:32.660Z,168401673266000
"""daws @ xjgMoSVpRc"" folds",2023-05-13T22:25:31.398Z,168401673139800
"""JV @ mxbmy34bn7"" calls 3.00",2023-05-13T22:25:30.417Z,168401673041700
"""Goml @ Bod7b088c-"" folds",2023-05-13T22:25:28.312Z,168401672831200
"""Rik @ wAgo7xgxkb"" folds",2023-05-13T22:25:27.421Z,168401672742100
"""TD @ mQ8WOrzetd"" folds",2023-05-13T22:25:14.955Z,168401671495500
"""Phil @ fjzrNiYyv8"" raises to 3.00",2023-05-13T22:25:11.350Z,168401671135000
"""mp @ -DkySTil6a"" posts a big blind of 1.00",2023-05-13T22:25:08.255Z,168401670825511
"""Don @ 6T4espke1S"" posts a small blind of 0.50",2023-05-13T22:25:08.255Z,168401670825510
"Player stacks: #2 ""TD @ mQ8WOrzetd"" (275.25) | #4 ""Rik @ wAgo7xgxkb"" (729.38) | #5 ""Goml @ Bod7b088c-"" (239.53) | #6 ""JV @ mxbmy34bn7"" (223.67) | #7 ""daws @ xjgMoSVpRc"" (282.75) | #8 ""Don @ 6T4espke1S"" (67.88) | #9 ""mp @ -DkySTil6a"" (134.37) | #10 ""Phil @ fjzrNiYyv8"" (251.40)",2023-05-13T22:25:08.255Z,168401670825501
"-- starting hand #237 (id: urg1mvuqqlox)  (No Limit Texas Hold'em) (dealer: ""daws @ xjgMoSVpRc"") --",2023-05-13T22:25:08.255Z,168401670825500
"-- ending hand #236 --",2023-05-13T22:25:02.235Z,168401670223502
"""daws @ xjgMoSVpRc"" collected 11.00 from pot with Two Pair, K's & 8's (combination: K♠, K♣, 8♣, 8♦, 9♥)",2023-05-13T22:25:02.235Z,168401670223501
"""daws @ xjgMoSVpRc"" shows a K♠, 8♣.",2023-05-13T22:25:02.235Z,168401670223500
"""Goml @ Bod7b088c-"" calls 3.00",2023-05-13T22:25:01.429Z,168401670142900
"""daws @ xjgMoSVpRc"" bets 3.00",2023-05-13T22:25:00.046Z,168401670004600
"River: 3♥, 2♥, 8♦, K♣ [9♥]",2023-05-13T22:24:47.782Z,168401668778200
"""Goml @ Bod7b088c-"" checks",2023-05-13T22:24:46.900Z,168401668690000
"""daws @ xjgMoSVpRc"" checks",2023-05-13T22:24:45.862Z,168401668586200
"Turn: 3♥, 2♥, 8♦ [K♣]",2023-05-13T22:24:43.178Z,168401668317800
"""Goml @ Bod7b088c-"" calls 1.00",2023-05-13T22:24:42.371Z,168401668237100
"""Don @ 6T4espke1S"" folds",2023-05-13T22:24:37.296Z,168401667729600
"""daws @ xjgMoSVpRc"" bets 1.00",2023-05-13T22:24:35.766Z,168401667576600
"Flop:  [3♥, 2♥, 8♦]",2023-05-13T22:24:32.269Z,168401667226900
"""Don @ 6T4espke1S"" checks",2023-05-13T22:24:31.451Z,168401667145100
"""daws @ xjgMoSVpRc"" calls 1.00",2023-05-13T22:24:27.378Z,168401666737800
"""JV @ mxbmy34bn7"" folds",2023-05-13T22:24:15.147Z,168401665514700
"""Goml @ Bod7b088c-"" calls 1.00",2023-05-13T22:24:09.251Z,168401664925100
"""Rik @ wAgo7xgxkb"" folds",2023-05-13T22:24:08.097Z,168401664809700
"""TD @ mQ8WOrzetd"" folds",2023-05-13T22:23:58.439Z,168401663843900
"""Phil @ fjzrNiYyv8"" folds",2023-05-13T22:23:57.443Z,168401663744300
"""mp @ -DkySTil6a"" folds",2023-05-13T22:23:56.565Z,168401663656500
"""Don @ 6T4espke1S"" posts a big blind of 1.00",2023-05-13T22:23:55.048Z,168401663504811
"""daws @ xjgMoSVpRc"" posts a small blind of 0.50",2023-05-13T22:23:55.048Z,168401663504810
"Player stacks: #2 ""TD @ mQ8WOrzetd"" (275.25) | #4 ""Rik @ wAgo7xgxkb"" (729.38) | #5 ""Goml @ Bod7b088c-"" (244.53) | #6 ""JV @ mxbmy34bn7"" (223.67) | #7 ""daws @ xjgMoSVpRc"" (276.75) | #8 ""Don @ 6T4espke1S"" (68.88) | #9 ""mp @ -DkySTil6a"" (134.37) | #10 ""Phil @ fjzrNiYyv8"" (251.40)",2023-05-13T22:23:55.048Z,168401663504801
"-- starting hand #236 (id: dmzynbnq4m24)  (No Limit Texas Hold'em) (dealer: ""JV @ mxbmy34bn7"") --",2023-05-13T22:23:55.048Z,168401663504800
"-- ending hand #235 --",2023-05-13T22:23:49.144Z,168401662914402
"""JV @ mxbmy34bn7"" collected 3.00 from pot",2023-05-13T22:23:49.144Z,168401662914401
"Uncalled bet of 4.00 returned to ""JV @ mxbmy34bn7""",2023-05-13T22:23:49.144Z,168401662914400
"""Goml @ Bod7b088c-"" folds",2023-05-13T22:23:48.333Z,168401662833300
"""daws @ xjgMoSVpRc"" folds",2023-05-13T22:23:47.417Z,168401662741700
"""JV @ mxbmy34bn7"" raises to 5.00",2023-05-13T22:23:46.467Z,168401662646700
"""Goml @ Bod7b088c-"" calls 1.00",2023-05-13T22:23:39.966Z,168401661996600
"""Rik @ wAgo7xgxkb"" folds",2023-05-13T22:23:29.359Z,168401660935900
"""TD @ mQ8WOrzetd"" folds",2023-05-13T22:23:28.398Z,168401660839800
"""Phil @ fjzrNiYyv8"" folds",2023-05-13T22:23:27.410Z,168401660741000
"""mp @ -DkySTil6a"" folds",2023-05-13T22:23:11.536Z,168401659153600
"""Don @ 6T4espke1S"" folds",2023-05-13T22:23:10.268Z,168401659026800
"""daws @ xjgMoSVpRc"" posts a big blind of 1.00",2023-05-13T22:23:09.192Z,168401658919211
"""JV @ mxbmy34bn7"" posts a small blind of 0.50",2023-05-13T22:23:09.192Z,168401658919210
"Player stacks: #2 ""TD @ mQ8WOrzetd"" (275.25) | #4 ""Rik @ wAgo7xgxkb"" (729.38) | #5 ""Goml @ Bod7b088c-"" (245.53) | #6 ""JV @ mxbmy34bn7"" (221.67) | #7 ""daws @ xjgMoSVpRc"" (277.75) | #8 ""Don @ 6T4espke1S"" (68.88) | #9 ""mp @ -DkySTil6a"" (134.37) | #10 ""Phil @ fjzrNiYyv8"" (251.40)",2023-05-13T22:23:09.192Z,168401658919201
"-- starting hand #235 (id: 5il8j4qfloq1)  (No Limit Texas Hold'em) (dealer: ""Goml @ Bod7b088c-"") --",2023-05-13T22:23:09.192Z,168401658919200
"-- ending hand #234 --",2023-05-13T22:23:03.187Z,168401658318703
"""Goml @ Bod7b088c-"" shows a 8♥, 5♥.",2023-05-13T22:23:03.187Z,168401658318702
"""JV @ mxbmy34bn7"" collected 2.00 from pot with Two Pair, K's & Q's (combination: K♠, K♣, Q♠, Q♦, J♠)",2023-05-13T22:23:03.187Z,168401658318701
"""JV @ mxbmy34bn7"" shows a K♠, 6♥.",2023-05-13T22:23:03.187Z,168401658318700
"""JV @ mxbmy34bn7"" checks",2023-05-13T22:23:02.355Z,168401658235500
"""Goml @ Bod7b088c-"" checks",2023-05-13T22:23:01.115Z,168401658111500
"River: 4♠, J♠, Q♠, Q♦ [K♣]",2023-05-13T22:23:00.291Z,168401658029100
"""JV @ mxbmy34bn7"" checks",2023-05-13T22:22:59.473Z,168401657947300
"""Goml @ Bod7b088c-"" checks",2023-05-13T22:22:58.342Z,168401657834200
"Turn: 4♠, J♠, Q♠ [Q♦]",2023-05-13T22:22:57.075Z,168401657707500
"""JV @ mxbmy34bn7"" checks",2023-05-13T22:22:56.269Z,168401657626900
"""Goml @ Bod7b088c-"" checks",2023-05-13T22:22:55.146Z,168401657514600
"Flop:  [4♠, J♠, Q♠]",2023-05-13T22:22:53.645Z,168401657364500
"""JV @ mxbmy34bn7"" checks",2023-05-13T22:22:52.786Z,168401657278600
"""Goml @ Bod7b088c-"" calls 1.00",2023-05-13T22:22:43.573Z,168401656357300
"""Rik @ wAgo7xgxkb"" folds",2023-05-13T22:22:42.341Z,168401656234100
"""TD @ mQ8WOrzetd"" folds",2023-05-13T22:22:38.143Z,168401655814300
"""Phil @ fjzrNiYyv8"" folds",2023-05-13T22:22:33.865Z,168401655386500
"""mp @ -DkySTil6a"" folds",2023-05-13T22:22:29.185Z,168401654918500
"""Don @ 6T4espke1S"" folds",2023-05-13T22:22:28.294Z,168401654829400
"""daws @ xjgMoSVpRc"" folds",2023-05-13T22:22:27.339Z,168401654733900
"""JV @ mxbmy34bn7"" posts a big blind of 1.00",2023-05-13T22:22:25.129Z,168401654512912
"""Goml @ Bod7b088c-"" posts a small blind of 0.50",2023-05-13T22:22:25.129Z,168401654512911
"Player stacks: #2 ""TD @ mQ8WOrzetd"" (275.25) | #4 ""Rik @ wAgo7xgxkb"" (729.38) | #5 ""Goml @ Bod7b088c-"" (246.53) | #6 ""JV @ mxbmy34bn7"" (220.67) | #7 ""daws @ xjgMoSVpRc"" (277.75) | #8 ""Don @ 6T4espke1S"" (68.88) | #9 ""mp @ -DkySTil6a"" (134.37) | #10 ""Phil @ fjzrNiYyv8"" (251.40)",2023-05-13T22:22:25.129Z,168401654512902
"-- starting hand #234 (id: fweeuy9cdauh)  (No Limit Texas Hold'em) (dealer: ""Rik @ wAgo7xgxkb"") --",2023-05-13T22:22:25.129Z,168401654512901
"The player ""scrap @ z2HyPltNTn"" quits the game with a stack of 62.59.",2023-05-13T22:22:25.129Z,168401654512900
"-- ending hand #233 --",2023-05-13T22:22:19.126Z,168401653912602
"""Rik @ wAgo7xgxkb"" collected 25.00 from pot",2023-05-13T22:22:19.126Z,168401653912601
"Uncalled bet of 12.00 returned to ""Rik @ wAgo7xgxkb""",2023-05-13T22:22:19.126Z,168401653912600
"""Goml @ Bod7b088c-"" folds",2023-05-13T22:22:18.227Z,168401653822700
"""Rik @ wAgo7xgxkb"" bets 12.00",2023-05-13T22:22:12.312Z,168401653231200
"Turn: 10♣, 3♣, 8♦ [10♠]",2023-05-13T22:22:07.405Z,168401652740500
"""Goml @ Bod7b088c-"" checks",2023-05-13T22:22:06.594Z,168401652659400
"""Rik @ wAgo7xgxkb"" checks",2023-05-13T22:22:04.692Z,168401652469200
"Flop:  [10♣, 3♣, 8♦]",2023-05-13T22:22:03.173Z,168401652317300
"""Rik @ wAgo7xgxkb"" calls 12.00",2023-05-13T22:22:02.358Z,168401652235800
"""scrap @ z2HyPltNTn"" folds",2023-05-13T22:22:00.607Z,168401652060700
"""Goml @ Bod7b088c-"" raises to 12.00",2023-05-13T22:21:59.012Z,168401651901200
"""Rik @ wAgo7xgxkb"" raises to 4.00",2023-05-13T22:21:55.363Z,168401651536300
"""scrap @ z2HyPltNTn"" calls 1.00",2023-05-13T22:21:48.914Z,168401650891400
"""TD @ mQ8WOrzetd"" folds",2023-05-13T22:21:47.843Z,168401650784300
"""Phil @ fjzrNiYyv8"" folds",2023-05-13T22:21:46.845Z,168401650684500
"""mp @ -DkySTil6a"" folds",2023-05-13T22:21:45.252Z,168401650525200
"""Don @ 6T4espke1S"" folds",2023-05-13T22:21:44.237Z,168401650423700
"""daws @ xjgMoSVpRc"" folds",2023-05-13T22:21:43.249Z,168401650324900
"""JV @ mxbmy34bn7"" folds",2023-05-13T22:21:42.292Z,168401650229200
"""Goml @ Bod7b088c-"" posts a big blind of 1.00",2023-05-13T22:21:40.885Z,168401650088512
"""Rik @ wAgo7xgxkb"" posts a small blind of 0.50",2023-05-13T22:21:40.885Z,168401650088511
"Player stacks: #2 ""TD @ mQ8WOrzetd"" (275.25) | #3 ""scrap @ z2HyPltNTn"" (63.59) | #4 ""Rik @ wAgo7xgxkb"" (716.38) | #5 ""Goml @ Bod7b088c-"" (258.53) | #6 ""JV @ mxbmy34bn7"" (220.67) | #7 ""daws @ xjgMoSVpRc"" (277.75) | #8 ""Don @ 6T4espke1S"" (68.88) | #9 ""mp @ -DkySTil6a"" (134.37) | #10 ""Phil @ fjzrNiYyv8"" (251.40)",2023-05-13T22:21:40.885Z,168401650088501
"-- starting hand #233 (id: ea4mnjyp0118)  (No Limit Texas Hold'em) (dealer: ""scrap @ z2HyPltNTn"") --",2023-05-13T22:21:40.885Z,168401650088500
"-- ending hand #232 --",2023-05-13T22:21:34.954Z,168401649495402
"""Rik @ wAgo7xgxkb"" collected 19.00 from pot",2023-05-13T22:21:34.954Z,168401649495401
"Uncalled bet of 8.75 returned to ""Rik @ wAgo7xgxkb""",2023-05-13T22:21:34.954Z,168401649495400
"""TD @ mQ8WOrzetd"" folds",2023-05-13T22:21:34.018Z,168401649401800
"""Rik @ wAgo7xgxkb"" bets 8.75",2023-05-13T22:21:32.022Z,168401649202200
"Flop:  [10♣, Q♠, 2♣]",2023-05-13T22:21:27.307Z,168401648730700
"""scrap @ z2HyPltNTn"" folds",2023-05-13T22:21:26.471Z,168401648647100
"""TD @ mQ8WOrzetd"" calls 8.00",2023-05-13T22:21:25.340Z,168401648534000
"""Don @ 6T4espke1S"" folds",2023-05-13T22:21:23.377Z,168401648337700
"""daws @ xjgMoSVpRc"" folds",2023-05-13T22:21:20.984Z,168401648098400
"""Rik @ wAgo7xgxkb"" raises to 8.00",2023-05-13T22:21:16.262Z,168401647626200
"""scrap @ z2HyPltNTn"" calls 1.00",2023-05-13T22:21:12.957Z,168401647295700
"""TD @ mQ8WOrzetd"" calls 1.00",2023-05-13T22:21:11.121Z,168401647112100
"""Phil @ fjzrNiYyv8"" folds",2023-05-13T22:21:08.645Z,168401646864500
"""mp @ -DkySTil6a"" folds",2023-05-13T22:21:07.779Z,168401646777900
"""Don @ 6T4espke1S"" calls 1.00",2023-05-13T22:21:06.823Z,168401646682300
"""daws @ xjgMoSVpRc"" calls 1.00",2023-05-13T22:21:00.510Z,168401646051000
"""JV @ mxbmy34bn7"" folds",2023-05-13T22:20:58.851Z,168401645885100
"""Goml @ Bod7b088c-"" folds",2023-05-13T22:20:57.715Z,168401645771500
"""Rik @ wAgo7xgxkb"" posts a big blind of 1.00",2023-05-13T22:20:56.636Z,168401645663612
"""scrap @ z2HyPltNTn"" posts a small blind of 0.50",2023-05-13T22:20:56.636Z,168401645663611
"Player stacks: #2 ""TD @ mQ8WOrzetd"" (283.25) | #3 ""scrap @ z2HyPltNTn"" (64.59) | #4 ""Rik @ wAgo7xgxkb"" (705.38) | #5 ""Goml @ Bod7b088c-"" (258.53) | #6 ""JV @ mxbmy34bn7"" (220.67) | #7 ""daws @ xjgMoSVpRc"" (278.75) | #8 ""Don @ 6T4espke1S"" (69.88) | #9 ""mp @ -DkySTil6a"" (134.37) | #10 ""Phil @ fjzrNiYyv8"" (251.40)",2023-05-13T22:20:56.636Z,168401645663601
"-- starting hand #232 (id: kzsxskagyxwc)  (No Limit Texas Hold'em) (dealer: ""TD @ mQ8WOrzetd"") --",2023-05-13T22:20:56.636Z,168401645663600
"-- ending hand #231 --",2023-05-13T22:20:50.621Z,168401645062102
"""scrap @ z2HyPltNTn"" collected 11.66 from pot with Pair, Q's (combination: Q♣, Q♦, A♠, K♠, J♠)",2023-05-13T22:20:50.621Z,168401645062101
"""scrap @ z2HyPltNTn"" shows a K♠, 2♠.",2023-05-13T22:20:50.621Z,168401645062100
"""Phil @ fjzrNiYyv8"" checks",2023-05-13T22:20:49.771Z,168401644977100
"""scrap @ z2HyPltNTn"" checks",2023-05-13T22:20:48.802Z,168401644880200
"River: Q♣, A♠, 3♣, J♠ [Q♦]",2023-05-13T22:20:46.562Z,168401644656200
"""Phil @ fjzrNiYyv8"" checks",2023-05-13T22:20:45.759Z,168401644575900
"""scrap @ z2HyPltNTn"" checks",2023-05-13T22:20:43.638Z,168401644363800
"Turn: Q♣, A♠, 3♣ [J♠]",2023-05-13T22:20:41.964Z,168401644196400
"""scrap @ z2HyPltNTn"" calls 2.58",2023-05-13T22:20:41.154Z,168401644115400
"""Phil @ fjzrNiYyv8"" bets 2.58",2023-05-13T22:20:39.460Z,168401643946000
"""scrap @ z2HyPltNTn"" checks",2023-05-13T22:20:35.774Z,168401643577400
"Flop:  [Q♣, A♠, 3♣]",2023-05-13T22:20:34.154Z,168401643415400
"""scrap @ z2HyPltNTn"" calls 3.00",2023-05-13T22:20:33.263Z,168401643326300
"""TD @ mQ8WOrzetd"" folds",2023-05-13T22:20:31.685Z,168401643168500
"""Phil @ fjzrNiYyv8"" raises to 3.00",2023-05-13T22:20:27.993Z,168401642799300
"""mp @ -DkySTil6a"" folds",2023-05-13T22:20:25.476Z,168401642547600
"""Don @ 6T4espke1S"" folds",2023-05-13T22:20:24.610Z,168401642461000
"""daws @ xjgMoSVpRc"" folds",2023-05-13T22:20:23.680Z,168401642368000
"""JV @ mxbmy34bn7"" folds",2023-05-13T22:20:22.720Z,168401642272000
"""Goml @ Bod7b088c-"" folds",2023-05-13T22:20:21.596Z,168401642159600
"""Rik @ wAgo7xgxkb"" folds",2023-05-13T22:20:20.648Z,168401642064800
"""scrap @ z2HyPltNTn"" posts a big blind of 1.00",2023-05-13T22:20:19.022Z,168401641902212
"""TD @ mQ8WOrzetd"" posts a small blind of 0.50",2023-05-13T22:20:19.022Z,168401641902211
"Player stacks: #2 ""TD @ mQ8WOrzetd"" (283.75) | #3 ""scrap @ z2HyPltNTn"" (58.51) | #4 ""Rik @ wAgo7xgxkb"" (705.38) | #5 ""Goml @ Bod7b088c-"" (258.53) | #6 ""JV @ mxbmy34bn7"" (220.67) | #7 ""daws @ xjgMoSVpRc"" (278.75) | #8 ""Don @ 6T4espke1S"" (69.88) | #9 ""mp @ -DkySTil6a"" (134.37) | #10 ""Phil @ fjzrNiYyv8"" (256.98)",2023-05-13T22:20:19.022Z,168401641902201
"-- starting hand #231 (id: gkb6hbggrrx4)  (No Limit Texas Hold'em) (dealer: ""Phil @ fjzrNiYyv8"") --",2023-05-13T22:20:19.022Z,168401641902200
"-- ending hand #230 --",2023-05-13T22:20:13.113Z,168401641311302
"""mp @ -DkySTil6a"" collected 30.50 from pot",2023-05-13T22:20:13.113Z,168401641311301
"Uncalled bet of 22.87 returned to ""mp @ -DkySTil6a""",2023-05-13T22:20:13.113Z,168401641311300
"""Goml @ Bod7b088c-"" folds",2023-05-13T22:20:12.224Z,168401641222400
"""mp @ -DkySTil6a"" bets 22.87",2023-05-13T22:20:09.446Z,168401640944600
"""Goml @ Bod7b088c-"" checks",2023-05-13T22:20:06.632Z,168401640663200
"Flop:  [5♦, J♦, 4♠]",2023-05-13T22:20:04.208Z,168401640420800
"""scrap @ z2HyPltNTn"" folds",2023-05-13T22:20:03.364Z,168401640336400
"""TD @ mQ8WOrzetd"" folds",2023-05-13T22:20:02.164Z,168401640216400
"""Phil @ fjzrNiYyv8"" folds",2023-05-13T22:20:01.168Z,168401640116800
"""mp @ -DkySTil6a"" calls 12.50",2023-05-13T22:19:58.953Z,168401639895300
"""Don @ 6T4espke1S"" folds",2023-05-13T22:19:57.492Z,168401639749200
"""daws @ xjgMoSVpRc"" folds",2023-05-13T22:19:55.924Z,168401639592400
"""JV @ mxbmy34bn7"" folds",2023-05-13T22:19:55.017Z,168401639501700
"""Goml @ Bod7b088c-"" raises to 12.50",2023-05-13T22:19:53.293Z,168401639329300
"""Rik @ wAgo7xgxkb"" folds",2023-05-13T22:19:45.923Z,168401638592300
"""scrap @ z2HyPltNTn"" raises to 4.00",2023-05-13T22:19:44.976Z,168401638497600
"""TD @ mQ8WOrzetd"" posts a big blind of 1.00",2023-05-13T22:19:40.288Z,168401638028812
"""Phil @ fjzrNiYyv8"" posts a small blind of 0.50",2023-05-13T22:19:40.288Z,168401638028811
"Player stacks: #2 ""TD @ mQ8WOrzetd"" (284.75) | #3 ""scrap @ z2HyPltNTn"" (62.51) | #4 ""Rik @ wAgo7xgxkb"" (705.38) | #5 ""Goml @ Bod7b088c-"" (271.03) | #6 ""JV @ mxbmy34bn7"" (220.67) | #7 ""daws @ xjgMoSVpRc"" (278.75) | #8 ""Don @ 6T4espke1S"" (69.88) | #9 ""mp @ -DkySTil6a"" (116.37) | #10 ""Phil @ fjzrNiYyv8"" (257.48)",2023-05-13T22:19:40.288Z,168401638028801
"-- starting hand #230 (id: 368f67nbdvjl)  (No Limit Texas Hold'em) (dealer: ""mp @ -DkySTil6a"") --",2023-05-13T22:19:40.288Z,168401638028800
"-- ending hand #229 --",2023-05-13T22:19:34.282Z,168401637428203
"""Phil @ fjzrNiYyv8"" shows a 10♠, 2♠.",2023-05-13T22:19:34.282Z,168401637428202
"""TD @ mQ8WOrzetd"" collected 2.50 from pot with Two Pair, Q's & 9's (combination: Q♥, Q♦, 9♥, 9♣, A♥)",2023-05-13T22:19:34.282Z,168401637428201
"""TD @ mQ8WOrzetd"" shows a 9♥, K♥.",2023-05-13T22:19:34.282Z,168401637428200
"""TD @ mQ8WOrzetd"" checks",2023-05-13T22:19:33.398Z,168401637339800
"""Phil @ fjzrNiYyv8"" checks",2023-05-13T22:19:32.467Z,168401637246700
"River: 9♣, 8♣, A♥, Q♥ [Q♦]",2023-05-13T22:19:30.942Z,168401637094200
"""TD @ mQ8WOrzetd"" checks",2023-05-13T22:19:30.117Z,168401637011700
"""Phil @ fjzrNiYyv8"" checks",2023-05-13T22:19:29.169Z,168401636916900
"Turn: 9♣, 8♣, A♥ [Q♥]",2023-05-13T22:19:28.144Z,168401636814400
"""TD @ mQ8WOrzetd"" checks",2023-05-13T22:19:27.268Z,168401636726800
"""Phil @ fjzrNiYyv8"" checks",2023-05-13T22:19:26.360Z,168401636636000
"Flop:  [9♣, 8♣, A♥]",2023-05-13T22:19:24.542Z,168401636454200
"""Phil @ fjzrNiYyv8"" checks",2023-05-13T22:19:23.689Z,168401636368900
"""mp @ -DkySTil6a"" folds",2023-05-13T22:19:21.701Z,168401636170100
"""Don @ 6T4espke1S"" folds",2023-05-13T22:19:20.809Z,168401636080900
"""daws @ xjgMoSVpRc"" folds",2023-05-13T22:19:13.541Z,168401635354100
"""JV @ mxbmy34bn7"" folds",2023-05-13T22:19:12.616Z,168401635261600
"""Goml @ Bod7b088c-"" folds",2023-05-13T22:19:08.114Z,168401634811400
"""Rik @ wAgo7xgxkb"" folds",2023-05-13T22:19:07.218Z,168401634721800
"""scrap @ z2HyPltNTn"" folds",2023-05-13T22:19:06.315Z,168401634631500
"""TD @ mQ8WOrzetd"" calls 1.00",2023-05-13T22:18:56.464Z,168401633646400
"""Phil @ fjzrNiYyv8"" posts a big blind of 1.00",2023-05-13T22:18:51.659Z,168401633165912
"""mp @ -DkySTil6a"" posts a small blind of 0.50",2023-05-13T22:18:51.659Z,168401633165911
"Player stacks: #2 ""TD @ mQ8WOrzetd"" (283.25) | #3 ""scrap @ z2HyPltNTn"" (62.51) | #4 ""Rik @ wAgo7xgxkb"" (705.38) | #5 ""Goml @ Bod7b088c-"" (271.03) | #6 ""JV @ mxbmy34bn7"" (220.67) | #7 ""daws @ xjgMoSVpRc"" (278.75) | #8 ""Don @ 6T4espke1S"" (69.88) | #9 ""mp @ -DkySTil6a"" (116.87) | #10 ""Phil @ fjzrNiYyv8"" (258.48)",2023-05-13T22:18:51.659Z,168401633165901
"-- starting hand #229 (id: xukwy9fe5xle)  (No Limit Texas Hold'em) (dealer: ""Don @ 6T4espke1S"") --",2023-05-13T22:18:51.659Z,168401633165900
"-- ending hand #228 --",2023-05-13T22:18:45.744Z,168401632574402
"""Don @ 6T4espke1S"" collected 13.00 from pot",2023-05-13T22:18:45.744Z,168401632574401
"Uncalled bet of 56.88 returned to ""Don @ 6T4espke1S""",2023-05-13T22:18:45.744Z,168401632574400
"""JV @ mxbmy34bn7"" folds",2023-05-13T22:18:44.873Z,168401632487300
"""Goml @ Bod7b088c-"" folds",2023-05-13T22:18:41.105Z,168401632110500
"""Rik @ wAgo7xgxkb"" folds",2023-05-13T22:18:40.216Z,168401632021600
"""mp @ -DkySTil6a"" folds",2023-05-13T22:18:36.476Z,168401631647600
"""Don @ 6T4espke1S"" raises to 59.88 and go all in",2023-05-13T22:18:35.530Z,168401631553000
"""daws @ xjgMoSVpRc"" folds",2023-05-13T22:18:27.961Z,168401630796100
"""JV @ mxbmy34bn7"" calls 3.00",2023-05-13T22:18:12.075Z,168401629207500
"""Goml @ Bod7b088c-"" calls 3.00",2023-05-13T22:18:05.423Z,168401628542300
"""Rik @ wAgo7xgxkb"" raises to 3.00",2023-05-13T22:17:58.618Z,168401627861800
"""scrap @ z2HyPltNTn"" folds",2023-05-13T22:17:55.249Z,168401627524900
"""TD @ mQ8WOrzetd"" folds",2023-05-13T22:17:54.368Z,168401627436800
"""Phil @ fjzrNiYyv8"" folds",2023-05-13T22:17:53.404Z,168401627340400
"""mp @ -DkySTil6a"" posts a big blind of 1.00",2023-05-13T22:17:50.796Z,168401627079612
"""Don @ 6T4espke1S"" posts a small blind of 0.50",2023-05-13T22:17:50.796Z,168401627079611
"Player stacks: #2 ""TD @ mQ8WOrzetd"" (283.25) | #3 ""scrap @ z2HyPltNTn"" (62.51) | #4 ""Rik @ wAgo7xgxkb"" (708.38) | #5 ""Goml @ Bod7b088c-"" (274.03) | #6 ""JV @ mxbmy34bn7"" (223.67) | #7 ""daws @ xjgMoSVpRc"" (278.75) | #8 ""Don @ 6T4espke1S"" (59.88) | #9 ""mp @ -DkySTil6a"" (117.87) | #10 ""Phil @ fjzrNiYyv8"" (258.48)",2023-05-13T22:17:50.796Z,168401627079601
"-- starting hand #228 (id: kgfcamcmyver)  (No Limit Texas Hold'em) (dealer: ""daws @ xjgMoSVpRc"") --",2023-05-13T22:17:50.796Z,168401627079600
"-- ending hand #227 --",2023-05-13T22:17:44.874Z,168401626487402
"""JV @ mxbmy34bn7"" collected 14.50 from pot",2023-05-13T22:17:44.874Z,168401626487401
"Uncalled bet of 7.25 returned to ""JV @ mxbmy34bn7""",2023-05-13T22:17:44.874Z,168401626487400
"""TD @ mQ8WOrzetd"" folds",2023-05-13T22:17:44.024Z,168401626402400
"""mp @ -DkySTil6a"" folds",2023-05-13T22:17:30.121Z,168401625012100
"""JV @ mxbmy34bn7"" bets 7.25",2023-05-13T22:17:28.509Z,168401624850900
"""TD @ mQ8WOrzetd"" checks",2023-05-13T22:17:20.964Z,168401624096400
"""mp @ -DkySTil6a"" checks",2023-05-13T22:17:15.759Z,168401623575900
"Flop:  [K♠, 4♠, 6♦]",2023-05-13T22:17:14.434Z,168401623443400
"""Goml @ Bod7b088c-"" folds",2023-05-13T22:17:13.623Z,168401623362300
"""TD @ mQ8WOrzetd"" calls 4.00",2023-05-13T22:17:12.719Z,168401623271900
"""mp @ -DkySTil6a"" calls 4.00",2023-05-13T22:17:09.896Z,168401622989600
"""Don @ 6T4espke1S"" folds",2023-05-13T22:17:07.174Z,168401622717400
"""daws @ xjgMoSVpRc"" folds",2023-05-13T22:17:06.254Z,168401622625400
"""JV @ mxbmy34bn7"" raises to 4.00",2023-05-13T22:17:05.304Z,168401622530400
"""Goml @ Bod7b088c-"" calls 1.00",2023-05-13T22:16:58.909Z,168401621890900
"""Rik @ wAgo7xgxkb"" folds",2023-05-13T22:16:53.376Z,168401621337600
"""scrap @ z2HyPltNTn"" folds",2023-05-13T22:16:52.448Z,168401621244800
"""TD @ mQ8WOrzetd"" calls 1.00",2023-05-13T22:16:51.571Z,168401621157100
"""Phil @ fjzrNiYyv8"" folds",2023-05-13T22:16:43.675Z,168401620367500
"""mp @ -DkySTil6a"" calls 1.00",2023-05-13T22:16:42.814Z,168401620281400
"""Don @ 6T4espke1S"" posts a big blind of 1.00",2023-05-13T22:16:41.300Z,168401620130012
"""daws @ xjgMoSVpRc"" posts a small blind of 0.50",2023-05-13T22:16:41.300Z,168401620130011
"Player stacks: #2 ""TD @ mQ8WOrzetd"" (287.25) | #3 ""scrap @ z2HyPltNTn"" (62.51) | #4 ""Rik @ wAgo7xgxkb"" (708.38) | #5 ""Goml @ Bod7b088c-"" (275.03) | #6 ""JV @ mxbmy34bn7"" (213.17) | #7 ""daws @ xjgMoSVpRc"" (279.25) | #8 ""Don @ 6T4espke1S"" (60.88) | #9 ""mp @ -DkySTil6a"" (121.87) | #10 ""Phil @ fjzrNiYyv8"" (258.48)",2023-05-13T22:16:41.300Z,168401620130001
"-- starting hand #227 (id: xm7km1v9slkf)  (No Limit Texas Hold'em) (dealer: ""JV @ mxbmy34bn7"") --",2023-05-13T22:16:41.300Z,168401620130000
"-- ending hand #226 --",2023-05-13T22:16:38.392Z,168401619839202
"""mp @ -DkySTil6a"" collected 25.50 from pot",2023-05-13T22:16:38.392Z,168401619839201
"Uncalled bet of 19.12 returned to ""mp @ -DkySTil6a""",2023-05-13T22:16:38.392Z,168401619839200
"""daws @ xjgMoSVpRc"" folds",2023-05-13T22:16:37.505Z,168401619750500
"""Goml @ Bod7b088c-"" folds",2023-05-13T22:16:36.475Z,168401619647500
"""Rik @ wAgo7xgxkb"" folds",2023-05-13T22:16:35.559Z,168401619555900
"""TD @ mQ8WOrzetd"" folds",2023-05-13T22:16:34.663Z,168401619466300
"""mp @ -DkySTil6a"" bets 19.12",2023-05-13T22:16:31.525Z,168401619152500
"""daws @ xjgMoSVpRc"" checks",2023-05-13T22:16:28.487Z,168401618848700
"River: 8♥, A♦, 9♦, 7♠ [J♠]",2023-05-13T22:16:24.747Z,168401618474700
"""Goml @ Bod7b088c-"" checks",2023-05-13T22:16:23.888Z,168401618388800
"""Rik @ wAgo7xgxkb"" checks",2023-05-13T22:16:22.062Z,168401618206200
"""TD @ mQ8WOrzetd"" checks",2023-05-13T22:16:20.424Z,168401618042400
"""mp @ -DkySTil6a"" checks",2023-05-13T22:16:07.785Z,168401616778500
"""daws @ xjgMoSVpRc"" checks",2023-05-13T22:16:06.496Z,168401616649600
"Turn: 8♥, A♦, 9♦ [7♠]",2023-05-13T22:16:03.924Z,168401616392400
"""Goml @ Bod7b088c-"" checks",2023-05-13T22:16:03.060Z,168401616306000
"""Rik @ wAgo7xgxkb"" checks",2023-05-13T22:16:00.594Z,168401616059400
"""TD @ mQ8WOrzetd"" checks",2023-05-13T22:15:56.915Z,168401615691500
"""mp @ -DkySTil6a"" checks",2023-05-13T22:15:55.965Z,168401615596500
"""daws @ xjgMoSVpRc"" checks",2023-05-13T22:15:54.243Z,168401615424300
"Flop:  [8♥, A♦, 9♦]",2023-05-13T22:15:50.500Z,168401615050000
"""TD @ mQ8WOrzetd"" calls 5.00",2023-05-13T22:15:49.619Z,168401614961900
"""mp @ -DkySTil6a"" calls 5.00",2023-05-13T22:15:46.138Z,168401614613800
"""daws @ xjgMoSVpRc"" calls 5.00",2023-05-13T22:15:44.010Z,168401614401000
"""JV @ mxbmy34bn7"" folds",2023-05-13T22:15:42.735Z,168401614273500
"""Goml @ Bod7b088c-"" calls 5.00",2023-05-13T22:15:40.080Z,168401614008000
"""Rik @ wAgo7xgxkb"" raises to 5.00",2023-05-13T22:15:38.419Z,168401613841900
"""scrap @ z2HyPltNTn"" folds",2023-05-13T22:15:32.929Z,168401613292900
"""TD @ mQ8WOrzetd"" calls 1.00",2023-05-13T22:15:32.031Z,168401613203100
"""Phil @ fjzrNiYyv8"" folds",2023-05-13T22:15:31.073Z,168401613107300
"""mp @ -DkySTil6a"" calls 1.00",2023-05-13T22:15:29.933Z,168401612993300
"""Don @ 6T4espke1S"" folds",2023-05-13T22:15:27.454Z,168401612745400
"""daws @ xjgMoSVpRc"" posts a big blind of 1.00",2023-05-13T22:15:10.646Z,168401611064612
"""JV @ mxbmy34bn7"" posts a small blind of 0.50",2023-05-13T22:15:10.646Z,168401611064611
"Player stacks: #2 ""TD @ mQ8WOrzetd"" (292.25) | #3 ""scrap @ z2HyPltNTn"" (62.51) | #4 ""Rik @ wAgo7xgxkb"" (713.38) | #5 ""Goml @ Bod7b088c-"" (280.03) | #6 ""JV @ mxbmy34bn7"" (213.67) | #7 ""daws @ xjgMoSVpRc"" (284.25) | #8 ""Don @ 6T4espke1S"" (60.88) | #9 ""mp @ -DkySTil6a"" (101.37) | #10 ""Phil @ fjzrNiYyv8"" (258.48)",2023-05-13T22:15:10.646Z,168401611064601
"-- starting hand #226 (id: 1y7ocbxrdxme)  (No Limit Texas Hold'em) (dealer: ""Goml @ Bod7b088c-"") --",2023-05-13T22:15:10.646Z,168401611064600
"-- ending hand #225 --",2023-05-13T22:15:04.698Z,168401610469802
"""daws @ xjgMoSVpRc"" collected 37.50 from pot",2023-05-13T22:15:04.698Z,168401610469801
"Uncalled bet of 18.75 returned to ""daws @ xjgMoSVpRc""",2023-05-13T22:15:04.698Z,168401610469800
"""Rik @ wAgo7xgxkb"" folds",2023-05-13T22:15:03.839Z,168401610383900
"""scrap @ z2HyPltNTn"" folds",2023-05-13T22:15:02.193Z,168401610219300
"""daws @ xjgMoSVpRc"" bets 18.75",2023-05-13T22:14:58.669Z,168401609866900
"Flop:  [K♦, 4♥, 5♣]",2023-05-13T22:14:54.061Z,168401609406100
"""scrap @ z2HyPltNTn"" calls 12.00",2023-05-13T22:14:53.232Z,168401609323200
"""daws @ xjgMoSVpRc"" calls 12.00",2023-05-13T22:14:50.676Z,168401609067600
"""JV @ mxbmy34bn7"" folds",2023-05-13T22:14:43.511Z,168401608351100
"""Goml @ Bod7b088c-"" folds",2023-05-13T22:14:42.536Z,168401608253600
"""Rik @ wAgo7xgxkb"" raises to 12.00",2023-05-13T22:14:41.524Z,168401608152400
"""scrap @ z2HyPltNTn"" calls 4.00",2023-05-13T22:14:36.347Z,168401607634700
"""TD @ mQ8WOrzetd"" folds",2023-05-13T22:14:35.166Z,168401607516600
"""Phil @ fjzrNiYyv8"" folds",2023-05-13T22:14:21.721Z,168401606172100
"""mp @ -DkySTil6a"" folds",2023-05-13T22:14:20.828Z,168401606082800
"""Don @ 6T4espke1S"" folds",2023-05-13T22:14:19.942Z,168401605994200
"""daws @ xjgMoSVpRc"" raises to 4.00",2023-05-13T22:14:02.996Z,168401604299600
"""JV @ mxbmy34bn7"" posts a big blind of 1.00",2023-05-13T22:13:58.061Z,168401603806112
"""Goml @ Bod7b088c-"" posts a small blind of 0.50",2023-05-13T22:13:58.061Z,168401603806111
"Player stacks: #2 ""TD @ mQ8WOrzetd"" (292.25) | #3 ""scrap @ z2HyPltNTn"" (74.51) | #4 ""Rik @ wAgo7xgxkb"" (725.38) | #5 ""Goml @ Bod7b088c-"" (280.53) | #6 ""JV @ mxbmy34bn7"" (214.67) | #7 ""daws @ xjgMoSVpRc"" (258.75) | #8 ""Don @ 6T4espke1S"" (60.88) | #9 ""mp @ -DkySTil6a"" (101.37) | #10 ""Phil @ fjzrNiYyv8"" (258.48)",2023-05-13T22:13:58.061Z,168401603806101
"-- starting hand #225 (id: 3drafunb4r8a)  (No Limit Texas Hold'em) (dealer: ""Rik @ wAgo7xgxkb"") --",2023-05-13T22:13:58.061Z,168401603806100
"""TD @ mQ8WOrzetd"" shows a J♦, 10♠.",2023-05-13T22:13:53.237Z,168401603323700
"-- ending hand #224 --",2023-05-13T22:13:51.548Z,168401603154803
"""Goml @ Bod7b088c-"" shows a 8♥, 3♣.",2023-05-13T22:13:51.548Z,168401603154802
"""daws @ xjgMoSVpRc"" collected 3.50 from pot with Pair, 7's (combination: 7♠, 7♣, Q♥, 8♠, 5♥)",2023-05-13T22:13:51.548Z,168401603154801
"""daws @ xjgMoSVpRc"" shows a 8♠, 7♠.",2023-05-13T22:13:51.548Z,168401603154800
"""TD @ mQ8WOrzetd"" checks",2023-05-13T22:13:50.659Z,168401603065900
"""daws @ xjgMoSVpRc"" checks",2023-05-13T22:13:46.105Z,168401602610500
"""Goml @ Bod7b088c-"" checks",2023-05-13T22:13:44.384Z,168401602438400
"River: Q♥, 5♥, 3♠, 2♣ [7♣]",2023-05-13T22:13:42.336Z,168401602233600
"""TD @ mQ8WOrzetd"" checks",2023-05-13T22:13:41.441Z,168401602144100
"""daws @ xjgMoSVpRc"" checks",2023-05-13T22:13:40.494Z,168401602049400
"""Goml @ Bod7b088c-"" checks",2023-05-13T22:13:36.575Z,168401601657500
"Turn: Q♥, 5♥, 3♠ [2♣]",2023-05-13T22:13:35.188Z,168401601518800
"""TD @ mQ8WOrzetd"" checks",2023-05-13T22:13:34.363Z,168401601436300
"""daws @ xjgMoSVpRc"" checks",2023-05-13T22:13:26.799Z,168401600679900
"""Goml @ Bod7b088c-"" checks",2023-05-13T22:13:25.838Z,168401600583800
"Flop:  [Q♥, 5♥, 3♠]",2023-05-13T22:13:23.718Z,168401600371800
"""Goml @ Bod7b088c-"" checks",2023-05-13T22:13:22.868Z,168401600286800
"""Rik @ wAgo7xgxkb"" folds",2023-05-13T22:13:21.607Z,168401600160700
"""scrap @ z2HyPltNTn"" folds",2023-05-13T22:13:18.642Z,168401599864200
"""TD @ mQ8WOrzetd"" calls 1.00",2023-05-13T22:13:17.784Z,168401599778400
"""Phil @ fjzrNiYyv8"" folds",2023-05-13T22:13:16.826Z,168401599682600
"""mp @ -DkySTil6a"" folds",2023-05-13T22:13:15.639Z,168401599563900
"""Don @ 6T4espke1S"" folds",2023-05-13T22:13:14.727Z,168401599472700
"""daws @ xjgMoSVpRc"" calls 1.00",2023-05-13T22:13:04.737Z,168401598473700
"""JV @ mxbmy34bn7"" folds",2023-05-13T22:13:01.181Z,168401598118100
"""Goml @ Bod7b088c-"" posts a big blind of 1.00",2023-05-13T22:12:59.370Z,168401597937012
"""Rik @ wAgo7xgxkb"" posts a small blind of 0.50",2023-05-13T22:12:59.370Z,168401597937011
"Player stacks: #2 ""TD @ mQ8WOrzetd"" (293.25) | #3 ""scrap @ z2HyPltNTn"" (74.51) | #4 ""Rik @ wAgo7xgxkb"" (725.88) | #5 ""Goml @ Bod7b088c-"" (281.53) | #6 ""JV @ mxbmy34bn7"" (214.67) | #7 ""daws @ xjgMoSVpRc"" (256.25) | #8 ""Don @ 6T4espke1S"" (60.88) | #9 ""mp @ -DkySTil6a"" (101.37) | #10 ""Phil @ fjzrNiYyv8"" (258.48)",2023-05-13T22:12:59.370Z,168401597937001
"-- starting hand #224 (id: lferwoznkttj)  (No Limit Texas Hold'em) (dealer: ""scrap @ z2HyPltNTn"") --",2023-05-13T22:12:59.370Z,168401597937000
"""Goml @ Bod7b088c-"" shows a 5♠, J♦.",2023-05-13T22:12:57.025Z,168401597702500
"""scrap @ z2HyPltNTn"" shows a 6♥, Q♣.",2023-05-13T22:12:54.008Z,168401597400800
"""Rik @ wAgo7xgxkb"" shows a A♦, A♠.",2023-05-13T22:12:52.136Z,168401597213600
"-- ending hand #223 --",2023-05-13T22:12:51.361Z,168401597136102
"""Rik @ wAgo7xgxkb"" collected 1.00 from pot",2023-05-13T22:12:51.361Z,168401597136101
"Uncalled bet of 0.50 returned to ""Rik @ wAgo7xgxkb""",2023-05-13T22:12:51.361Z,168401597136100
"""scrap @ z2HyPltNTn"" folds",2023-05-13T22:12:50.534Z,168401597053400
"""TD @ mQ8WOrzetd"" folds",2023-05-13T22:12:49.561Z,168401596956100
"""Phil @ fjzrNiYyv8"" folds",2023-05-13T22:12:46.423Z,168401596642300
"""mp @ -DkySTil6a"" folds",2023-05-13T22:12:45.283Z,168401596528300
"""Don @ 6T4espke1S"" folds",2023-05-13T22:12:44.290Z,168401596429000
"""daws @ xjgMoSVpRc"" folds",2023-05-13T22:12:43.018Z,168401596301800
"""JV @ mxbmy34bn7"" folds",2023-05-13T22:12:37.549Z,168401595754900
"""Goml @ Bod7b088c-"" folds",2023-05-13T22:12:36.635Z,168401595663500
"""Rik @ wAgo7xgxkb"" posts a big blind of 1.00",2023-05-13T22:12:35.250Z,168401595525012
"""scrap @ z2HyPltNTn"" posts a small blind of 0.50",2023-05-13T22:12:35.250Z,168401595525011
"Player stacks: #2 ""TD @ mQ8WOrzetd"" (293.25) | #3 ""scrap @ z2HyPltNTn"" (75.01) | #4 ""Rik @ wAgo7xgxkb"" (725.38) | #5 ""Goml @ Bod7b088c-"" (281.53) | #6 ""JV @ mxbmy34bn7"" (214.67) | #7 ""daws @ xjgMoSVpRc"" (256.25) | #8 ""Don @ 6T4espke1S"" (60.88) | #9 ""mp @ -DkySTil6a"" (101.37) | #10 ""Phil @ fjzrNiYyv8"" (258.48)",2023-05-13T22:12:35.250Z,168401595525001
"-- starting hand #223 (id: tdietzcvxlz7)  (No Limit Texas Hold'em) (dealer: ""TD @ mQ8WOrzetd"") --",2023-05-13T22:12:35.250Z,168401595525000
"-- ending hand #222 --",2023-05-13T22:12:29.328Z,168401594932802
"""Phil @ fjzrNiYyv8"" collected 13.00 from pot",2023-05-13T22:12:29.328Z,168401594932801
"Uncalled bet of 7.50 returned to ""Phil @ fjzrNiYyv8""",2023-05-13T22:12:29.328Z,168401594932800
"""scrap @ z2HyPltNTn"" folds",2023-05-13T22:12:28.467Z,168401594846700
"""Phil @ fjzrNiYyv8"" bets 7.50",2023-05-13T22:12:26.562Z,168401594656200
"""scrap @ z2HyPltNTn"" checks",2023-05-13T22:12:22.901Z,168401594290100
"Turn: 10♦, A♠, Q♦ [K♥]",2023-05-13T22:12:20.929Z,168401594092900
"""scrap @ z2HyPltNTn"" calls 3.25",2023-05-13T22:12:20.090Z,168401594009000
"""Phil @ fjzrNiYyv8"" bets 3.25",2023-05-13T22:12:17.529Z,168401593752900
"""scrap @ z2HyPltNTn"" checks",2023-05-13T22:12:14.050Z,168401593405000
"Flop:  [10♦, A♠, Q♦]",2023-05-13T22:12:12.316Z,168401593231600
"""scrap @ z2HyPltNTn"" calls 3.00",2023-05-13T22:12:11.443Z,168401593144300
"""TD @ mQ8WOrzetd"" folds",2023-05-13T22:12:09.921Z,168401592992100
"""Phil @ fjzrNiYyv8"" raises to 3.00",2023-05-13T22:12:05.777Z,168401592577700
"""mp @ -DkySTil6a"" folds",2023-05-13T22:12:02.685Z,168401592268500
"""Don @ 6T4espke1S"" folds",2023-05-13T22:12:01.777Z,168401592177700
"""daws @ xjgMoSVpRc"" folds",2023-05-13T22:12:00.795Z,168401592079500
"""JV @ mxbmy34bn7"" folds",2023-05-13T22:11:59.701Z,168401591970100
"""Goml @ Bod7b088c-"" folds",2023-05-13T22:11:58.824Z,168401591882400
"""Rik @ wAgo7xgxkb"" folds",2023-05-13T22:11:57.910Z,168401591791000
"""scrap @ z2HyPltNTn"" posts a big blind of 1.00",2023-05-13T22:11:55.555Z,168401591555512
"""TD @ mQ8WOrzetd"" posts a small blind of 0.50",2023-05-13T22:11:55.555Z,168401591555511
"Player stacks: #2 ""TD @ mQ8WOrzetd"" (293.75) | #3 ""scrap @ z2HyPltNTn"" (81.26) | #4 ""Rik @ wAgo7xgxkb"" (725.38) | #5 ""Goml @ Bod7b088c-"" (281.53) | #6 ""JV @ mxbmy34bn7"" (214.67) | #7 ""daws @ xjgMoSVpRc"" (256.25) | #8 ""Don @ 6T4espke1S"" (60.88) | #9 ""mp @ -DkySTil6a"" (101.37) | #10 ""Phil @ fjzrNiYyv8"" (251.73)",2023-05-13T22:11:55.555Z,168401591555501
"-- starting hand #222 (id: 0ogdtfet6yoy)  (No Limit Texas Hold'em) (dealer: ""Phil @ fjzrNiYyv8"") --",2023-05-13T22:11:55.555Z,168401591555500
"-- ending hand #221 --",2023-05-13T22:11:49.623Z,168401590962302
"""mp @ -DkySTil6a"" collected 42.00 from pot",2023-05-13T22:11:49.623Z,168401590962301
"Uncalled bet of 59.37 returned to ""mp @ -DkySTil6a""",2023-05-13T22:11:49.623Z,168401590962300
"""Rik @ wAgo7xgxkb"" folds",2023-05-13T22:11:48.811Z,168401590881100
"""mp @ -DkySTil6a"" raises to 69.87 and go all in",2023-05-13T22:11:46.155Z,168401590615500
"""Rik @ wAgo7xgxkb"" bets 10.50",2023-05-13T22:11:32.585Z,168401589258500
"Turn: J♥, 10♦, 9♦ [K♠]",2023-05-13T22:11:28.013Z,168401588801300
"""mp @ -DkySTil6a"" calls 5.25",2023-05-13T22:11:27.163Z,168401588716300
"""JV @ mxbmy34bn7"" folds",2023-05-13T22:11:25.312Z,168401588531200
"""Rik @ wAgo7xgxkb"" bets 5.25",2023-05-13T22:11:16.531Z,168401587653100
"Flop:  [J♥, 10♦, 9♦]",2023-05-13T22:11:11.520Z,168401587152000
"""TD @ mQ8WOrzetd"" folds",2023-05-13T22:11:10.645Z,168401587064500
"""Phil @ fjzrNiYyv8"" folds",2023-05-13T22:11:06.161Z,168401586616100
"""mp @ -DkySTil6a"" calls 3.00",2023-05-13T22:11:05.137Z,168401586513700
"""Don @ 6T4espke1S"" folds",2023-05-13T22:11:04.228Z,168401586422800
"""daws @ xjgMoSVpRc"" folds",2023-05-13T22:11:03.208Z,168401586320800
"""JV @ mxbmy34bn7"" calls 3.00",2023-05-13T22:11:02.276Z,168401586227600
"""Goml @ Bod7b088c-"" folds",2023-05-13T22:10:59.904Z,168401585990400
"""Rik @ wAgo7xgxkb"" raises to 3.00",2023-05-13T22:10:58.898Z,168401585889800
"""scrap @ z2HyPltNTn"" folds",2023-05-13T22:10:56.243Z,168401585624300
"""TD @ mQ8WOrzetd"" posts a big blind of 1.00",2023-05-13T22:10:53.719Z,168401585371912
"""Phil @ fjzrNiYyv8"" posts a small blind of 0.50",2023-05-13T22:10:53.719Z,168401585371911
"Player stacks: #2 ""TD @ mQ8WOrzetd"" (294.75) | #3 ""scrap @ z2HyPltNTn"" (81.26) | #4 ""Rik @ wAgo7xgxkb"" (744.13) | #5 ""Goml @ Bod7b088c-"" (281.53) | #6 ""JV @ mxbmy34bn7"" (217.67) | #7 ""daws @ xjgMoSVpRc"" (256.25) | #8 ""Don @ 6T4espke1S"" (60.88) | #9 ""mp @ -DkySTil6a"" (78.12) | #10 ""Phil @ fjzrNiYyv8"" (252.23)",2023-05-13T22:10:53.719Z,168401585371901
"-- starting hand #221 (id: yxjief4zqgkd)  (No Limit Texas Hold'em) (dealer: ""mp @ -DkySTil6a"") --",2023-05-13T22:10:53.719Z,168401585371900
"-- ending hand #220 --",2023-05-13T22:10:50.778Z,168401585077802
"""JV @ mxbmy34bn7"" collected 37.00 from pot",2023-05-13T22:10:50.778Z,168401585077801
"Uncalled bet of 15.50 returned to ""JV @ mxbmy34bn7""",2023-05-13T22:10:50.778Z,168401585077800
"""TD @ mQ8WOrzetd"" folds",2023-05-13T22:10:49.919Z,168401584991900
"""daws @ xjgMoSVpRc"" folds",2023-05-13T22:10:48.942Z,168401584894200
"""JV @ mxbmy34bn7"" bets 15.50",2023-05-13T22:10:47.544Z,168401584754400
"""TD @ mQ8WOrzetd"" checks",2023-05-13T22:10:38.544Z,168401583854400
"River: 5♥, 2♦, Q♣, J♠ [8♣]",2023-05-13T22:10:35.505Z,168401583550500
"""Goml @ Bod7b088c-"" folds",2023-05-13T22:10:34.642Z,168401583464200
"""TD @ mQ8WOrzetd"" calls 7.00",2023-05-13T22:10:33.704Z,168401583370400
"""mp @ -DkySTil6a"" folds",2023-05-13T22:10:30.009Z,168401583000900
"""daws @ xjgMoSVpRc"" calls 7.00",2023-05-13T22:10:27.878Z,168401582787800
"""JV @ mxbmy34bn7"" bets 7.00",2023-05-13T22:10:25.544Z,168401582554400
"""Goml @ Bod7b088c-"" checks",2023-05-13T22:10:17.282Z,168401581728200
"""TD @ mQ8WOrzetd"" checks",2023-05-13T22:10:15.642Z,168401581564200
"""mp @ -DkySTil6a"" checks",2023-05-13T22:10:10.157Z,168401581015700
"Turn: 5♥, 2♦, Q♣ [J♠]",2023-05-13T22:10:05.691Z,168401580569100
"""daws @ xjgMoSVpRc"" checks",2023-05-13T22:10:04.882Z,168401580488200
"""JV @ mxbmy34bn7"" checks",2023-05-13T22:10:03.598Z,168401580359800
"""Goml @ Bod7b088c-"" checks",2023-05-13T22:10:02.298Z,168401580229800
"""TD @ mQ8WOrzetd"" checks",2023-05-13T22:09:53.909Z,168401579390900
"""mp @ -DkySTil6a"" checks",2023-05-13T22:09:52.985Z,168401579298500
"Flop:  [5♥, 2♦, Q♣]",2023-05-13T22:09:50.536Z,168401579053600
"""JV @ mxbmy34bn7"" calls 3.00",2023-05-13T22:09:49.721Z,168401578972100
"""Goml @ Bod7b088c-"" calls 3.00",2023-05-13T22:09:48.297Z,168401578829700
"""TD @ mQ8WOrzetd"" calls 3.00",2023-05-13T22:09:46.699Z,168401578669900
"""Phil @ fjzrNiYyv8"" folds",2023-05-13T22:09:31.020Z,168401577102000
"""mp @ -DkySTil6a"" calls 3.00",2023-05-13T22:09:29.702Z,168401576970200
"""Don @ 6T4espke1S"" folds",2023-05-13T22:09:28.720Z,168401576872000
"""daws @ xjgMoSVpRc"" raises to 3.00",2023-05-13T22:09:27.761Z,168401576776100
"""JV @ mxbmy34bn7"" calls 1.00",2023-05-13T22:09:21.150Z,168401576115000
"""Goml @ Bod7b088c-"" calls 1.00",2023-05-13T22:09:18.296Z,168401575829600
"""Rik @ wAgo7xgxkb"" folds",2023-05-13T22:09:15.642Z,168401575564200
"""scrap @ z2HyPltNTn"" folds",2023-05-13T22:09:14.626Z,168401575462600
"""TD @ mQ8WOrzetd"" calls 1.00",2023-05-13T22:09:13.744Z,168401575374400
"""Phil @ fjzrNiYyv8"" posts a big blind of 1.00",2023-05-13T22:09:09.292Z,168401574929212
"""mp @ -DkySTil6a"" posts a small blind of 0.50",2023-05-13T22:09:09.292Z,168401574929211
"Player stacks: #2 ""TD @ mQ8WOrzetd"" (304.75) | #3 ""scrap @ z2HyPltNTn"" (81.26) | #4 ""Rik @ wAgo7xgxkb"" (744.13) | #5 ""Goml @ Bod7b088c-"" (284.53) | #6 ""JV @ mxbmy34bn7"" (190.67) | #7 ""daws @ xjgMoSVpRc"" (266.25) | #8 ""Don @ 6T4espke1S"" (60.88) | #9 ""mp @ -DkySTil6a"" (81.12) | #10 ""Phil @ fjzrNiYyv8"" (253.23)",2023-05-13T22:09:09.292Z,168401574929201
"-- starting hand #220 (id: gpiu8dpllqfy)  (No Limit Texas Hold'em) (dealer: ""Don @ 6T4espke1S"") --",2023-05-13T22:09:09.292Z,168401574929200
"-- ending hand #219 --",2023-05-13T22:09:06.342Z,168401574634202
"""TD @ mQ8WOrzetd"" collected 10.00 from pot",2023-05-13T22:09:06.342Z,168401574634201
"Uncalled bet of 10.00 returned to ""TD @ mQ8WOrzetd""",2023-05-13T22:09:06.342Z,168401574634200
"""Don @ 6T4espke1S"" folds",2023-05-13T22:09:05.501Z,168401574550100
"""TD @ mQ8WOrzetd"" bets 10.00",2023-05-13T22:09:00.225Z,168401574022500
"""Don @ 6T4espke1S"" checks",2023-05-13T22:08:53.349Z,168401573334900
"River: 7♣, A♠, 4♠, 5♥ [8♣]",2023-05-13T22:08:40.963Z,168401572096300
"""Goml @ Bod7b088c-"" folds",2023-05-13T22:08:40.109Z,168401572010900
"""TD @ mQ8WOrzetd"" calls 3.00",2023-05-13T22:08:39.207Z,168401571920700
"""mp @ -DkySTil6a"" folds",2023-05-13T22:08:34.480Z,168401571448000
"""Don @ 6T4espke1S"" bets 3.00",2023-05-13T22:08:31.746Z,168401571174600
"Turn: 7♣, A♠, 4♠ [5♥]",2023-05-13T22:08:28.356Z,168401570835600
"""Goml @ Bod7b088c-"" checks",2023-05-13T22:08:27.494Z,168401570749400
"""TD @ mQ8WOrzetd"" checks",2023-05-13T22:08:26.597Z,168401570659700
"""mp @ -DkySTil6a"" checks",2023-05-13T22:08:22.116Z,168401570211600
"""Don @ 6T4espke1S"" checks",2023-05-13T22:08:21.016Z,168401570101600
"Flop:  [7♣, A♠, 4♠]",2023-05-13T22:08:18.742Z,168401569874200
"""mp @ -DkySTil6a"" checks",2023-05-13T22:08:17.926Z,168401569792600
"""Don @ 6T4espke1S"" calls 1.00",2023-05-13T22:08:12.605Z,168401569260500
"""daws @ xjgMoSVpRc"" folds",2023-05-13T22:08:09.573Z,168401568957300
"""JV @ mxbmy34bn7"" folds",2023-05-13T22:08:08.646Z,168401568864600
"""Goml @ Bod7b088c-"" calls 1.00",2023-05-13T22:08:07.678Z,168401568767800
"""Rik @ wAgo7xgxkb"" folds",2023-05-13T22:08:04.787Z,168401568478700
"""scrap @ z2HyPltNTn"" folds",2023-05-13T22:08:03.838Z,168401568383800
"""TD @ mQ8WOrzetd"" calls 1.00",2023-05-13T22:08:02.977Z,168401568297700
"""Phil @ fjzrNiYyv8"" folds",2023-05-13T22:07:59.598Z,168401567959800
"""mp @ -DkySTil6a"" posts a big blind of 1.00",2023-05-13T22:07:58.112Z,168401567811212
"""Don @ 6T4espke1S"" posts a small blind of 0.50",2023-05-13T22:07:58.112Z,168401567811211
"Player stacks: #2 ""TD @ mQ8WOrzetd"" (298.75) | #3 ""scrap @ z2HyPltNTn"" (81.26) | #4 ""Rik @ wAgo7xgxkb"" (744.13) | #5 ""Goml @ Bod7b088c-"" (285.53) | #6 ""JV @ mxbmy34bn7"" (190.67) | #7 ""daws @ xjgMoSVpRc"" (266.25) | #8 ""Don @ 6T4espke1S"" (64.88) | #9 ""mp @ -DkySTil6a"" (82.12) | #10 ""Phil @ fjzrNiYyv8"" (253.23)",2023-05-13T22:07:58.112Z,168401567811201
"-- starting hand #219 (id: 7rzamipezlag)  (No Limit Texas Hold'em) (dealer: ""daws @ xjgMoSVpRc"") --",2023-05-13T22:07:58.112Z,168401567811200
"-- ending hand #218 --",2023-05-13T22:07:52.180Z,168401567218002
"""JV @ mxbmy34bn7"" collected 13.50 from pot",2023-05-13T22:07:52.180Z,168401567218001
"Uncalled bet of 6.75 returned to ""JV @ mxbmy34bn7""",2023-05-13T22:07:52.180Z,168401567218000
"""Rik @ wAgo7xgxkb"" folds",2023-05-13T22:07:51.338Z,168401567133800
"""mp @ -DkySTil6a"" folds",2023-05-13T22:07:46.824Z,168401566682400
"""JV @ mxbmy34bn7"" bets 6.75",2023-05-13T22:07:44.599Z,168401566459900
"""Rik @ wAgo7xgxkb"" checks",2023-05-13T22:07:36.380Z,168401565638000
"""mp @ -DkySTil6a"" checks",2023-05-13T22:07:30.880Z,168401565088000
"Flop:  [9♥, 5♥, 8♥]",2023-05-13T22:07:29.071Z,168401564907100
"""mp @ -DkySTil6a"" calls 4.00",2023-05-13T22:07:28.221Z,168401564822100
"""Don @ 6T4espke1S"" folds",2023-05-13T22:07:25.303Z,168401564530300
"""daws @ xjgMoSVpRc"" folds",2023-05-13T22:07:16.230Z,168401563623000
"""JV @ mxbmy34bn7"" calls 4.00",2023-05-13T22:07:15.243Z,168401563524300
"""Goml @ Bod7b088c-"" folds",2023-05-13T22:07:05.181Z,168401562518100
"""Rik @ wAgo7xgxkb"" raises to 4.00",2023-05-13T22:07:04.256Z,168401562425600
"""scrap @ z2HyPltNTn"" folds",2023-05-13T22:06:55.740Z,168401561574000
"""TD @ mQ8WOrzetd"" folds",2023-05-13T22:06:54.796Z,168401561479600
"""Phil @ fjzrNiYyv8"" folds",2023-05-13T22:06:49.033Z,168401560903300
"""mp @ -DkySTil6a"" calls 1.00",2023-05-13T22:06:48.077Z,168401560807700
"""Don @ 6T4espke1S"" posts a big blind of 1.00",2023-05-13T22:06:45.910Z,168401560591014
"""daws @ xjgMoSVpRc"" posts a small blind of 0.50",2023-05-13T22:06:45.910Z,168401560591013
"Player stacks: #2 ""TD @ mQ8WOrzetd"" (298.75) | #3 ""scrap @ z2HyPltNTn"" (81.26) | #4 ""Rik @ wAgo7xgxkb"" (748.13) | #5 ""Goml @ Bod7b088c-"" (285.53) | #6 ""JV @ mxbmy34bn7"" (181.17) | #7 ""daws @ xjgMoSVpRc"" (266.75) | #8 ""Don @ 6T4espke1S"" (65.88) | #9 ""mp @ -DkySTil6a"" (86.12) | #10 ""Phil @ fjzrNiYyv8"" (253.23)",2023-05-13T22:06:45.910Z,168401560591003
"-- starting hand #218 (id: sw1osdng9buf)  (No Limit Texas Hold'em) (dealer: ""JV @ mxbmy34bn7"") --",2023-05-13T22:06:45.910Z,168401560591002
"The player ""scrap @ z2HyPltNTn"" joined the game with a stack of 81.26.",2023-05-13T22:06:45.910Z,168401560591001
"The player ""Mamo @ abVmUlEwy_"" stand up with the stack of 147.74.",2023-05-13T22:06:45.910Z,168401560591000
"-- ending hand #217 --",2023-05-13T22:06:39.984Z,168401559998402
"""Goml @ Bod7b088c-"" collected 22.00 from pot",2023-05-13T22:06:39.984Z,168401559998401
"Uncalled bet of 8.50 returned to ""Goml @ Bod7b088c-""",2023-05-13T22:06:39.984Z,168401559998400
"""Don @ 6T4espke1S"" folds",2023-05-13T22:06:39.131Z,168401559913100
"""daws @ xjgMoSVpRc"" folds",2023-05-13T22:06:32.027Z,168401559202700
"""Goml @ Bod7b088c-"" raises to 14.00",2023-05-13T22:06:29.499Z,168401558949900
"""Don @ 6T4espke1S"" bets 5.50",2023-05-13T22:06:23.715Z,168401558371500
"""daws @ xjgMoSVpRc"" checks",2023-05-13T22:06:16.096Z,168401557609600
"Flop:  [10♣, K♥, 7♥]",2023-05-13T22:06:12.362Z,168401557236200
"""daws @ xjgMoSVpRc"" calls 3.50",2023-05-13T22:06:11.503Z,168401557150300
"""JV @ mxbmy34bn7"" folds",2023-05-13T22:06:10.558Z,168401557055800
"""Goml @ Bod7b088c-"" calls 3.50",2023-05-13T22:05:54.677Z,168401555467700
"The player ""scrap @ z2HyPltNTn"" sit back with the stack of 81.26.",2023-05-13T22:05:52.590Z,168401555259000
"""Rik @ wAgo7xgxkb"" folds",2023-05-13T22:05:50.860Z,168401555086000
"""TD @ mQ8WOrzetd"" folds",2023-05-13T22:05:49.989Z,168401554998900
"""Mamo @ abVmUlEwy_"" folds",2023-05-13T22:05:45.824Z,168401554582400
"""Phil @ fjzrNiYyv8"" folds",2023-05-13T22:05:44.827Z,168401554482700
"""mp @ -DkySTil6a"" folds",2023-05-13T22:05:43.664Z,168401554366400
"""Don @ 6T4espke1S"" raises to 3.50",2023-05-13T22:05:42.778Z,168401554277800
"""daws @ xjgMoSVpRc"" posts a big blind of 1.00",2023-05-13T22:05:33.726Z,168401553372613
"""JV @ mxbmy34bn7"" posts a small blind of 0.50",2023-05-13T22:05:33.726Z,168401553372612
"Player stacks: #1 ""Mamo @ abVmUlEwy_"" (147.74) | #2 ""TD @ mQ8WOrzetd"" (298.75) | #4 ""Rik @ wAgo7xgxkb"" (748.13) | #5 ""Goml @ Bod7b088c-"" (272.53) | #6 ""JV @ mxbmy34bn7"" (181.67) | #7 ""daws @ xjgMoSVpRc"" (270.25) | #8 ""Don @ 6T4espke1S"" (74.88) | #9 ""mp @ -DkySTil6a"" (86.12) | #10 ""Phil @ fjzrNiYyv8"" (253.23)",2023-05-13T22:05:33.726Z,168401553372602
"-- starting hand #217 (id: cnbmi8nn7toz)  (No Limit Texas Hold'em) (dealer: ""Goml @ Bod7b088c-"") --",2023-05-13T22:05:33.726Z,168401553372601
"The player ""scrap @ z2HyPltNTn"" stand up with the stack of 81.26.",2023-05-13T22:05:33.726Z,168401553372600
"-- ending hand #216 --",2023-05-13T22:05:27.722Z,168401552772202
"""daws @ xjgMoSVpRc"" collected 84.50 from pot with Pair, A's (combination: A♣, A♠, J♣, 9♦, 8♦)",2023-05-13T22:05:27.722Z,168401552772201
"""daws @ xjgMoSVpRc"" shows a A♣, A♠.",2023-05-13T22:05:27.722Z,168401552772200
"""Rik @ wAgo7xgxkb"" checks",2023-05-13T22:05:26.882Z,168401552688200
"""daws @ xjgMoSVpRc"" checks",2023-05-13T22:05:25.524Z,168401552552400
"River: 9♦, 3♦, J♣, 5♣ [8♦]",2023-05-13T22:05:23.179Z,168401552317900
"""Rik @ wAgo7xgxkb"" checks",2023-05-13T22:05:22.324Z,168401552232400
"""daws @ xjgMoSVpRc"" checks",2023-05-13T22:05:16.359Z,168401551635900
"Turn: 9♦, 3♦, J♣ [5♣]",2023-05-13T22:05:07.660Z,168401550766000
"""JV @ mxbmy34bn7"" folds",2023-05-13T22:05:06.781Z,168401550678100
"""Rik @ wAgo7xgxkb"" calls 30.00",2023-05-13T22:05:04.821Z,168401550482100
"""TD @ mQ8WOrzetd"" folds",2023-05-13T22:04:57.758Z,168401549775800
"""daws @ xjgMoSVpRc"" raises to 30.00",2023-05-13T22:04:52.271Z,168401549227100
"""JV @ mxbmy34bn7"" calls 8.00",2023-05-13T22:04:45.470Z,168401548547000
"""Rik @ wAgo7xgxkb"" bets 8.00",2023-05-13T22:04:37.965Z,168401547796500
"""TD @ mQ8WOrzetd"" checks",2023-05-13T22:04:34.153Z,168401547415300
"""daws @ xjgMoSVpRc"" checks",2023-05-13T22:04:27.382Z,168401546738200
"""JV @ mxbmy34bn7"" checks",2023-05-13T22:04:24.085Z,168401546408500
"Flop:  [9♦, 3♦, J♣]",2023-05-13T22:04:22.497Z,168401546249700
"""JV @ mxbmy34bn7"" calls 4.00",2023-05-13T22:04:21.676Z,168401546167600
"""Goml @ Bod7b088c-"" folds",2023-05-13T22:04:18.632Z,168401545863200
"""Rik @ wAgo7xgxkb"" calls 4.00",2023-05-13T22:04:17.761Z,168401545776100
"""scrap @ z2HyPltNTn"" folds",2023-05-13T22:04:12.442Z,168401545244200
"""TD @ mQ8WOrzetd"" calls 4.00",2023-05-13T22:04:11.582Z,168401545158200
"""Mamo @ abVmUlEwy_"" folds",2023-05-13T22:04:10.632Z,168401545063200
"""Phil @ fjzrNiYyv8"" folds",2023-05-13T22:04:09.294Z,168401544929400
"""mp @ -DkySTil6a"" folds",2023-05-13T22:04:08.332Z,168401544833200
"""Don @ 6T4espke1S"" folds",2023-05-13T22:04:07.447Z,168401544744700
"""daws @ xjgMoSVpRc"" raises to 4.00",2023-05-13T22:04:02.299Z,168401544229900
"""JV @ mxbmy34bn7"" posts a big blind of 1.00",2023-05-13T22:03:57.939Z,168401543793913
"""Goml @ Bod7b088c-"" posts a small blind of 0.50",2023-05-13T22:03:57.939Z,168401543793912
"Player stacks: #1 ""Mamo @ abVmUlEwy_"" (147.74) | #2 ""TD @ mQ8WOrzetd"" (302.75) | #3 ""scrap @ z2HyPltNTn"" (81.26) | #4 ""Rik @ wAgo7xgxkb"" (782.13) | #5 ""Goml @ Bod7b088c-"" (273.03) | #6 ""JV @ mxbmy34bn7"" (193.67) | #7 ""daws @ xjgMoSVpRc"" (219.75) | #8 ""Don @ 6T4espke1S"" (74.88) | #9 ""mp @ -DkySTil6a"" (86.12) | #10 ""Phil @ fjzrNiYyv8"" (253.23)",2023-05-13T22:03:57.939Z,168401543793901
"-- starting hand #216 (id: p4yeqqoxebip)  (No Limit Texas Hold'em) (dealer: ""Rik @ wAgo7xgxkb"") --",2023-05-13T22:03:57.939Z,168401543793900
"""daws @ xjgMoSVpRc"" shows a J♦, Q♦.",2023-05-13T22:03:55.373Z,168401543537300
"-- ending hand #215 --",2023-05-13T22:03:54.330Z,168401543433002
"""TD @ mQ8WOrzetd"" collected 85.00 from pot",2023-05-13T22:03:54.330Z,168401543433001
"Uncalled bet of 81.26 returned to ""TD @ mQ8WOrzetd""",2023-05-13T22:03:54.330Z,168401543433000
"""scrap @ z2HyPltNTn"" folds",2023-05-13T22:03:53.480Z,168401543348000
"""TD @ mQ8WOrzetd"" raises to 101.26",2023-05-13T22:03:48.203Z,168401542820300
"""scrap @ z2HyPltNTn"" bets 20.00",2023-05-13T22:03:41.471Z,168401542147100
"""TD @ mQ8WOrzetd"" checks",2023-05-13T22:03:35.117Z,168401541511700
"River: Q♠, A♦, A♠, J♣ [Q♥]",2023-05-13T22:03:24.098Z,168401540409800
"""daws @ xjgMoSVpRc"" folds",2023-05-13T22:03:23.268Z,168401540326800
"""Goml @ Bod7b088c-"" folds",2023-05-13T22:03:19.274Z,168401539927400
"""scrap @ z2HyPltNTn"" calls 11.25",2023-05-13T22:03:18.389Z,168401539838900
"""TD @ mQ8WOrzetd"" bets 11.25",2023-05-13T22:03:15.678Z,168401539567800
"""daws @ xjgMoSVpRc"" checks",2023-05-13T22:03:05.847Z,168401538584700
"""Goml @ Bod7b088c-"" checks",2023-05-13T22:03:02.879Z,168401538287900
"Turn: Q♠, A♦, A♠ [J♣]",2023-05-13T22:02:47.863Z,168401536786300
"""scrap @ z2HyPltNTn"" checks",2023-05-13T22:02:47.047Z,168401536704700
"""TD @ mQ8WOrzetd"" checks",2023-05-13T22:02:45.014Z,168401536501400
"""daws @ xjgMoSVpRc"" checks",2023-05-13T22:02:42.199Z,168401536219900
"""Goml @ Bod7b088c-"" checks",2023-05-13T22:02:39.564Z,168401535956400
"Flop:  [Q♠, A♦, A♠]",2023-05-13T22:02:37.355Z,168401535735500
"""TD @ mQ8WOrzetd"" calls 5.50",2023-05-13T22:02:36.528Z,168401535652800
"""daws @ xjgMoSVpRc"" calls 5.50",2023-05-13T22:02:30.346Z,168401535034600
"""Goml @ Bod7b088c-"" calls 5.50",2023-05-13T22:02:28.743Z,168401534874300
"""Rik @ wAgo7xgxkb"" folds",2023-05-13T22:02:26.712Z,168401534671200
"""scrap @ z2HyPltNTn"" raises to 5.50",2023-05-13T22:02:25.777Z,168401534577700
"""TD @ mQ8WOrzetd"" calls 1.00",2023-05-13T22:02:19.745Z,168401533974500
"""Mamo @ abVmUlEwy_"" folds",2023-05-13T22:02:15.344Z,168401533534400
"""Phil @ fjzrNiYyv8"" folds",2023-05-13T22:02:14.348Z,168401533434800
"""mp @ -DkySTil6a"" folds",2023-05-13T22:02:10.089Z,168401533008900
"""Don @ 6T4espke1S"" folds",2023-05-13T22:02:09.157Z,168401532915700
"""daws @ xjgMoSVpRc"" calls 1.00",2023-05-13T22:02:06.427Z,168401532642700
"""JV @ mxbmy34bn7"" folds",2023-05-13T22:02:03.787Z,168401532378700
"""Goml @ Bod7b088c-"" posts a big blind of 1.00",2023-05-13T22:02:02.390Z,168401532239013
"""Rik @ wAgo7xgxkb"" posts a small blind of 0.50",2023-05-13T22:02:02.390Z,168401532239012
"Player stacks: #1 ""Mamo @ abVmUlEwy_"" (147.74) | #2 ""TD @ mQ8WOrzetd"" (254.50) | #3 ""scrap @ z2HyPltNTn"" (118.01) | #4 ""Rik @ wAgo7xgxkb"" (782.63) | #5 ""Goml @ Bod7b088c-"" (278.53) | #6 ""JV @ mxbmy34bn7"" (193.67) | #7 ""daws @ xjgMoSVpRc"" (225.25) | #8 ""Don @ 6T4espke1S"" (74.88) | #9 ""mp @ -DkySTil6a"" (86.12) | #10 ""Phil @ fjzrNiYyv8"" (253.23)",2023-05-13T22:02:02.390Z,168401532239001
"-- starting hand #215 (id: as95eqpvsgko)  (No Limit Texas Hold'em) (dealer: ""scrap @ z2HyPltNTn"") --",2023-05-13T22:02:02.390Z,168401532239000
"-- ending hand #214 --",2023-05-13T22:01:56.378Z,168401531637802
"""Rik @ wAgo7xgxkb"" collected 65.00 from pot with Two Pair, A's & 2's (combination: A♦, A♣, 2♦, 2♥, 9♣)",2023-05-13T22:01:56.378Z,168401531637801
"""Rik @ wAgo7xgxkb"" shows a A♦, 2♦.",2023-05-13T22:01:56.378Z,168401531637800
"""Don @ 6T4espke1S"" calls 15.00",2023-05-13T22:01:55.490Z,168401531549000
"""Rik @ wAgo7xgxkb"" bets 15.00",2023-05-13T22:01:32.224Z,168401529222400
"River: A♣, 2♥, 9♣, 5♥ [8♥]",2023-05-13T22:01:24.122Z,168401528412200
"""Don @ 6T4espke1S"" checks",2023-05-13T22:01:23.277Z,168401528327700
"""Rik @ wAgo7xgxkb"" checks",2023-05-13T22:01:14.368Z,168401527436800
"Turn: A♣, 2♥, 9♣ [5♥]",2023-05-13T22:01:12.710Z,168401527271000
"""Rik @ wAgo7xgxkb"" calls 8.75",2023-05-13T22:01:11.901Z,168401527190100
"""scrap @ z2HyPltNTn"" folds",2023-05-13T22:01:09.818Z,168401526981800
"""Don @ 6T4espke1S"" bets 8.75",2023-05-13T22:01:07.186Z,168401526718600
"""Rik @ wAgo7xgxkb"" checks",2023-05-13T22:01:03.379Z,168401526337900
"""scrap @ z2HyPltNTn"" checks",2023-05-13T22:00:57.906Z,168401525790600
"Flop:  [A♣, 2♥, 9♣]",2023-05-13T22:00:53.937Z,168401525393700
"""Don @ 6T4espke1S"" calls 5.50",2023-05-13T22:00:53.085Z,168401525308500
"""Goml @ Bod7b088c-"" folds",2023-05-13T22:00:51.611Z,168401525161100
"""Rik @ wAgo7xgxkb"" calls 5.50",2023-05-13T22:00:50.486Z,168401525048600
"""scrap @ z2HyPltNTn"" raises to 5.50",2023-05-13T22:00:45.788Z,168401524578800
"""TD @ mQ8WOrzetd"" folds",2023-05-13T22:00:37.766Z,168401523776600
"""Mamo @ abVmUlEwy_"" folds",2023-05-13T22:00:36.855Z,168401523685500
"""Phil @ fjzrNiYyv8"" folds",2023-05-13T22:00:35.582Z,168401523558200
"""mp @ -DkySTil6a"" folds",2023-05-13T22:00:34.548Z,168401523454800
"""Don @ 6T4espke1S"" calls 1.00",2023-05-13T22:00:33.586Z,168401523358600
"""daws @ xjgMoSVpRc"" folds",2023-05-13T22:00:22.108Z,168401522210800
"""JV @ mxbmy34bn7"" folds",2023-05-13T22:00:21.182Z,168401522118200
"""Goml @ Bod7b088c-"" calls 1.00",2023-05-13T22:00:20.210Z,168401522021000
"""Rik @ wAgo7xgxkb"" posts a big blind of 1.00",2023-05-13T22:00:18.193Z,168401521819313
"""scrap @ z2HyPltNTn"" posts a small blind of 0.50",2023-05-13T22:00:18.193Z,168401521819312
"Player stacks: #1 ""Mamo @ abVmUlEwy_"" (147.74) | #2 ""TD @ mQ8WOrzetd"" (254.50) | #3 ""scrap @ z2HyPltNTn"" (123.51) | #4 ""Rik @ wAgo7xgxkb"" (746.88) | #5 ""Goml @ Bod7b088c-"" (279.53) | #6 ""JV @ mxbmy34bn7"" (193.67) | #7 ""daws @ xjgMoSVpRc"" (225.25) | #8 ""Don @ 6T4espke1S"" (104.13) | #9 ""mp @ -DkySTil6a"" (86.12) | #10 ""Phil @ fjzrNiYyv8"" (253.23)",2023-05-13T22:00:18.193Z,168401521819301
"-- starting hand #214 (id: qjhffnwdyzoa)  (No Limit Texas Hold'em) (dealer: ""TD @ mQ8WOrzetd"") --",2023-05-13T22:00:18.193Z,168401521819300
"-- ending hand #213 --",2023-05-13T22:00:12.164Z,168401521216403
"""JV @ mxbmy34bn7"" shows a Q♠, A♠.",2023-05-13T22:00:12.164Z,168401521216402
"""daws @ xjgMoSVpRc"" collected 36.00 from pot with Two Pair, 6's & 5's (combination: 6♦, 6♥, 5♥, 5♦, A♥)",2023-05-13T22:00:12.164Z,168401521216401
"""daws @ xjgMoSVpRc"" shows a 5♥, A♥.",2023-05-13T22:00:12.164Z,168401521216400
"""daws @ xjgMoSVpRc"" checks",2023-05-13T22:00:11.308Z,168401521130800
"""JV @ mxbmy34bn7"" checks",2023-05-13T22:00:09.572Z,168401520957200
"River: 6♦, 5♦, 6♥, 2♠ [3♠]",2023-05-13T22:00:07.356Z,168401520735600
"""JV @ mxbmy34bn7"" calls 9.00",2023-05-13T22:00:06.452Z,168401520645200
"""daws @ xjgMoSVpRc"" bets 9.00",2023-05-13T21:59:56.315Z,168401519631500
"""JV @ mxbmy34bn7"" checks",2023-05-13T21:59:50.091Z,168401519009100
"Turn: 6♦, 5♦, 6♥ [2♠]",2023-05-13T21:59:44.999Z,168401518499900
"""scrap @ z2HyPltNTn"" folds",2023-05-13T21:59:44.158Z,168401518415800
"""TD @ mQ8WOrzetd"" folds",2023-05-13T21:59:43.297Z,168401518329700
"""daws @ xjgMoSVpRc"" calls 3.00",2023-05-13T21:59:38.856Z,168401517885600
"""JV @ mxbmy34bn7"" bets 3.00",2023-05-13T21:59:36.116Z,168401517611600
"""scrap @ z2HyPltNTn"" checks",2023-05-13T21:59:31.389Z,168401517138900
"""TD @ mQ8WOrzetd"" checks",2023-05-13T21:59:30.064Z,168401517006400
"Flop:  [6♦, 5♦, 6♥]",2023-05-13T21:59:27.705Z,168401516770500
"""scrap @ z2HyPltNTn"" calls 3.00",2023-05-13T21:59:26.854Z,168401516685400
"""TD @ mQ8WOrzetd"" calls 3.00",2023-05-13T21:59:25.132Z,168401516513200
"""Mamo @ abVmUlEwy_"" folds",2023-05-13T21:59:22.150Z,168401516215000
"""Phil @ fjzrNiYyv8"" folds",2023-05-13T21:59:20.284Z,168401516028400
"""mp @ -DkySTil6a"" folds",2023-05-13T21:59:18.972Z,168401515897200
"""Don @ 6T4espke1S"" folds",2023-05-13T21:59:18.055Z,168401515805500
"""daws @ xjgMoSVpRc"" calls 3.00",2023-05-13T21:59:17.108Z,168401515710800
"""JV @ mxbmy34bn7"" raises to 3.00",2023-05-13T21:59:15.686Z,168401515568600
"""Goml @ Bod7b088c-"" folds",2023-05-13T21:59:10.496Z,168401515049600
"""Rik @ wAgo7xgxkb"" folds",2023-05-13T21:59:09.599Z,168401514959900
"""scrap @ z2HyPltNTn"" posts a big blind of 1.00",2023-05-13T21:59:07.091Z,168401514709113
"""TD @ mQ8WOrzetd"" posts a small blind of 0.50",2023-05-13T21:59:07.091Z,168401514709112
"Player stacks: #1 ""Mamo @ abVmUlEwy_"" (147.74) | #2 ""TD @ mQ8WOrzetd"" (257.50) | #3 ""scrap @ z2HyPltNTn"" (126.51) | #4 ""Rik @ wAgo7xgxkb"" (746.88) | #5 ""Goml @ Bod7b088c-"" (279.53) | #6 ""JV @ mxbmy34bn7"" (208.67) | #7 ""daws @ xjgMoSVpRc"" (204.25) | #8 ""Don @ 6T4espke1S"" (104.13) | #9 ""mp @ -DkySTil6a"" (86.12) | #10 ""Phil @ fjzrNiYyv8"" (253.23)",2023-05-13T21:59:07.091Z,168401514709101
"-- starting hand #213 (id: nhpgzrvyxdmt)  (No Limit Texas Hold'em) (dealer: ""Mamo @ abVmUlEwy_"") --",2023-05-13T21:59:07.091Z,168401514709100
"-- ending hand #212 --",2023-05-13T21:59:01.086Z,168401514108602
"""TD @ mQ8WOrzetd"" collected 12.50 from pot with Two Pair, K's & 5's (combination: K♣, K♥, 5♥, 5♠, Q♥)",2023-05-13T21:59:01.086Z,168401514108601
"""TD @ mQ8WOrzetd"" shows a K♣, K♥.",2023-05-13T21:59:01.086Z,168401514108600
"""JV @ mxbmy34bn7"" calls 4.00",2023-05-13T21:59:00.226Z,168401514022600
"""TD @ mQ8WOrzetd"" bets 4.00",2023-05-13T21:58:53.614Z,168401513361400
"River: 2♣, 5♥, 5♠, 10♥ [Q♥]",2023-05-13T21:58:45.798Z,168401512579800
"""JV @ mxbmy34bn7"" checks",2023-05-13T21:58:44.959Z,168401512495900
"""TD @ mQ8WOrzetd"" checks",2023-05-13T21:58:40.130Z,168401512013000
"Turn: 2♣, 5♥, 5♠ [10♥]",2023-05-13T21:58:26.777Z,168401510677700
"""JV @ mxbmy34bn7"" checks",2023-05-13T21:58:25.956Z,168401510595600
"""TD @ mQ8WOrzetd"" checks",2023-05-13T21:58:22.636Z,168401510263600
"Flop:  [2♣, 5♥, 5♠]",2023-05-13T21:58:20.453Z,168401510045300
"""TD @ mQ8WOrzetd"" calls 2.00",2023-05-13T21:58:19.637Z,168401509963700
"""Mamo @ abVmUlEwy_"" folds",2023-05-13T21:58:13.760Z,168401509376000
"""Phil @ fjzrNiYyv8"" folds",2023-05-13T21:58:06.443Z,168401508644300
"""mp @ -DkySTil6a"" folds",2023-05-13T21:58:05.449Z,168401508544900
"""Don @ 6T4espke1S"" folds",2023-05-13T21:58:04.448Z,168401508444800
"""daws @ xjgMoSVpRc"" folds",2023-05-13T21:58:03.517Z,168401508351700
"""JV @ mxbmy34bn7"" raises to 2.00",2023-05-13T21:58:02.564Z,168401508256400
"""Goml @ Bod7b088c-"" folds",2023-05-13T21:57:55.827Z,168401507582700
"""Rik @ wAgo7xgxkb"" folds",2023-05-13T21:57:54.880Z,168401507488000
"""scrap @ z2HyPltNTn"" folds",2023-05-13T21:57:53.896Z,168401507389600
"""TD @ mQ8WOrzetd"" posts a big blind of 1.00",2023-05-13T21:57:52.876Z,168401507287613
"""Mamo @ abVmUlEwy_"" posts a small blind of 0.50",2023-05-13T21:57:52.876Z,168401507287612
"Player stacks: #1 ""Mamo @ abVmUlEwy_"" (148.24) | #2 ""TD @ mQ8WOrzetd"" (251.00) | #3 ""scrap @ z2HyPltNTn"" (126.51) | #4 ""Rik @ wAgo7xgxkb"" (746.88) | #5 ""Goml @ Bod7b088c-"" (279.53) | #6 ""JV @ mxbmy34bn7"" (214.67) | #7 ""daws @ xjgMoSVpRc"" (204.25) | #8 ""Don @ 6T4espke1S"" (104.13) | #9 ""mp @ -DkySTil6a"" (86.12) | #10 ""Phil @ fjzrNiYyv8"" (253.23)",2023-05-13T21:57:52.876Z,168401507287601
"-- starting hand #212 (id: p6irsvw9bv85)  (No Limit Texas Hold'em) (dealer: ""Phil @ fjzrNiYyv8"") --",2023-05-13T21:57:52.876Z,168401507287600
"-- ending hand #211 --",2023-05-13T21:57:46.935Z,168401506693502
"""mp @ -DkySTil6a"" collected 19.49 from pot",2023-05-13T21:57:46.935Z,168401506693501
"Uncalled bet of 9.74 returned to ""mp @ -DkySTil6a""",2023-05-13T21:57:46.935Z,168401506693500
"""Don @ 6T4espke1S"" folds",2023-05-13T21:57:46.074Z,168401506607400
"""mp @ -DkySTil6a"" bets 9.74",2023-05-13T21:57:43.495Z,168401506349500
"""Don @ 6T4espke1S"" checks",2023-05-13T21:57:39.897Z,168401505989700
"Turn: K♠, A♦, 5♣ [Q♥]",2023-05-13T21:57:37.862Z,168401505786200
"""Goml @ Bod7b088c-"" folds",2023-05-13T21:57:37.049Z,168401505704900
"""mp @ -DkySTil6a"" calls 4.87",2023-05-13T21:57:36.161Z,168401505616100
"""Don @ 6T4espke1S"" bets 4.87",2023-05-13T21:57:31.155Z,168401505115500
"""Goml @ Bod7b088c-"" checks",2023-05-13T21:57:27.571Z,168401504757100
"Flop:  [K♠, A♦, 5♣]",2023-05-13T21:57:26.168Z,168401504616800
"""Goml @ Bod7b088c-"" calls 2.75",2023-05-13T21:57:25.314Z,168401504531400
"""Mamo @ abVmUlEwy_"" folds",2023-05-13T21:57:16.403Z,168401503640300
"""Phil @ fjzrNiYyv8"" folds",2023-05-13T21:57:15.385Z,168401503538500
"""mp @ -DkySTil6a"" calls 2.75",2023-05-13T21:57:14.440Z,168401503444000
"""Don @ 6T4espke1S"" raises to 2.75",2023-05-13T21:56:57.807Z,168401501780700
"""daws @ xjgMoSVpRc"" folds",2023-05-13T21:56:51.065Z,168401501106500
"""JV @ mxbmy34bn7"" folds",2023-05-13T21:56:50.131Z,168401501013100
"""Goml @ Bod7b088c-"" calls 1.00",2023-05-13T21:56:49.090Z,168401500909000
"""Rik @ wAgo7xgxkb"" folds",2023-05-13T21:56:39.202Z,168401499920200
"""scrap @ z2HyPltNTn"" folds",2023-05-13T21:56:38.292Z,168401499829200
"""TD @ mQ8WOrzetd"" folds",2023-05-13T21:56:35.951Z,168401499595100
"""Mamo @ abVmUlEwy_"" posts a big blind of 1.00",2023-05-13T21:56:31.442Z,168401499144213
"""Phil @ fjzrNiYyv8"" posts a small blind of 0.50",2023-05-13T21:56:31.442Z,168401499144212
"Player stacks: #1 ""Mamo @ abVmUlEwy_"" (149.24) | #2 ""TD @ mQ8WOrzetd"" (251.00) | #3 ""scrap @ z2HyPltNTn"" (126.51) | #4 ""Rik @ wAgo7xgxkb"" (746.88) | #5 ""Goml @ Bod7b088c-"" (282.28) | #6 ""JV @ mxbmy34bn7"" (214.67) | #7 ""daws @ xjgMoSVpRc"" (204.25) | #8 ""Don @ 6T4espke1S"" (111.75) | #9 ""mp @ -DkySTil6a"" (74.25) | #10 ""Phil @ fjzrNiYyv8"" (253.73)",2023-05-13T21:56:31.442Z,168401499144201
"-- starting hand #211 (id: awe4qfakvqza)  (No Limit Texas Hold'em) (dealer: ""mp @ -DkySTil6a"") --",2023-05-13T21:56:31.442Z,168401499144200
"-- ending hand #210 --",2023-05-13T21:56:28.438Z,168401498843802
"""Rik @ wAgo7xgxkb"" collected 39.00 from pot",2023-05-13T21:56:28.438Z,168401498843801
"Uncalled bet of 28.00 returned to ""Rik @ wAgo7xgxkb""",2023-05-13T21:56:28.438Z,168401498843800
"""daws @ xjgMoSVpRc"" folds",2023-05-13T21:56:27.565Z,168401498756500
"""Rik @ wAgo7xgxkb"" bets 28.00",2023-05-13T21:56:25.587Z,168401498558700
"River: A♣, 8♥, J♦, 3♠ [4♥]",2023-05-13T21:56:15.890Z,168401497589000
"""daws @ xjgMoSVpRc"" calls 12.00",2023-05-13T21:56:15.080Z,168401497508000
"""Rik @ wAgo7xgxkb"" bets 12.00",2023-05-13T21:56:10.618Z,168401497061800
"Turn: A♣, 8♥, J♦ [3♠]",2023-05-13T21:56:06.594Z,168401496659400
"""daws @ xjgMoSVpRc"" calls 3.75",2023-05-13T21:56:05.728Z,168401496572800
"""Rik @ wAgo7xgxkb"" bets 3.75",2023-05-13T21:56:03.322Z,168401496332200
"Flop:  [A♣, 8♥, J♦]",2023-05-13T21:55:57.256Z,168401495725600
"""Phil @ fjzrNiYyv8"" folds",2023-05-13T21:55:56.435Z,168401495643500
"""mp @ -DkySTil6a"" folds",2023-05-13T21:55:55.501Z,168401495550100
"""Don @ 6T4espke1S"" folds",2023-05-13T21:55:54.507Z,168401495450700
"""daws @ xjgMoSVpRc"" calls 3.00",2023-05-13T21:55:42.608Z,168401494260800
"""JV @ mxbmy34bn7"" folds",2023-05-13T21:55:40.397Z,168401494039700
"""Goml @ Bod7b088c-"" folds",2023-05-13T21:55:39.452Z,168401493945200
"""Rik @ wAgo7xgxkb"" raises to 3.00",2023-05-13T21:55:38.537Z,168401493853700
"""scrap @ z2HyPltNTn"" folds",2023-05-13T21:55:34.747Z,168401493474700
"""TD @ mQ8WOrzetd"" folds",2023-05-13T21:55:33.832Z,168401493383200
"""Mamo @ abVmUlEwy_"" folds",2023-05-13T21:55:31.567Z,168401493156700
"""Phil @ fjzrNiYyv8"" posts a big blind of 1.00",2023-05-13T21:55:26.547Z,168401492654713
"""mp @ -DkySTil6a"" posts a small blind of 0.50",2023-05-13T21:55:26.547Z,168401492654712
"Player stacks: #1 ""Mamo @ abVmUlEwy_"" (149.24) | #2 ""TD @ mQ8WOrzetd"" (251.00) | #3 ""scrap @ z2HyPltNTn"" (126.51) | #4 ""Rik @ wAgo7xgxkb"" (726.63) | #5 ""Goml @ Bod7b088c-"" (282.28) | #6 ""JV @ mxbmy34bn7"" (214.67) | #7 ""daws @ xjgMoSVpRc"" (223.00) | #8 ""Don @ 6T4espke1S"" (111.75) | #9 ""mp @ -DkySTil6a"" (74.75) | #10 ""Phil @ fjzrNiYyv8"" (254.73)",2023-05-13T21:55:26.547Z,168401492654701
"-- starting hand #210 (id: ydbevj6cxb8v)  (No Limit Texas Hold'em) (dealer: ""Don @ 6T4espke1S"") --",2023-05-13T21:55:26.547Z,168401492654700
"-- ending hand #209 --",2023-05-13T21:55:20.618Z,168401492061802
"""scrap @ z2HyPltNTn"" collected 15.00 from pot",2023-05-13T21:55:20.618Z,168401492061801
"Uncalled bet of 5.50 returned to ""scrap @ z2HyPltNTn""",2023-05-13T21:55:20.618Z,168401492061800
"""TD @ mQ8WOrzetd"" folds",2023-05-13T21:55:19.815Z,168401491981500
"""JV @ mxbmy34bn7"" folds",2023-05-13T21:55:18.923Z,168401491892300
"""scrap @ z2HyPltNTn"" bets 5.50",2023-05-13T21:55:11.826Z,168401491182600
"""TD @ mQ8WOrzetd"" checks",2023-05-13T21:55:04.331Z,168401490433100
"Flop:  [3♠, 10♣, 3♦]",2023-05-13T21:55:02.715Z,168401490271500
"""TD @ mQ8WOrzetd"" calls 4.50",2023-05-13T21:55:01.874Z,168401490187400
"""mp @ -DkySTil6a"" folds",2023-05-13T21:54:58.882Z,168401489888200
"""Don @ 6T4espke1S"" folds",2023-05-13T21:54:57.973Z,168401489797300
"""daws @ xjgMoSVpRc"" folds",2023-05-13T21:54:46.251Z,168401488625100
"""JV @ mxbmy34bn7"" calls 4.50",2023-05-13T21:54:45.268Z,168401488526800
"""Goml @ Bod7b088c-"" folds",2023-05-13T21:54:40.051Z,168401488005100
"""Rik @ wAgo7xgxkb"" folds",2023-05-13T21:54:37.215Z,168401487721500
"""scrap @ z2HyPltNTn"" raises to 4.50",2023-05-13T21:54:32.355Z,168401487235500
"""TD @ mQ8WOrzetd"" calls 1.00",2023-05-13T21:54:27.989Z,168401486798900
"""Mamo @ abVmUlEwy_"" folds",2023-05-13T21:54:26.521Z,168401486652100
"""Phil @ fjzrNiYyv8"" folds",2023-05-13T21:54:25.500Z,168401486550000
"""mp @ -DkySTil6a"" posts a big blind of 1.00",2023-05-13T21:54:22.643Z,168401486264313
"""Don @ 6T4espke1S"" posts a small blind of 0.50",2023-05-13T21:54:22.643Z,168401486264312
"Player stacks: #1 ""Mamo @ abVmUlEwy_"" (149.24) | #2 ""TD @ mQ8WOrzetd"" (255.50) | #3 ""scrap @ z2HyPltNTn"" (116.01) | #4 ""Rik @ wAgo7xgxkb"" (726.63) | #5 ""Goml @ Bod7b088c-"" (282.28) | #6 ""JV @ mxbmy34bn7"" (219.17) | #7 ""daws @ xjgMoSVpRc"" (223.00) | #8 ""Don @ 6T4espke1S"" (112.25) | #9 ""mp @ -DkySTil6a"" (75.75) | #10 ""Phil @ fjzrNiYyv8"" (254.73)",2023-05-13T21:54:22.643Z,168401486264301
"-- starting hand #209 (id: c8174ctk3xeh)  (No Limit Texas Hold'em) (dealer: ""daws @ xjgMoSVpRc"") --",2023-05-13T21:54:22.643Z,168401486264300
"-- ending hand #208 --",2023-05-13T21:54:16.730Z,168401485673002
"""JV @ mxbmy34bn7"" collected 25.50 from pot",2023-05-13T21:54:16.730Z,168401485673001
"Uncalled bet of 13.75 returned to ""JV @ mxbmy34bn7""",2023-05-13T21:54:16.730Z,168401485673000
"""Goml @ Bod7b088c-"" folds",2023-05-13T21:54:15.856Z,168401485585600
"""Mamo @ abVmUlEwy_"" folds",2023-05-13T21:54:14.760Z,168401485476000
"""JV @ mxbmy34bn7"" bets 13.75",2023-05-13T21:54:08.811Z,168401484881100
"""Goml @ Bod7b088c-"" checks",2023-05-13T21:53:56.361Z,168401483636100
"""Mamo @ abVmUlEwy_"" checks",2023-05-13T21:53:54.373Z,168401483437300
"Turn: J♥, 5♠, A♣ [9♦]",2023-05-13T21:53:52.658Z,168401483265800
"""JV @ mxbmy34bn7"" calls 5.00",2023-05-13T21:53:51.851Z,168401483185100
"""Goml @ Bod7b088c-"" calls 5.00",2023-05-13T21:53:46.384Z,168401482638400
"""Mamo @ abVmUlEwy_"" bets 5.00",2023-05-13T21:53:44.231Z,168401482423100
"Flop:  [J♥, 5♠, A♣]",2023-05-13T21:53:37.356Z,168401481735600
"""Don @ 6T4espke1S"" folds",2023-05-13T21:53:36.527Z,168401481652700
"""daws @ xjgMoSVpRc"" folds",2023-05-13T21:53:35.580Z,168401481558000
"""JV @ mxbmy34bn7"" calls 3.00",2023-05-13T21:53:34.568Z,168401481456800
"""Goml @ Bod7b088c-"" calls 3.00",2023-05-13T21:53:30.947Z,168401481094700
"""Rik @ wAgo7xgxkb"" folds",2023-05-13T21:53:21.350Z,168401480135000
"""scrap @ z2HyPltNTn"" folds",2023-05-13T21:53:16.477Z,168401479647700
"""TD @ mQ8WOrzetd"" folds",2023-05-13T21:53:15.577Z,168401479557700
"""Mamo @ abVmUlEwy_"" raises to 3.00",2023-05-13T21:53:14.680Z,168401479468000
"""Phil @ fjzrNiYyv8"" folds",2023-05-13T21:53:10.851Z,168401479085100
"""mp @ -DkySTil6a"" folds",2023-05-13T21:53:09.806Z,168401478980600
"""Don @ 6T4espke1S"" posts a big blind of 1.00",2023-05-13T21:53:07.417Z,168401478741713
"""daws @ xjgMoSVpRc"" posts a small blind of 0.50",2023-05-13T21:53:07.417Z,168401478741712
"Player stacks: #1 ""Mamo @ abVmUlEwy_"" (157.24) | #2 ""TD @ mQ8WOrzetd"" (255.50) | #3 ""scrap @ z2HyPltNTn"" (116.01) | #4 ""Rik @ wAgo7xgxkb"" (726.63) | #5 ""Goml @ Bod7b088c-"" (290.28) | #6 ""JV @ mxbmy34bn7"" (201.67) | #7 ""daws @ xjgMoSVpRc"" (223.50) | #8 ""Don @ 6T4espke1S"" (113.25) | #9 ""mp @ -DkySTil6a"" (75.75) | #10 ""Phil @ fjzrNiYyv8"" (254.73)",2023-05-13T21:53:07.417Z,168401478741701
"-- starting hand #208 (id: a4n5qvszanbd)  (No Limit Texas Hold'em) (dealer: ""JV @ mxbmy34bn7"") --",2023-05-13T21:53:07.417Z,168401478741700
"-- ending hand #207 --",2023-05-13T21:53:01.400Z,168401478140002
"""Rik @ wAgo7xgxkb"" collected 6.50 from pot",2023-05-13T21:53:01.400Z,168401478140001
"Uncalled bet of 3.25 returned to ""Rik @ wAgo7xgxkb""",2023-05-13T21:53:01.400Z,168401478140000
"""daws @ xjgMoSVpRc"" folds",2023-05-13T21:53:00.545Z,168401478054500
"""Rik @ wAgo7xgxkb"" bets 3.25",2023-05-13T21:52:59.126Z,168401477912600
"""daws @ xjgMoSVpRc"" checks",2023-05-13T21:52:54.274Z,168401477427400
"Flop:  [Q♣, 10♠, K♥]",2023-05-13T21:52:51.874Z,168401477187400
"""daws @ xjgMoSVpRc"" calls 3.00",2023-05-13T21:52:51.051Z,168401477105100
"""JV @ mxbmy34bn7"" folds",2023-05-13T21:52:41.210Z,168401476121000
"""Goml @ Bod7b088c-"" folds",2023-05-13T21:52:40.221Z,168401476022100
"""Rik @ wAgo7xgxkb"" raises to 3.00",2023-05-13T21:52:39.251Z,168401475925100
"""scrap @ z2HyPltNTn"" folds",2023-05-13T21:52:35.420Z,168401475542000
"""TD @ mQ8WOrzetd"" folds",2023-05-13T21:52:34.538Z,168401475453800
"""Mamo @ abVmUlEwy_"" folds",2023-05-13T21:52:33.517Z,168401475351700
"""Phil @ fjzrNiYyv8"" folds",2023-05-13T21:52:32.149Z,168401475214900
"""mp @ -DkySTil6a"" folds",2023-05-13T21:52:31.032Z,168401475103200
"""Don @ 6T4espke1S"" folds",2023-05-13T21:52:30.176Z,168401475017600
"""daws @ xjgMoSVpRc"" posts a big blind of 1.00",2023-05-13T21:51:24.034Z,168401468403413
"""JV @ mxbmy34bn7"" posts a small blind of 0.50",2023-05-13T21:51:24.034Z,168401468403412
"Player stacks: #1 ""Mamo @ abVmUlEwy_"" (157.24) | #2 ""TD @ mQ8WOrzetd"" (255.50) | #3 ""scrap @ z2HyPltNTn"" (116.01) | #4 ""Rik @ wAgo7xgxkb"" (723.13) | #5 ""Goml @ Bod7b088c-"" (290.28) | #6 ""JV @ mxbmy34bn7"" (202.17) | #7 ""daws @ xjgMoSVpRc"" (226.50) | #8 ""Don @ 6T4espke1S"" (113.25) | #9 ""mp @ -DkySTil6a"" (75.75) | #10 ""Phil @ fjzrNiYyv8"" (254.73)",2023-05-13T21:51:24.034Z,168401468403401
"-- starting hand #207 (id: nxjdqyzuugik)  (No Limit Texas Hold'em) (dealer: ""Goml @ Bod7b088c-"") --",2023-05-13T21:51:24.034Z,168401468403400
"-- ending hand #206 --",2023-05-13T21:51:18.026Z,168401467802602
"""TD @ mQ8WOrzetd"" collected 106.00 from pot with Three of a Kind, A's (combination: A♠, A♥, A♦, Q♦, 8♣)",2023-05-13T21:51:18.026Z,168401467802601
"""TD @ mQ8WOrzetd"" shows a A♠, Q♦.",2023-05-13T21:51:18.026Z,168401467802600
"""Rik @ wAgo7xgxkb"" checks",2023-05-13T21:51:17.185Z,168401467718500
"""TD @ mQ8WOrzetd"" checks",2023-05-13T21:51:14.791Z,168401467479100
"River: A♥, 8♣, 4♣, A♦ [7♦]",2023-05-13T21:51:09.516Z,168401466951600
"""scrap @ z2HyPltNTn"" folds",2023-05-13T21:51:08.625Z,168401466862500
"""TD @ mQ8WOrzetd"" calls 30.00",2023-05-13T21:51:06.968Z,168401466696800
"""Rik @ wAgo7xgxkb"" bets 30.00",2023-05-13T21:50:56.299Z,168401465629900
"""scrap @ z2HyPltNTn"" checks",2023-05-13T21:50:41.424Z,168401464142400
"""TD @ mQ8WOrzetd"" checks",2023-05-13T21:50:33.464Z,168401463346400
"Turn: A♥, 8♣, 4♣ [A♦]",2023-05-13T21:50:31.706Z,168401463170600
"""TD @ mQ8WOrzetd"" calls 9.00",2023-05-13T21:50:30.879Z,168401463087900
"""Rik @ wAgo7xgxkb"" calls 9.00",2023-05-13T21:50:26.763Z,168401462676300
"""scrap @ z2HyPltNTn"" bets 9.00",2023-05-13T21:50:23.665Z,168401462366500
"""TD @ mQ8WOrzetd"" checks",2023-05-13T21:50:16.908Z,168401461690800
"Flop:  [A♥, 8♣, 4♣]",2023-05-13T21:50:15.259Z,168401461525900
"""TD @ mQ8WOrzetd"" calls 5.50",2023-05-13T21:50:14.344Z,168401461434400
"""daws @ xjgMoSVpRc"" folds",2023-05-13T21:50:12.211Z,168401461221100
"""JV @ mxbmy34bn7"" folds",2023-05-13T21:50:11.217Z,168401461121700
"""Goml @ Bod7b088c-"" folds",2023-05-13T21:50:08.050Z,168401460805000
"""Rik @ wAgo7xgxkb"" calls 5.50",2023-05-13T21:50:07.007Z,168401460700700
"""scrap @ z2HyPltNTn"" raises to 5.50",2023-05-13T21:50:04.045Z,168401460404500
"""TD @ mQ8WOrzetd"" calls 1.00",2023-05-13T21:49:58.683Z,168401459868300
"""Mamo @ abVmUlEwy_"" folds",2023-05-13T21:49:57.268Z,168401459726800
"""Phil @ fjzrNiYyv8"" folds",2023-05-13T21:49:56.292Z,168401459629200
"""mp @ -DkySTil6a"" folds",2023-05-13T21:49:55.347Z,168401459534700
"""Don @ 6T4espke1S"" folds",2023-05-13T21:49:54.338Z,168401459433800
"""daws @ xjgMoSVpRc"" calls 1.00",2023-05-13T21:49:48.770Z,168401458877000
"""JV @ mxbmy34bn7"" posts a big blind of 1.00",2023-05-13T21:49:46.198Z,168401458619813
"""Goml @ Bod7b088c-"" posts a small blind of 0.50",2023-05-13T21:49:46.198Z,168401458619812
"Player stacks: #1 ""Mamo @ abVmUlEwy_"" (157.24) | #2 ""TD @ mQ8WOrzetd"" (194.00) | #3 ""scrap @ z2HyPltNTn"" (130.51) | #4 ""Rik @ wAgo7xgxkb"" (767.63) | #5 ""Goml @ Bod7b088c-"" (290.78) | #6 ""JV @ mxbmy34bn7"" (203.17) | #7 ""daws @ xjgMoSVpRc"" (227.50) | #8 ""Don @ 6T4espke1S"" (113.25) | #9 ""mp @ -DkySTil6a"" (75.75) | #10 ""Phil @ fjzrNiYyv8"" (254.73)",2023-05-13T21:49:46.198Z,168401458619801
"-- starting hand #206 (id: 9jlz35wgnfml)  (No Limit Texas Hold'em) (dealer: ""Rik @ wAgo7xgxkb"") --",2023-05-13T21:49:46.198Z,168401458619800
"-- ending hand #205 --",2023-05-13T21:49:40.114Z,168401458011402
"""Goml @ Bod7b088c-"" collected 32.00 from pot with Straight, Q High (combination: Q♦, J♠, 10♦, 9♥, 8♥)",2023-05-13T21:49:40.114Z,168401458011401
"""Goml @ Bod7b088c-"" shows a 10♦, Q♦.",2023-05-13T21:49:40.114Z,168401458011400
"""mp @ -DkySTil6a"" checks",2023-05-13T21:49:39.297Z,168401457929700
"""Goml @ Bod7b088c-"" checks",2023-05-13T21:49:37.822Z,168401457782200
"River: 10♥, 8♥, J♠, 10♠ [9♥]",2023-05-13T21:49:31.907Z,168401457190700
"""mp @ -DkySTil6a"" calls 8.50",2023-05-13T21:49:31.053Z,168401457105300
"""Goml @ Bod7b088c-"" bets 8.50",2023-05-13T21:49:29.518Z,168401456951800
"Turn: 10♥, 8♥, J♠ [10♠]",2023-05-13T21:49:26.222Z,168401456622200
"""mp @ -DkySTil6a"" calls 3.75",2023-05-13T21:49:25.419Z,168401456541900
"""Goml @ Bod7b088c-"" bets 3.75",2023-05-13T21:49:23.901Z,168401456390100
"Flop:  [10♥, 8♥, J♠]",2023-05-13T21:49:20.178Z,168401456017800
"""mp @ -DkySTil6a"" calls 3.00",2023-05-13T21:49:19.308Z,168401455930800
"""Don @ 6T4espke1S"" folds",2023-05-13T21:49:16.479Z,168401455647900
"""Goml @ Bod7b088c-"" raises to 3.00",2023-05-13T21:49:00.650Z,168401454065000
"""Rik @ wAgo7xgxkb"" folds",2023-05-13T21:48:57.877Z,168401453787700
"""scrap @ z2HyPltNTn"" folds",2023-05-13T21:48:51.172Z,168401453117200
"""TD @ mQ8WOrzetd"" folds",2023-05-13T21:48:50.284Z,168401453028400
"""Mamo @ abVmUlEwy_"" folds",2023-05-13T21:48:49.286Z,168401452928600
"""Phil @ fjzrNiYyv8"" folds",2023-05-13T21:48:48.145Z,168401452814500
"""mp @ -DkySTil6a"" calls 1.00",2023-05-13T21:48:44.196Z,168401452419600
"""Don @ 6T4espke1S"" calls 1.00",2023-05-13T21:48:43.238Z,168401452323800
"""daws @ xjgMoSVpRc"" folds",2023-05-13T21:48:41.358Z,168401452135800
"""JV @ mxbmy34bn7"" folds",2023-05-13T21:48:40.277Z,168401452027700
"""Goml @ Bod7b088c-"" posts a big blind of 1.00",2023-05-13T21:48:38.922Z,168401451892213
"""Rik @ wAgo7xgxkb"" posts a small blind of 0.50",2023-05-13T21:48:38.922Z,168401451892212
"Player stacks: #1 ""Mamo @ abVmUlEwy_"" (157.24) | #2 ""TD @ mQ8WOrzetd"" (194.00) | #3 ""scrap @ z2HyPltNTn"" (130.51) | #4 ""Rik @ wAgo7xgxkb"" (768.13) | #5 ""Goml @ Bod7b088c-"" (274.03) | #6 ""JV @ mxbmy34bn7"" (203.17) | #7 ""daws @ xjgMoSVpRc"" (227.50) | #8 ""Don @ 6T4espke1S"" (114.25) | #9 ""mp @ -DkySTil6a"" (91.00) | #10 ""Phil @ fjzrNiYyv8"" (254.73)",2023-05-13T21:48:38.922Z,168401451892201
"-- starting hand #205 (id: ocaskg54zono)  (No Limit Texas Hold'em) (dealer: ""scrap @ z2HyPltNTn"") --",2023-05-13T21:48:38.922Z,168401451892200
"-- ending hand #204 --",2023-05-13T21:48:36.003Z,168401451600302
"""JV @ mxbmy34bn7"" collected 107.50 from pot",2023-05-13T21:48:36.003Z,168401451600301
"Uncalled bet of 95.67 returned to ""JV @ mxbmy34bn7""",2023-05-13T21:48:36.003Z,168401451600300
"""Rik @ wAgo7xgxkb"" folds",2023-05-13T21:48:35.162Z,168401451516200
"""JV @ mxbmy34bn7"" raises to 120.67 and go all in",2023-05-13T21:48:04.993Z,168401448499300
"""Rik @ wAgo7xgxkb"" bets 25.00",2023-05-13T21:47:44.124Z,168401446412400
"River: Q♦, A♥, 9♦, 8♣ [4♦]",2023-05-13T21:47:33.073Z,168401445307300
"""JV @ mxbmy34bn7"" calls 20.00",2023-05-13T21:47:32.256Z,168401445225600
"""Rik @ wAgo7xgxkb"" raises to 20.00",2023-05-13T21:47:24.948Z,168401444494800
"""JV @ mxbmy34bn7"" bets 8.75",2023-05-13T21:47:13.628Z,168401443362800
"""Rik @ wAgo7xgxkb"" checks",2023-05-13T21:47:01.371Z,168401442137100
"Turn: Q♦, A♥, 9♦ [8♣]",2023-05-13T21:46:59.440Z,168401441944000
"""Rik @ wAgo7xgxkb"" calls 4.00",2023-05-13T21:46:58.607Z,168401441860700
"""daws @ xjgMoSVpRc"" folds",2023-05-13T21:46:56.671Z,168401441667100
"""JV @ mxbmy34bn7"" bets 4.00",2023-05-13T21:46:54.924Z,168401441492400
"""Rik @ wAgo7xgxkb"" checks",2023-05-13T21:46:44.906Z,168401440490600
"Flop:  [Q♦, A♥, 9♦]",2023-05-13T21:46:42.366Z,168401440236600
"""Rik @ wAgo7xgxkb"" calls 3.00",2023-05-13T21:46:41.541Z,168401440154100
"""scrap @ z2HyPltNTn"" folds",2023-05-13T21:46:37.915Z,168401439791500
"""TD @ mQ8WOrzetd"" folds",2023-05-13T21:46:37.057Z,168401439705700
"""Mamo @ abVmUlEwy_"" folds",2023-05-13T21:46:35.961Z,168401439596100
"""Phil @ fjzrNiYyv8"" folds",2023-05-13T21:46:34.975Z,168401439497500
"""mp @ -DkySTil6a"" folds",2023-05-13T21:46:33.822Z,168401439382200
"""Don @ 6T4espke1S"" folds",2023-05-13T21:46:32.849Z,168401439284900
"""daws @ xjgMoSVpRc"" calls 3.00",2023-05-13T21:46:31.912Z,168401439191200
"""JV @ mxbmy34bn7"" raises to 3.00",2023-05-13T21:46:28.936Z,168401438893600
"""Goml @ Bod7b088c-"" folds",2023-05-13T21:46:24.464Z,168401438446400
"""Rik @ wAgo7xgxkb"" posts a big blind of 1.00",2023-05-13T21:46:22.773Z,168401438277313
"""scrap @ z2HyPltNTn"" posts a small blind of 0.50",2023-05-13T21:46:22.773Z,168401438277312
"Player stacks: #1 ""Mamo @ abVmUlEwy_"" (157.24) | #2 ""TD @ mQ8WOrzetd"" (194.00) | #3 ""scrap @ z2HyPltNTn"" (131.01) | #4 ""Rik @ wAgo7xgxkb"" (820.13) | #5 ""Goml @ Bod7b088c-"" (274.03) | #6 ""JV @ mxbmy34bn7"" (147.67) | #7 ""daws @ xjgMoSVpRc"" (230.50) | #8 ""Don @ 6T4espke1S"" (114.25) | #9 ""mp @ -DkySTil6a"" (91.00) | #10 ""Phil @ fjzrNiYyv8"" (254.73)",2023-05-13T21:46:22.773Z,168401438277301
"-- starting hand #204 (id: kjjlxj99fmnh)  (No Limit Texas Hold'em) (dealer: ""TD @ mQ8WOrzetd"") --",2023-05-13T21:46:22.773Z,168401438277300
"-- ending hand #203 --",2023-05-13T21:46:16.855Z,168401437685502
"""Mamo @ abVmUlEwy_"" collected 15.00 from pot",2023-05-13T21:46:16.855Z,168401437685501
"Uncalled bet of 9.00 returned to ""Mamo @ abVmUlEwy_""",2023-05-13T21:46:16.855Z,168401437685500
"""Goml @ Bod7b088c-"" folds",2023-05-13T21:46:16.022Z,168401437602200
"""Rik @ wAgo7xgxkb"" folds",2023-05-13T21:46:14.973Z,168401437497300
"""scrap @ z2HyPltNTn"" folds",2023-05-13T21:46:14.076Z,168401437407600
"""TD @ mQ8WOrzetd"" folds",2023-05-13T21:45:47.219Z,168401434721900
"""Mamo @ abVmUlEwy_"" bets 9.00",2023-05-13T21:45:44.262Z,168401434426200
"""Goml @ Bod7b088c-"" checks",2023-05-13T21:45:38.622Z,168401433862200
"""Rik @ wAgo7xgxkb"" checks",2023-05-13T21:45:36.782Z,168401433678200
"""scrap @ z2HyPltNTn"" checks",2023-05-13T21:45:30.500Z,168401433050000
"""TD @ mQ8WOrzetd"" checks",2023-05-13T21:45:24.675Z,168401432467500
"Turn: 4♣, 9♦, 6♣ [5♥]",2023-05-13T21:45:21.501Z,168401432150100
"""Mamo @ abVmUlEwy_"" checks",2023-05-13T21:45:20.637Z,168401432063700
"""Goml @ Bod7b088c-"" checks",2023-05-13T21:45:17.487Z,168401431748700
"""Rik @ wAgo7xgxkb"" checks",2023-05-13T21:45:13.472Z,168401431347200
"""scrap @ z2HyPltNTn"" checks",2023-05-13T21:45:11.811Z,168401431181100
"""TD @ mQ8WOrzetd"" checks",2023-05-13T21:45:03.886Z,168401430388600
"Flop:  [4♣, 9♦, 6♣]",2023-05-13T21:45:00.652Z,168401430065200
"""scrap @ z2HyPltNTn"" calls 3.00",2023-05-13T21:44:59.839Z,168401429983900
"""TD @ mQ8WOrzetd"" calls 3.00",2023-05-13T21:44:58.409Z,168401429840900
"""Mamo @ abVmUlEwy_"" calls 3.00",2023-05-13T21:44:52.465Z,168401429246500
"""Phil @ fjzrNiYyv8"" folds",2023-05-13T21:44:48.702Z,168401428870200
"""mp @ -DkySTil6a"" folds",2023-05-13T21:44:47.673Z,168401428767300
"""Don @ 6T4espke1S"" folds",2023-05-13T21:44:46.779Z,168401428677900
"""daws @ xjgMoSVpRc"" folds",2023-05-13T21:44:24.662Z,168401426466200
"""JV @ mxbmy34bn7"" folds",2023-05-13T21:44:23.734Z,168401426373400
"""Goml @ Bod7b088c-"" calls 3.00",2023-05-13T21:44:22.649Z,168401426264900
"""Rik @ wAgo7xgxkb"" raises to 3.00",2023-05-13T21:44:07.030Z,168401424703000
"""scrap @ z2HyPltNTn"" posts a big blind of 1.00",2023-05-13T21:44:03.416Z,168401424341613
"""TD @ mQ8WOrzetd"" posts a small blind of 0.50",2023-05-13T21:44:03.416Z,168401424341612
"Player stacks: #1 ""Mamo @ abVmUlEwy_"" (145.24) | #2 ""TD @ mQ8WOrzetd"" (197.00) | #3 ""scrap @ z2HyPltNTn"" (134.01) | #4 ""Rik @ wAgo7xgxkb"" (823.13) | #5 ""Goml @ Bod7b088c-"" (277.03) | #6 ""JV @ mxbmy34bn7"" (147.67) | #7 ""daws @ xjgMoSVpRc"" (230.50) | #8 ""Don @ 6T4espke1S"" (114.25) | #9 ""mp @ -DkySTil6a"" (91.00) | #10 ""Phil @ fjzrNiYyv8"" (254.73)",2023-05-13T21:44:03.416Z,168401424341601
"-- starting hand #203 (id: pjlhwqhvwrjb)  (No Limit Texas Hold'em) (dealer: ""Mamo @ abVmUlEwy_"") --",2023-05-13T21:44:03.416Z,168401424341600
"-- ending hand #202 --",2023-05-13T21:43:57.485Z,168401423748502
"""daws @ xjgMoSVpRc"" collected 9.50 from pot",2023-05-13T21:43:57.485Z,168401423748501
"Uncalled bet of 4.00 returned to ""daws @ xjgMoSVpRc""",2023-05-13T21:43:57.485Z,168401423748500
"""TD @ mQ8WOrzetd"" folds",2023-05-13T21:43:56.605Z,168401423660500
"""Phil @ fjzrNiYyv8"" folds",2023-05-13T21:43:55.692Z,168401423569200
"""daws @ xjgMoSVpRc"" bets 4.00",2023-05-13T21:43:54.373Z,168401423437300
"""TD @ mQ8WOrzetd"" checks",2023-05-13T21:43:47.650Z,168401422765000
"Flop:  [J♦, 5♥, K♦]",2023-05-13T21:43:43.867Z,168401422386700
"""TD @ mQ8WOrzetd"" calls 3.00",2023-05-13T21:43:43.042Z,168401422304200
"""Mamo @ abVmUlEwy_"" folds",2023-05-13T21:43:40.456Z,168401422045600
"""Phil @ fjzrNiYyv8"" calls 3.00",2023-05-13T21:43:34.518Z,168401421451800
"""mp @ -DkySTil6a"" folds",2023-05-13T21:43:32.132Z,168401421213200
"""Don @ 6T4espke1S"" folds",2023-05-13T21:43:31.180Z,168401421118000
"""daws @ xjgMoSVpRc"" raises to 3.00",2023-05-13T21:43:25.032Z,168401420503200
"""JV @ mxbmy34bn7"" folds",2023-05-13T21:43:20.662Z,168401420066200
"""Goml @ Bod7b088c-"" folds",2023-05-13T21:43:19.665Z,168401419966500
"""Rik @ wAgo7xgxkb"" folds",2023-05-13T21:43:03.829Z,168401418382900
"""scrap @ z2HyPltNTn"" folds",2023-05-13T21:42:53.131Z,168401417313100
"""TD @ mQ8WOrzetd"" posts a big blind of 1.00",2023-05-13T21:42:51.774Z,168401417177413
"""Mamo @ abVmUlEwy_"" posts a small blind of 0.50",2023-05-13T21:42:51.774Z,168401417177412
"Player stacks: #1 ""Mamo @ abVmUlEwy_"" (145.74) | #2 ""TD @ mQ8WOrzetd"" (200.00) | #3 ""scrap @ z2HyPltNTn"" (134.01) | #4 ""Rik @ wAgo7xgxkb"" (823.13) | #5 ""Goml @ Bod7b088c-"" (277.03) | #6 ""JV @ mxbmy34bn7"" (147.67) | #7 ""daws @ xjgMoSVpRc"" (224.00) | #8 ""Don @ 6T4espke1S"" (114.25) | #9 ""mp @ -DkySTil6a"" (91.00) | #10 ""Phil @ fjzrNiYyv8"" (257.73)",2023-05-13T21:42:51.774Z,168401417177401
"-- starting hand #202 (id: 0gqnhrdfw1mp)  (No Limit Texas Hold'em) (dealer: ""Phil @ fjzrNiYyv8"") --",2023-05-13T21:42:51.774Z,168401417177400
"-- ending hand #201 --",2023-05-13T21:42:45.770Z,168401416577002
"""Mamo @ abVmUlEwy_"" collected 44.00 from pot",2023-05-13T21:42:45.770Z,168401416577001
"Uncalled bet of 18.00 returned to ""Mamo @ abVmUlEwy_""",2023-05-13T21:42:45.770Z,168401416577000
"""JV @ mxbmy34bn7"" folds",2023-05-13T21:42:44.917Z,168401416491700
"""Mamo @ abVmUlEwy_"" raises to 30.00",2023-05-13T21:42:14.628Z,168401413462800
"""JV @ mxbmy34bn7"" bets 12.00",2023-05-13T21:42:07.402Z,168401412740200
"""Mamo @ abVmUlEwy_"" checks",2023-05-13T21:42:01.232Z,168401412123200
"Turn: 6♠, 10♦, 5♠ [J♥]",2023-05-13T21:41:59.789Z,168401411978900
"""Mamo @ abVmUlEwy_"" calls 5.50",2023-05-13T21:41:58.964Z,168401411896400
"""Phil @ fjzrNiYyv8"" folds",2023-05-13T21:41:57.447Z,168401411744700
"""JV @ mxbmy34bn7"" bets 5.50",2023-05-13T21:41:56.434Z,168401411643400
"""Mamo @ abVmUlEwy_"" checks",2023-05-13T21:41:48.125Z,168401410812500
"""Phil @ fjzrNiYyv8"" checks",2023-05-13T21:41:46.841Z,168401410684100
"Flop:  [6♠, 10♦, 5♠]",2023-05-13T21:41:45.729Z,168401410572900
"""Mamo @ abVmUlEwy_"" calls 3.00",2023-05-13T21:41:44.900Z,168401410490000
"""Phil @ fjzrNiYyv8"" calls 3.00",2023-05-13T21:41:43.131Z,168401410313100
"""mp @ -DkySTil6a"" folds",2023-05-13T21:41:42.014Z,168401410201400
"""Don @ 6T4espke1S"" folds",2023-05-13T21:41:41.149Z,168401410114900
"""daws @ xjgMoSVpRc"" folds",2023-05-13T21:41:40.205Z,168401410020500
"""JV @ mxbmy34bn7"" raises to 3.00",2023-05-13T21:41:39.298Z,168401409929800
"""Goml @ Bod7b088c-"" folds",2023-05-13T21:41:35.413Z,168401409541300
"""Rik @ wAgo7xgxkb"" folds",2023-05-13T21:41:20.670Z,168401408067000
"""scrap @ z2HyPltNTn"" folds",2023-05-13T21:41:15.496Z,168401407549600
"""TD @ mQ8WOrzetd"" folds",2023-05-13T21:41:14.555Z,168401407455500
"""Mamo @ abVmUlEwy_"" posts a big blind of 1.00",2023-05-13T21:41:11.937Z,168401407193713
"""Phil @ fjzrNiYyv8"" posts a small blind of 0.50",2023-05-13T21:41:11.937Z,168401407193712
"Player stacks: #1 ""Mamo @ abVmUlEwy_"" (122.24) | #2 ""TD @ mQ8WOrzetd"" (200.00) | #3 ""scrap @ z2HyPltNTn"" (134.01) | #4 ""Rik @ wAgo7xgxkb"" (823.13) | #5 ""Goml @ Bod7b088c-"" (277.03) | #6 ""JV @ mxbmy34bn7"" (168.17) | #7 ""daws @ xjgMoSVpRc"" (224.00) | #8 ""Don @ 6T4espke1S"" (114.25) | #9 ""mp @ -DkySTil6a"" (91.00) | #10 ""Phil @ fjzrNiYyv8"" (260.73)",2023-05-13T21:41:11.937Z,168401407193701
"-- starting hand #201 (id: k1pv3jea8lsy)  (No Limit Texas Hold'em) (dealer: ""mp @ -DkySTil6a"") --",2023-05-13T21:41:11.937Z,168401407193700
"-- ending hand #200 --",2023-05-13T21:41:09.028Z,168401406902802
"""Don @ 6T4espke1S"" collected 44.00 from pot",2023-05-13T21:41:09.028Z,168401406902801
"Uncalled bet of 33.00 returned to ""Don @ 6T4espke1S""",2023-05-13T21:41:09.028Z,168401406902800
"""JV @ mxbmy34bn7"" folds",2023-05-13T21:41:08.197Z,168401406819700
"""Don @ 6T4espke1S"" raises to 45.50",2023-05-13T21:41:03.592Z,168401406359200
"""JV @ mxbmy34bn7"" bets 12.50",2023-05-13T21:40:31.827Z,168401403182700
"River: 4♠, 10♣, 10♥, A♥ [7♣]",2023-05-13T21:40:19.883Z,168401401988300
"""Don @ 6T4espke1S"" checks",2023-05-13T21:40:19.071Z,168401401907100
"""JV @ mxbmy34bn7"" checks",2023-05-13T21:40:16.166Z,168401401616600
"Turn: 4♠, 10♣, 10♥ [A♥]",2023-05-13T21:40:14.574Z,168401401457400
"""JV @ mxbmy34bn7"" calls 4.75",2023-05-13T21:40:13.739Z,168401401373900
"""Don @ 6T4espke1S"" bets 4.75",2023-05-13T21:40:06.826Z,168401400682600
"""JV @ mxbmy34bn7"" checks",2023-05-13T21:40:02.859Z,168401400285900
"Flop:  [4♠, 10♣, 10♥]",2023-05-13T21:39:58.512Z,168401399851200
"""Phil @ fjzrNiYyv8"" folds",2023-05-13T21:39:57.675Z,168401399767500
"""mp @ -DkySTil6a"" folds",2023-05-13T21:39:56.417Z,168401399641700
"""Don @ 6T4espke1S"" calls 4.00",2023-05-13T21:39:55.441Z,168401399544100
"""daws @ xjgMoSVpRc"" folds",2023-05-13T21:39:54.018Z,168401399401800
"""JV @ mxbmy34bn7"" raises to 4.00",2023-05-13T21:39:53.034Z,168401399303400
"""Goml @ Bod7b088c-"" folds",2023-05-13T21:39:43.272Z,168401398327200
"""Rik @ wAgo7xgxkb"" folds",2023-05-13T21:39:42.363Z,168401398236300
"""scrap @ z2HyPltNTn"" folds",2023-05-13T21:39:41.422Z,168401398142200
"""TD @ mQ8WOrzetd"" folds",2023-05-13T21:39:40.567Z,168401398056700
"""Mamo @ abVmUlEwy_"" folds",2023-05-13T21:39:38.870Z,168401397887000
"""Phil @ fjzrNiYyv8"" posts a big blind of 1.00",2023-05-13T21:39:34.978Z,168401397497813
"""mp @ -DkySTil6a"" posts a small blind of 0.50",2023-05-13T21:39:34.978Z,168401397497812
"Player stacks: #1 ""Mamo @ abVmUlEwy_"" (122.24) | #2 ""TD @ mQ8WOrzetd"" (200.00) | #3 ""scrap @ z2HyPltNTn"" (134.01) | #4 ""Rik @ wAgo7xgxkb"" (823.13) | #5 ""Goml @ Bod7b088c-"" (277.03) | #6 ""JV @ mxbmy34bn7"" (189.42) | #7 ""daws @ xjgMoSVpRc"" (224.00) | #8 ""Don @ 6T4espke1S"" (91.50) | #9 ""mp @ -DkySTil6a"" (91.50) | #10 ""Phil @ fjzrNiYyv8"" (261.73)",2023-05-13T21:39:34.978Z,168401397497801
"-- starting hand #200 (id: nubwbsc06iph)  (No Limit Texas Hold'em) (dealer: ""Don @ 6T4espke1S"") --",2023-05-13T21:39:34.978Z,168401397497800
"-- ending hand #199 --",2023-05-13T21:39:28.972Z,168401396897202
"""mp @ -DkySTil6a"" collected 7.50 from pot",2023-05-13T21:39:28.972Z,168401396897201
"Uncalled bet of 3.75 returned to ""mp @ -DkySTil6a""",2023-05-13T21:39:28.972Z,168401396897200
"""daws @ xjgMoSVpRc"" folds",2023-05-13T21:39:28.062Z,168401396806200
"""mp @ -DkySTil6a"" bets 3.75",2023-05-13T21:39:25.930Z,168401396593000
"Flop:  [9♠, 9♥, J♠]",2023-05-13T21:39:22.567Z,168401396256700
"""daws @ xjgMoSVpRc"" calls 3.50",2023-05-13T21:39:21.658Z,168401396165800
"""mp @ -DkySTil6a"" raises to 3.50",2023-05-13T21:39:20.699Z,168401396069900
"""Don @ 6T4espke1S"" folds",2023-05-13T21:39:17.004Z,168401395700400
"""daws @ xjgMoSVpRc"" calls 1.00",2023-05-13T21:39:15.959Z,168401395595900
"""JV @ mxbmy34bn7"" folds",2023-05-13T21:39:09.235Z,168401394923500
"""Goml @ Bod7b088c-"" folds",2023-05-13T21:38:53.396Z,168401393339600
"""Rik @ wAgo7xgxkb"" folds",2023-05-13T21:38:52.492Z,168401393249200
"""scrap @ z2HyPltNTn"" folds",2023-05-13T21:38:48.423Z,168401392842300
"""TD @ mQ8WOrzetd"" folds",2023-05-13T21:38:47.519Z,168401392751900
"""Mamo @ abVmUlEwy_"" folds",2023-05-13T21:38:42.449Z,168401392244900
"""Phil @ fjzrNiYyv8"" folds",2023-05-13T21:38:41.368Z,168401392136800
"""mp @ -DkySTil6a"" posts a big blind of 1.00",2023-05-13T21:38:39.808Z,168401391980813
"""Don @ 6T4espke1S"" posts a small blind of 0.50",2023-05-13T21:38:39.808Z,168401391980812
"Player stacks: #1 ""Mamo @ abVmUlEwy_"" (122.24) | #2 ""TD @ mQ8WOrzetd"" (200.00) | #3 ""scrap @ z2HyPltNTn"" (134.01) | #4 ""Rik @ wAgo7xgxkb"" (823.13) | #5 ""Goml @ Bod7b088c-"" (277.03) | #6 ""JV @ mxbmy34bn7"" (189.42) | #7 ""daws @ xjgMoSVpRc"" (227.50) | #8 ""Don @ 6T4espke1S"" (92.00) | #9 ""mp @ -DkySTil6a"" (87.50) | #10 ""Phil @ fjzrNiYyv8"" (261.73)",2023-05-13T21:38:39.808Z,168401391980801
"-- starting hand #199 (id: qrsdkq3dyaul)  (No Limit Texas Hold'em) (dealer: ""daws @ xjgMoSVpRc"") --",2023-05-13T21:38:39.808Z,168401391980800
"-- ending hand #198 --",2023-05-13T21:38:33.884Z,168401391388402
"""JV @ mxbmy34bn7"" collected 2.50 from pot",2023-05-13T21:38:33.884Z,168401391388401
"Uncalled bet of 2.50 returned to ""JV @ mxbmy34bn7""",2023-05-13T21:38:33.884Z,168401391388400
"""Don @ 6T4espke1S"" folds",2023-05-13T21:38:33.041Z,168401391304100
"""daws @ xjgMoSVpRc"" folds",2023-05-13T21:38:32.130Z,168401391213000
"""JV @ mxbmy34bn7"" raises to 3.50",2023-05-13T21:38:28.679Z,168401390867900
"""Goml @ Bod7b088c-"" folds",2023-05-13T21:38:22.188Z,168401390218800
"""Rik @ wAgo7xgxkb"" folds",2023-05-13T21:38:21.257Z,168401390125700
"""scrap @ z2HyPltNTn"" folds",2023-05-13T21:38:02.076Z,168401388207600
"""TD @ mQ8WOrzetd"" folds",2023-05-13T21:38:01.171Z,168401388117100
"""Mamo @ abVmUlEwy_"" folds",2023-05-13T21:38:00.240Z,168401388024000
"""Phil @ fjzrNiYyv8"" folds",2023-05-13T21:37:54.980Z,168401387498000
"""mp @ -DkySTil6a"" folds",2023-05-13T21:37:51.803Z,168401387180300
"""Don @ 6T4espke1S"" posts a big blind of 1.00",2023-05-13T21:37:48.340Z,168401386834014
"""daws @ xjgMoSVpRc"" posts a small blind of 0.50",2023-05-13T21:37:48.340Z,168401386834013
"Player stacks: #1 ""Mamo @ abVmUlEwy_"" (122.24) | #2 ""TD @ mQ8WOrzetd"" (200.00) | #3 ""scrap @ z2HyPltNTn"" (134.01) | #4 ""Rik @ wAgo7xgxkb"" (823.13) | #5 ""Goml @ Bod7b088c-"" (277.03) | #6 ""JV @ mxbmy34bn7"" (187.92) | #7 ""daws @ xjgMoSVpRc"" (228.00) | #8 ""Don @ 6T4espke1S"" (93.00) | #9 ""mp @ -DkySTil6a"" (87.50) | #10 ""Phil @ fjzrNiYyv8"" (261.73)",2023-05-13T21:37:48.340Z,168401386834002
"-- starting hand #198 (id: qa9uotvrd5tj)  (No Limit Texas Hold'em) (dealer: ""JV @ mxbmy34bn7"") --",2023-05-13T21:37:48.340Z,168401386834001
"The player ""TD @ mQ8WOrzetd"" joined the game with a stack of 200.00.",2023-05-13T21:37:48.340Z,168401386834000
"-- ending hand #197 --",2023-05-13T21:37:45.393Z,168401386539302
"""Goml @ Bod7b088c-"" collected 16.00 from pot",2023-05-13T21:37:45.393Z,168401386539301
"Uncalled bet of 17.00 returned to ""Goml @ Bod7b088c-""",2023-05-13T21:37:45.393Z,168401386539300
"""Don @ 6T4espke1S"" folds",2023-05-13T21:37:44.570Z,168401386457000
"""Goml @ Bod7b088c-"" raises to 20.00",2023-05-13T21:37:32.997Z,168401385299700
"""Don @ 6T4espke1S"" bets 3.00",2023-05-13T21:37:28.152Z,168401384815200
"The admin approved the player ""TD @ mQ8WOrzetd"" participation with a stack of 200.00.",2023-05-13T21:37:27.151Z,168401384715100
"River: 2♣, K♥, 6♦, 7♥ [4♥]",2023-05-13T21:37:23.862Z,168401384386200
"""Goml @ Bod7b088c-"" checks",2023-05-13T21:37:23.018Z,168401384301800
"""Don @ 6T4espke1S"" checks",2023-05-13T21:37:21.460Z,168401384146000
"Turn: 2♣, K♥, 6♦ [7♥]",2023-05-13T21:37:14.856Z,168401383485600
"""daws @ xjgMoSVpRc"" folds",2023-05-13T21:37:14.040Z,168401383404000
"The player ""TD @ mQ8WOrzetd"" requested a seat.",2023-05-13T21:37:12.017Z,168401383201700
"""JV @ mxbmy34bn7"" folds",2023-05-13T21:36:58.175Z,168401381817500
"""Goml @ Bod7b088c-"" calls 3.00",2023-05-13T21:36:57.173Z,168401381717300
"""Don @ 6T4espke1S"" bets 3.00",2023-05-13T21:36:50.237Z,168401381023700
"""daws @ xjgMoSVpRc"" checks",2023-05-13T21:36:45.601Z,168401380560100
"""JV @ mxbmy34bn7"" checks",2023-05-13T21:36:37.180Z,168401379718000
"Flop:  [2♣, K♥, 6♦]",2023-05-13T21:36:35.668Z,168401379566800
"""daws @ xjgMoSVpRc"" checks",2023-05-13T21:36:34.844Z,168401379484400
"""JV @ mxbmy34bn7"" calls 1.00",2023-05-13T21:36:33.815Z,168401379381500
"""Goml @ Bod7b088c-"" calls 1.00",2023-05-13T21:36:25.807Z,168401378580700
"""Rik @ wAgo7xgxkb"" folds",2023-05-13T21:36:24.296Z,168401378429600
"""scrap @ z2HyPltNTn"" folds",2023-05-13T21:36:17.906Z,168401377790600
"""Mamo @ abVmUlEwy_"" folds",2023-05-13T21:36:16.990Z,168401377699000
"""Phil @ fjzrNiYyv8"" folds",2023-05-13T21:36:16.013Z,168401377601300
"""mp @ -DkySTil6a"" folds",2023-05-13T21:36:15.107Z,168401377510700
"""Don @ 6T4espke1S"" calls 1.00",2023-05-13T21:36:14.229Z,168401377422900
"""daws @ xjgMoSVpRc"" posts a big blind of 1.00",2023-05-13T21:35:54.250Z,168401375425013
"""JV @ mxbmy34bn7"" posts a small blind of 0.50",2023-05-13T21:35:54.250Z,168401375425012
"Player stacks: #1 ""Mamo @ abVmUlEwy_"" (122.24) | #3 ""scrap @ z2HyPltNTn"" (134.01) | #4 ""Rik @ wAgo7xgxkb"" (823.13) | #5 ""Goml @ Bod7b088c-"" (268.03) | #6 ""JV @ mxbmy34bn7"" (188.92) | #7 ""daws @ xjgMoSVpRc"" (229.00) | #8 ""Don @ 6T4espke1S"" (100.00) | #9 ""mp @ -DkySTil6a"" (87.50) | #10 ""Phil @ fjzrNiYyv8"" (261.73)",2023-05-13T21:35:54.250Z,168401375425002
"-- starting hand #197 (id: 4kt9yryhdkwj)  (No Limit Texas Hold'em) (dealer: ""Goml @ Bod7b088c-"") --",2023-05-13T21:35:54.250Z,168401375425001
"The player ""Don @ 6T4espke1S"" joined the game with a stack of 100.00.",2023-05-13T21:35:54.250Z,168401375425000
"-- ending hand #196 --",2023-05-13T21:35:48.296Z,168401374829602
"""Goml @ Bod7b088c-"" collected 50.28 from pot",2023-05-13T21:35:48.296Z,168401374829601
"Uncalled bet of 26.11 returned to ""Goml @ Bod7b088c-""",2023-05-13T21:35:48.296Z,168401374829600
"""Rik @ wAgo7xgxkb"" folds",2023-05-13T21:35:47.474Z,168401374747400
"""Mamo @ abVmUlEwy_"" folds",2023-05-13T21:35:46.294Z,168401374629400
"""Phil @ fjzrNiYyv8"" folds",2023-05-13T21:35:45.288Z,168401374528800
"""daws @ xjgMoSVpRc"" folds",2023-05-13T21:35:44.407Z,168401374440700
"""JV @ mxbmy34bn7"" folds",2023-05-13T21:35:40.872Z,168401374087200
"""Goml @ Bod7b088c-"" raises to 45.11",2023-05-13T21:35:39.924Z,168401373992400
"""Rik @ wAgo7xgxkb"" raises to 19.00",2023-05-13T21:35:29.156Z,168401372915600
"""scrap @ z2HyPltNTn"" folds",2023-05-13T21:35:25.376Z,168401372537600
"""Mamo @ abVmUlEwy_"" calls 4.89",2023-05-13T21:35:24.510Z,168401372451000
"The admin approved the player ""Don @ 6T4espke1S"" participation with a stack of 100.00.",2023-05-13T21:35:19.109Z,168401371910900
"""Phil @ fjzrNiYyv8"" raises to 4.89",2023-05-13T21:35:18.985Z,168401371898500
"""mp @ -DkySTil6a"" folds",2023-05-13T21:35:16.730Z,168401371673000
"""daws @ xjgMoSVpRc"" calls 1.00",2023-05-13T21:35:15.734Z,168401371573400
"""Mamo @ abVmUlEwy_"" posts a missed big blind of 1.00",2023-05-13T21:35:13.388Z,168401371338815
"""Mamo @ abVmUlEwy_"" posts a missing small blind of 0.50",2023-05-13T21:35:13.388Z,168401371338814
"""JV @ mxbmy34bn7"" posts a big blind of 1.00",2023-05-13T21:35:13.388Z,168401371338813
"""Goml @ Bod7b088c-"" posts a small blind of 0.50",2023-05-13T21:35:13.388Z,168401371338812
"Player stacks: #1 ""Mamo @ abVmUlEwy_"" (127.63) | #3 ""scrap @ z2HyPltNTn"" (134.01) | #4 ""Rik @ wAgo7xgxkb"" (842.13) | #5 ""Goml @ Bod7b088c-"" (236.75) | #6 ""JV @ mxbmy34bn7"" (189.92) | #7 ""daws @ xjgMoSVpRc"" (230.00) | #9 ""mp @ -DkySTil6a"" (87.50) | #10 ""Phil @ fjzrNiYyv8"" (266.62)",2023-05-13T21:35:13.388Z,168401371338803
"-- starting hand #196 (id: dya14qsvxisy)  (No Limit Texas Hold'em) (dealer: ""Rik @ wAgo7xgxkb"") --",2023-05-13T21:35:13.388Z,168401371338802
"The player ""Mamo @ abVmUlEwy_"" joined the game with a stack of 127.63.",2023-05-13T21:35:13.388Z,168401371338801
"The player ""Dp @ YyWpODWXWx"" quits the game with a stack of 82.25.",2023-05-13T21:35:13.388Z,168401371338800
"-- ending hand #195 --",2023-05-13T21:35:10.422Z,168401371042202
"""Goml @ Bod7b088c-"" collected 15.50 from pot",2023-05-13T21:35:10.422Z,168401371042201
"Uncalled bet of 7.75 returned to ""Goml @ Bod7b088c-""",2023-05-13T21:35:10.422Z,168401371042200
"""mp @ -DkySTil6a"" folds",2023-05-13T21:35:09.577Z,168401370957700
"""daws @ xjgMoSVpRc"" folds",2023-05-13T21:35:08.677Z,168401370867700
"""Goml @ Bod7b088c-"" bets 7.75",2023-05-13T21:35:05.849Z,168401370584900
"River: 6♦, 6♥, 10♠, K♥ [J♥]",2023-05-13T21:35:02.770Z,168401370277000
"""mp @ -DkySTil6a"" checks",2023-05-13T21:35:01.938Z,168401370193800
"""daws @ xjgMoSVpRc"" checks",2023-05-13T21:34:58.975Z,168401369897500
"""Goml @ Bod7b088c-"" checks",2023-05-13T21:34:57.248Z,168401369724800
"The player ""Don @ 6T4espke1S"" requested a seat.",2023-05-13T21:34:56.303Z,168401369630300
"Turn: 6♦, 6♥, 10♠ [K♥]",2023-05-13T21:34:56.064Z,168401369606400
"""Rik @ wAgo7xgxkb"" folds",2023-05-13T21:34:55.246Z,168401369524600
"""scrap @ z2HyPltNTn"" folds",2023-05-13T21:34:54.341Z,168401369434100
"""mp @ -DkySTil6a"" calls 3.50",2023-05-13T21:34:52.871Z,168401369287100
"""daws @ xjgMoSVpRc"" calls 3.50",2023-05-13T21:34:51.836Z,168401369183600
"""Goml @ Bod7b088c-"" bets 3.50",2023-05-13T21:34:48.447Z,168401368844700
"""Rik @ wAgo7xgxkb"" checks",2023-05-13T21:34:45.129Z,168401368512900
"Flop:  [6♦, 6♥, 10♠]",2023-05-13T21:34:43.316Z,168401368331600
"""Goml @ Bod7b088c-"" checks",2023-05-13T21:34:42.472Z,168401368247200
"""Rik @ wAgo7xgxkb"" calls 1.00",2023-05-13T21:34:39.771Z,168401367977100
"""scrap @ z2HyPltNTn"" calls 1.00",2023-05-13T21:34:34.195Z,168401367419500
"""Dp @ YyWpODWXWx"" folds",2023-05-13T21:34:32.331Z,168401367233100
"""Phil @ fjzrNiYyv8"" folds",2023-05-13T21:34:31.345Z,168401367134500
"""mp @ -DkySTil6a"" calls 1.00",2023-05-13T21:34:30.454Z,168401367045400
"""daws @ xjgMoSVpRc"" calls 1.00",2023-05-13T21:34:29.568Z,168401366956800
"The player ""Mamo @ abVmUlEwy_"" sit back with the stack of 127.63.",2023-05-13T21:34:23.939Z,168401366393900
"""JV @ mxbmy34bn7"" folds",2023-05-13T21:34:14.725Z,168401365472500
"""Goml @ Bod7b088c-"" posts a big blind of 1.00",2023-05-13T21:34:12.687Z,168401365268711
"""Rik @ wAgo7xgxkb"" posts a small blind of 0.50",2023-05-13T21:34:12.687Z,168401365268710
"Player stacks: #2 ""Dp @ YyWpODWXWx"" (82.25) | #3 ""scrap @ z2HyPltNTn"" (135.01) | #4 ""Rik @ wAgo7xgxkb"" (843.13) | #5 ""Goml @ Bod7b088c-"" (225.75) | #6 ""JV @ mxbmy34bn7"" (189.92) | #7 ""daws @ xjgMoSVpRc"" (234.50) | #9 ""mp @ -DkySTil6a"" (92.00) | #10 ""Phil @ fjzrNiYyv8"" (266.62)",2023-05-13T21:34:12.687Z,168401365268701
"-- starting hand #195 (id: c9pgbyo89mv6)  (No Limit Texas Hold'em) (dealer: ""scrap @ z2HyPltNTn"") --",2023-05-13T21:34:12.687Z,168401365268700
"-- ending hand #194 --",2023-05-13T21:34:06.676Z,168401364667603
"""daws @ xjgMoSVpRc"" shows a Q♣, 9♣.",2023-05-13T21:34:06.676Z,168401364667602
"""Phil @ fjzrNiYyv8"" collected 76.00 from pot with Two Pair, A's & K's (combination: A♣, A♥, K♥, K♠, Q♠)",2023-05-13T21:34:06.676Z,168401364667601
"""Phil @ fjzrNiYyv8"" shows a A♣, Q♠.",2023-05-13T21:34:06.676Z,168401364667600
"""Phil @ fjzrNiYyv8"" calls 19.00",2023-05-13T21:34:05.831Z,168401364583100
"""daws @ xjgMoSVpRc"" bets 19.00",2023-05-13T21:34:04.374Z,168401364437400
"River: K♥, 5♦, A♥, K♠ [J♠]",2023-05-13T21:33:57.142Z,168401363714200
"""Phil @ fjzrNiYyv8"" calls 9.50",2023-05-13T21:33:56.314Z,168401363631400
"""daws @ xjgMoSVpRc"" bets 9.50",2023-05-13T21:33:44.847Z,168401362484700
"Turn: K♥, 5♦, A♥ [K♠]",2023-05-13T21:33:35.048Z,168401361504800
"""Phil @ fjzrNiYyv8"" calls 4.75",2023-05-13T21:33:34.138Z,168401361413800
"""daws @ xjgMoSVpRc"" bets 4.75",2023-05-13T21:33:28.201Z,168401360820100
"Flop:  [K♥, 5♦, A♥]",2023-05-13T21:33:13.692Z,168401359369200
"""daws @ xjgMoSVpRc"" calls 4.00",2023-05-13T21:33:12.842Z,168401359284200
"""Rik @ wAgo7xgxkb"" folds",2023-05-13T21:33:10.051Z,168401359005100
"""scrap @ z2HyPltNTn"" folds",2023-05-13T21:33:07.388Z,168401358738800
"""Dp @ YyWpODWXWx"" folds",2023-05-13T21:33:04.219Z,168401358421900
"""Phil @ fjzrNiYyv8"" raises to 4.00",2023-05-13T21:33:01.789Z,168401358178900
"""mp @ -DkySTil6a"" folds",2023-05-13T21:32:58.401Z,168401357840100
"""daws @ xjgMoSVpRc"" calls 1.00",2023-05-13T21:32:57.455Z,168401357745500
"""JV @ mxbmy34bn7"" folds",2023-05-13T21:32:47.975Z,168401356797500
"""Goml @ Bod7b088c-"" folds",2023-05-13T21:32:42.443Z,168401356244300
"""Rik @ wAgo7xgxkb"" posts a big blind of 1.00",2023-05-13T21:32:40.681Z,168401356068111
"""scrap @ z2HyPltNTn"" posts a small blind of 0.50",2023-05-13T21:32:40.681Z,168401356068110
"Player stacks: #2 ""Dp @ YyWpODWXWx"" (82.25) | #3 ""scrap @ z2HyPltNTn"" (135.51) | #4 ""Rik @ wAgo7xgxkb"" (844.13) | #5 ""Goml @ Bod7b088c-"" (225.75) | #6 ""JV @ mxbmy34bn7"" (189.92) | #7 ""daws @ xjgMoSVpRc"" (271.75) | #9 ""mp @ -DkySTil6a"" (92.00) | #10 ""Phil @ fjzrNiYyv8"" (227.87)",2023-05-13T21:32:40.681Z,168401356068101
"-- starting hand #194 (id: d4xo3enys5bu)  (No Limit Texas Hold'em) (dealer: ""Dp @ YyWpODWXWx"") --",2023-05-13T21:32:40.681Z,168401356068100
"-- ending hand #193 --",2023-05-13T21:32:34.777Z,168401355477702
"""Goml @ Bod7b088c-"" collected 2.50 from pot",2023-05-13T21:32:34.777Z,168401355477701
"Uncalled bet of 2.50 returned to ""Goml @ Bod7b088c-""",2023-05-13T21:32:34.777Z,168401355477700
"""scrap @ z2HyPltNTn"" folds",2023-05-13T21:32:33.932Z,168401355393200
"""Goml @ Bod7b088c-"" bets 2.50",2023-05-13T21:32:32.573Z,168401355257300
"""scrap @ z2HyPltNTn"" checks",2023-05-13T21:32:30.234Z,168401355023400
"Turn: K♥, 3♦, 5♣ [J♣]",2023-05-13T21:32:29.163Z,168401354916300
"""Goml @ Bod7b088c-"" checks",2023-05-13T21:32:28.307Z,168401354830700
"""scrap @ z2HyPltNTn"" checks",2023-05-13T21:32:27.014Z,168401354701400
"Flop:  [K♥, 3♦, 5♣]",2023-05-13T21:32:25.634Z,168401354563400
"""scrap @ z2HyPltNTn"" checks",2023-05-13T21:32:24.761Z,168401354476100
"""Dp @ YyWpODWXWx"" folds",2023-05-13T21:32:23.572Z,168401354357200
"""Phil @ fjzrNiYyv8"" folds",2023-05-13T21:32:20.936Z,168401354093600
"""mp @ -DkySTil6a"" folds",2023-05-13T21:32:19.689Z,168401353968900
"""daws @ xjgMoSVpRc"" folds",2023-05-13T21:32:18.713Z,168401353871300
"""JV @ mxbmy34bn7"" folds",2023-05-13T21:32:17.797Z,168401353779700
"""Goml @ Bod7b088c-"" calls 1.00",2023-05-13T21:32:16.849Z,168401353684900
"""Rik @ wAgo7xgxkb"" folds",2023-05-13T21:32:12.446Z,168401353244600
"""scrap @ z2HyPltNTn"" posts a big blind of 1.00",2023-05-13T21:32:11.036Z,168401353103611
"""Dp @ YyWpODWXWx"" posts a small blind of 0.50",2023-05-13T21:32:11.036Z,168401353103610
"Player stacks: #2 ""Dp @ YyWpODWXWx"" (82.75) | #3 ""scrap @ z2HyPltNTn"" (136.51) | #4 ""Rik @ wAgo7xgxkb"" (844.13) | #5 ""Goml @ Bod7b088c-"" (224.25) | #6 ""JV @ mxbmy34bn7"" (189.92) | #7 ""daws @ xjgMoSVpRc"" (271.75) | #9 ""mp @ -DkySTil6a"" (92.00) | #10 ""Phil @ fjzrNiYyv8"" (227.87)",2023-05-13T21:32:11.036Z,168401353103601
"-- starting hand #193 (id: 6xd96hx7awcs)  (No Limit Texas Hold'em) (dealer: ""Phil @ fjzrNiYyv8"") --",2023-05-13T21:32:11.036Z,168401353103600
"-- ending hand #192 --",2023-05-13T21:32:05.033Z,168401352503303
"""Dp @ YyWpODWXWx"" shows a 8♠, 6♣.",2023-05-13T21:32:05.033Z,168401352503302
"""JV @ mxbmy34bn7"" collected 2.50 from pot with Pair, A's (combination: A♦, A♣, J♥, 10♥, 9♦)",2023-05-13T21:32:05.033Z,168401352503301
"""JV @ mxbmy34bn7"" shows a 9♦, A♦.",2023-05-13T21:32:05.033Z,168401352503300
"""JV @ mxbmy34bn7"" checks",2023-05-13T21:32:04.232Z,168401352423200
"""Dp @ YyWpODWXWx"" checks",2023-05-13T21:32:03.019Z,168401352301900
"River: A♣, 10♥, 2♥, 3♠ [J♥]",2023-05-13T21:32:02.205Z,168401352220500
"""JV @ mxbmy34bn7"" checks",2023-05-13T21:32:01.372Z,168401352137200
"""Dp @ YyWpODWXWx"" checks",2023-05-13T21:31:59.838Z,168401351983800
"Turn: A♣, 10♥, 2♥ [3♠]",2023-05-13T21:31:58.117Z,168401351811700
"""JV @ mxbmy34bn7"" checks",2023-05-13T21:31:57.299Z,168401351729900
"""Dp @ YyWpODWXWx"" checks",2023-05-13T21:31:56.097Z,168401351609700
"Flop:  [A♣, 10♥, 2♥]",2023-05-13T21:31:53.710Z,168401351371000
"""Dp @ YyWpODWXWx"" checks",2023-05-13T21:31:52.868Z,168401351286800
"""Phil @ fjzrNiYyv8"" folds",2023-05-13T21:31:50.982Z,168401351098200
"""mp @ -DkySTil6a"" folds",2023-05-13T21:31:49.348Z,168401350934800
"""daws @ xjgMoSVpRc"" folds",2023-05-13T21:31:48.443Z,168401350844300
"""JV @ mxbmy34bn7"" calls 1.00",2023-05-13T21:31:47.543Z,168401350754300
"""Goml @ Bod7b088c-"" folds",2023-05-13T21:31:40.679Z,168401350067900
"""Rik @ wAgo7xgxkb"" folds",2023-05-13T21:31:39.745Z,168401349974500
"""scrap @ z2HyPltNTn"" folds",2023-05-13T21:31:29.999Z,168401348999900
"""Dp @ YyWpODWXWx"" posts a big blind of 1.00",2023-05-13T21:31:28.866Z,168401348886611
"""Phil @ fjzrNiYyv8"" posts a small blind of 0.50",2023-05-13T21:31:28.866Z,168401348886610
"Player stacks: #2 ""Dp @ YyWpODWXWx"" (83.75) | #3 ""scrap @ z2HyPltNTn"" (136.51) | #4 ""Rik @ wAgo7xgxkb"" (844.13) | #5 ""Goml @ Bod7b088c-"" (224.25) | #6 ""JV @ mxbmy34bn7"" (188.42) | #7 ""daws @ xjgMoSVpRc"" (271.75) | #9 ""mp @ -DkySTil6a"" (92.00) | #10 ""Phil @ fjzrNiYyv8"" (228.37)",2023-05-13T21:31:28.866Z,168401348886601
"-- starting hand #192 (id: hbxhwgcityiq)  (No Limit Texas Hold'em) (dealer: ""mp @ -DkySTil6a"") --",2023-05-13T21:31:28.866Z,168401348886600
"""JV @ mxbmy34bn7"" shows a Q♠, 6♠.",2023-05-13T21:31:25.108Z,168401348510800
"-- ending hand #191 --",2023-05-13T21:31:22.257Z,168401348225702
"""JV @ mxbmy34bn7"" collected 55.00 from pot",2023-05-13T21:31:22.257Z,168401348225701
"Uncalled bet of 25.50 returned to ""JV @ mxbmy34bn7""",2023-05-13T21:31:22.257Z,168401348225700
"""Goml @ Bod7b088c-"" folds",2023-05-13T21:31:21.413Z,168401348141300
"""Rik @ wAgo7xgxkb"" folds",2023-05-13T21:31:19.630Z,168401347963000
"""JV @ mxbmy34bn7"" bets 25.50",2023-05-13T21:31:18.456Z,168401347845600
"""Goml @ Bod7b088c-"" checks",2023-05-13T21:31:07.473Z,168401346747300
"""Rik @ wAgo7xgxkb"" checks",2023-05-13T21:31:03.450Z,168401346345000
"Flop:  [8♠, 9♥, 2♠]",2023-05-13T21:31:01.556Z,168401346155600
"""Goml @ Bod7b088c-"" calls 17.50",2023-05-13T21:31:00.672Z,168401346067200
"""Rik @ wAgo7xgxkb"" calls 17.50",2023-05-13T21:30:58.461Z,168401345846100
"""Dp @ YyWpODWXWx"" folds",2023-05-13T21:30:55.248Z,168401345524800
"""Phil @ fjzrNiYyv8"" folds",2023-05-13T21:30:49.768Z,168401344976800
"""mp @ -DkySTil6a"" folds",2023-05-13T21:30:48.855Z,168401344885500
"""daws @ xjgMoSVpRc"" folds",2023-05-13T21:30:47.926Z,168401344792600
"""JV @ mxbmy34bn7"" raises to 17.50",2023-05-13T21:30:44.926Z,168401344492600
"""Goml @ Bod7b088c-"" calls 4.00",2023-05-13T21:30:32.303Z,168401343230300
"""Rik @ wAgo7xgxkb"" raises to 4.00",2023-05-13T21:30:30.509Z,168401343050900
"""scrap @ z2HyPltNTn"" folds",2023-05-13T21:30:23.554Z,168401342355400
"""Dp @ YyWpODWXWx"" calls 1.00",2023-05-13T21:30:22.663Z,168401342266300
"""Phil @ fjzrNiYyv8"" posts a big blind of 1.00",2023-05-13T21:30:07.778Z,168401340777811
"""mp @ -DkySTil6a"" posts a small blind of 0.50",2023-05-13T21:30:07.778Z,168401340777810
"Player stacks: #2 ""Dp @ YyWpODWXWx"" (84.75) | #3 ""scrap @ z2HyPltNTn"" (136.51) | #4 ""Rik @ wAgo7xgxkb"" (861.63) | #5 ""Goml @ Bod7b088c-"" (241.75) | #6 ""JV @ mxbmy34bn7"" (150.92) | #7 ""daws @ xjgMoSVpRc"" (271.75) | #9 ""mp @ -DkySTil6a"" (92.50) | #10 ""Phil @ fjzrNiYyv8"" (229.37)",2023-05-13T21:30:07.778Z,168401340777801
"-- starting hand #191 (id: wp1itwtwigcg)  (No Limit Texas Hold'em) (dealer: ""daws @ xjgMoSVpRc"") --",2023-05-13T21:30:07.778Z,168401340777800
"-- ending hand #190 --",2023-05-13T21:30:01.870Z,168401340187002
"""mp @ -DkySTil6a"" collected 1.00 from pot",2023-05-13T21:30:01.870Z,168401340187001
"Uncalled bet of 0.50 returned to ""mp @ -DkySTil6a""",2023-05-13T21:30:01.870Z,168401340187000
"""daws @ xjgMoSVpRc"" folds",2023-05-13T21:30:01.014Z,168401340101400
"""JV @ mxbmy34bn7"" folds",2023-05-13T21:30:00.106Z,168401340010600
"""Goml @ Bod7b088c-"" folds",2023-05-13T21:29:54.096Z,168401339409600
"""Rik @ wAgo7xgxkb"" folds",2023-05-13T21:29:53.148Z,168401339314800
"""scrap @ z2HyPltNTn"" folds",2023-05-13T21:29:52.255Z,168401339225500
"""Dp @ YyWpODWXWx"" folds",2023-05-13T21:29:51.340Z,168401339134000
"""Phil @ fjzrNiYyv8"" folds",2023-05-13T21:29:50.444Z,168401339044400
"""mp @ -DkySTil6a"" posts a big blind of 1.00",2023-05-13T21:29:49.259Z,168401338925912
"""daws @ xjgMoSVpRc"" posts a small blind of 0.50",2023-05-13T21:29:49.259Z,168401338925911
"Player stacks: #2 ""Dp @ YyWpODWXWx"" (84.75) | #3 ""scrap @ z2HyPltNTn"" (136.51) | #4 ""Rik @ wAgo7xgxkb"" (861.63) | #5 ""Goml @ Bod7b088c-"" (241.75) | #6 ""JV @ mxbmy34bn7"" (150.92) | #7 ""daws @ xjgMoSVpRc"" (272.25) | #9 ""mp @ -DkySTil6a"" (92.00) | #10 ""Phil @ fjzrNiYyv8"" (229.37)",2023-05-13T21:29:49.259Z,168401338925902
"-- starting hand #190 (id: fb6ajuctwopn)  (No Limit Texas Hold'em) (dealer: ""JV @ mxbmy34bn7"") --",2023-05-13T21:29:49.259Z,168401338925901
"The player ""Aiden A @ XREWYWn-gd"" quits the game with a stack of 488.55.",2023-05-13T21:29:49.259Z,168401338925900
"-- ending hand #189 --",2023-05-13T21:29:43.211Z,168401338321103
"""Dp @ YyWpODWXWx"" shows a Q♥, J♣.",2023-05-13T21:29:43.211Z,168401338321102
"""daws @ xjgMoSVpRc"" collected 24.00 from pot with Two Pair, K's & 10's (combination: K♦, K♠, 10♥, 10♣, Q♣)",2023-05-13T21:29:43.211Z,168401338321101
"""daws @ xjgMoSVpRc"" shows a 10♥, K♦.",2023-05-13T21:29:43.211Z,168401338321100
"""daws @ xjgMoSVpRc"" calls 5.50",2023-05-13T21:29:42.392Z,168401338239200
"""Dp @ YyWpODWXWx"" bets 5.50",2023-05-13T21:29:35.934Z,168401337593400
"""daws @ xjgMoSVpRc"" checks",2023-05-13T21:29:31.043Z,168401337104300
"River: J♦, K♠, 10♣, Q♣ [6♦]",2023-05-13T21:29:29.387Z,168401336938700
"""Dp @ YyWpODWXWx"" checks",2023-05-13T21:29:28.521Z,168401336852100
"""daws @ xjgMoSVpRc"" checks",2023-05-13T21:29:24.186Z,168401336418600
"Turn: J♦, K♠, 10♣ [Q♣]",2023-05-13T21:29:21.256Z,168401336125600
"""daws @ xjgMoSVpRc"" calls 3.25",2023-05-13T21:29:20.439Z,168401336043900
"""Dp @ YyWpODWXWx"" bets 3.25",2023-05-13T21:29:17.982Z,168401335798200
"""daws @ xjgMoSVpRc"" checks",2023-05-13T21:29:11.031Z,168401335103100
"Flop:  [J♦, K♠, 10♣]",2023-05-13T21:29:05.537Z,168401334553700
"""Dp @ YyWpODWXWx"" calls 3.00",2023-05-13T21:29:04.669Z,168401334466900
"""daws @ xjgMoSVpRc"" raises to 3.00",2023-05-13T21:29:02.704Z,168401334270400
"""JV @ mxbmy34bn7"" folds",2023-05-13T21:28:59.191Z,168401333919100
"""Goml @ Bod7b088c-"" folds",2023-05-13T21:28:43.307Z,168401332330700
"The admin ""mp @ -DkySTil6a"" enqueued the removal of the player ""Aiden A @ XREWYWn-gd"".",2023-05-13T21:28:37.441Z,168401331744100
"""Rik @ wAgo7xgxkb"" folds",2023-05-13T21:28:33.576Z,168401331357600
"""scrap @ z2HyPltNTn"" folds",2023-05-13T21:28:32.621Z,168401331262100
"""Dp @ YyWpODWXWx"" calls 1.00",2023-05-13T21:28:31.751Z,168401331175100
"""Phil @ fjzrNiYyv8"" folds",2023-05-13T21:28:25.019Z,168401330501900
"""mp @ -DkySTil6a"" folds",2023-05-13T21:28:23.810Z,168401330381000
"""daws @ xjgMoSVpRc"" posts a big blind of 1.00",2023-05-13T21:28:21.756Z,168401330175611
"""JV @ mxbmy34bn7"" posts a small blind of 0.50",2023-05-13T21:28:21.756Z,168401330175610
"Player stacks: #2 ""Dp @ YyWpODWXWx"" (96.50) | #3 ""scrap @ z2HyPltNTn"" (136.51) | #4 ""Rik @ wAgo7xgxkb"" (861.63) | #5 ""Goml @ Bod7b088c-"" (241.75) | #6 ""JV @ mxbmy34bn7"" (151.42) | #7 ""daws @ xjgMoSVpRc"" (260.00) | #9 ""mp @ -DkySTil6a"" (92.00) | #10 ""Phil @ fjzrNiYyv8"" (229.37)",2023-05-13T21:28:21.756Z,168401330175601
"-- starting hand #189 (id: 6egmwme79eca)  (No Limit Texas Hold'em) (dealer: ""Goml @ Bod7b088c-"") --",2023-05-13T21:28:21.756Z,168401330175600
"-- ending hand #188 --",2023-05-13T21:28:15.851Z,168401329585102
"""Phil @ fjzrNiYyv8"" collected 13.50 from pot",2023-05-13T21:28:15.851Z,168401329585101
"Uncalled bet of 5.00 returned to ""Phil @ fjzrNiYyv8""",2023-05-13T21:28:15.851Z,168401329585100
"""mp @ -DkySTil6a"" folds",2023-05-13T21:28:15.041Z,168401329504100
"""Rik @ wAgo7xgxkb"" folds",2023-05-13T21:28:13.507Z,168401329350700
"""Phil @ fjzrNiYyv8"" bets 5.00",2023-05-13T21:28:12.535Z,168401329253500
"""mp @ -DkySTil6a"" checks",2023-05-13T21:28:10.167Z,168401329016700
"Flop:  [K♣, 6♠, 5♥]",2023-05-13T21:28:07.511Z,168401328751100
"""mp @ -DkySTil6a"" calls 4.00",2023-05-13T21:28:06.665Z,168401328666500
"""JV @ mxbmy34bn7"" folds",2023-05-13T21:28:04.561Z,168401328456100
"""Goml @ Bod7b088c-"" folds",2023-05-13T21:28:03.518Z,168401328351800
"""Rik @ wAgo7xgxkb"" calls 4.00",2023-05-13T21:28:02.635Z,168401328263500
"""scrap @ z2HyPltNTn"" folds",2023-05-13T21:27:56.467Z,168401327646700
"""Dp @ YyWpODWXWx"" folds",2023-05-13T21:27:55.612Z,168401327561200
"""Phil @ fjzrNiYyv8"" raises to 4.00",2023-05-13T21:27:54.686Z,168401327468600
"""mp @ -DkySTil6a"" calls 1.00",2023-05-13T21:27:49.554Z,168401326955400
"""daws @ xjgMoSVpRc"" folds",2023-05-13T21:27:48.587Z,168401326858700
"""JV @ mxbmy34bn7"" posts a big blind of 1.00",2023-05-13T21:27:43.891Z,168401326389112
"""Goml @ Bod7b088c-"" posts a small blind of 0.50",2023-05-13T21:27:43.891Z,168401326389111
"Player stacks: #2 ""Dp @ YyWpODWXWx"" (96.50) | #3 ""scrap @ z2HyPltNTn"" (136.51) | #4 ""Rik @ wAgo7xgxkb"" (865.63) | #5 ""Goml @ Bod7b088c-"" (242.25) | #6 ""JV @ mxbmy34bn7"" (152.42) | #7 ""daws @ xjgMoSVpRc"" (260.00) | #9 ""mp @ -DkySTil6a"" (96.00) | #10 ""Phil @ fjzrNiYyv8"" (219.87)",2023-05-13T21:27:43.891Z,168401326389102
"-- starting hand #188 (id: rusp8x2hp87t)  (No Limit Texas Hold'em) (dealer: ""Rik @ wAgo7xgxkb"") --",2023-05-13T21:27:43.891Z,168401326389101
"The player ""Aiden A @ XREWYWn-gd"" stand up with the stack of 488.55.",2023-05-13T21:27:43.891Z,168401326389100
"""Aiden A @ XREWYWn-gd"" shows a 7♥, 10♥.",2023-05-13T21:27:38.753Z,168401325875300
"-- ending hand #187 --",2023-05-13T21:27:37.352Z,168401325735202
"""daws @ xjgMoSVpRc"" collected 114.00 from pot with Flush, Ah High (combination: A♥, K♥, Q♥, 8♥, 2♥)",2023-05-13T21:27:37.352Z,168401325735201
"""daws @ xjgMoSVpRc"" shows a J♣, A♥.",2023-05-13T21:27:37.352Z,168401325735200
"""Aiden A @ XREWYWn-gd"" calls 28.50",2023-05-13T21:27:36.491Z,168401325649100
"""daws @ xjgMoSVpRc"" bets 28.50",2023-05-13T21:27:35.392Z,168401325539200
"River: 8♥, 2♥, J♦, Q♥ [K♥]",2023-05-13T21:27:30.140Z,168401325014000
"""Aiden A @ XREWYWn-gd"" checks",2023-05-13T21:27:29.295Z,168401324929500
"""daws @ xjgMoSVpRc"" checks",2023-05-13T21:27:27.957Z,168401324795700
"Turn: 8♥, 2♥, J♦ [Q♥]",2023-05-13T21:27:22.474Z,168401324247400
"""daws @ xjgMoSVpRc"" calls 14.25",2023-05-13T21:27:21.540Z,168401324154000
"""Aiden A @ XREWYWn-gd"" bets 14.25",2023-05-13T21:27:19.579Z,168401323957900
"""daws @ xjgMoSVpRc"" checks",2023-05-13T21:27:13.218Z,168401323321800
"Flop:  [8♥, 2♥, J♦]",2023-05-13T21:27:10.254Z,168401323025400
"""daws @ xjgMoSVpRc"" calls 13.50",2023-05-13T21:27:09.430Z,168401322943000
"""Goml @ Bod7b088c-"" folds",2023-05-13T21:27:07.932Z,168401322793200
"""Rik @ wAgo7xgxkb"" folds",2023-05-13T21:27:06.971Z,168401322697100
"""scrap @ z2HyPltNTn"" folds",2023-05-13T21:26:59.076Z,168401321907600
"""Dp @ YyWpODWXWx"" folds",2023-05-13T21:26:58.233Z,168401321823300
"""Phil @ fjzrNiYyv8"" folds",2023-05-13T21:26:43.981Z,168401320398100
"""mp @ -DkySTil6a"" folds",2023-05-13T21:26:40.345Z,168401320034500
"""Aiden A @ XREWYWn-gd"" raises to 13.50",2023-05-13T21:26:39.470Z,168401319947000
"""daws @ xjgMoSVpRc"" raises to 3.00",2023-05-13T21:26:33.208Z,168401319320800
"""JV @ mxbmy34bn7"" folds",2023-05-13T21:26:25.393Z,168401318539300
"""Goml @ Bod7b088c-"" posts a big blind of 1.00",2023-05-13T21:26:24.370Z,168401318437012
"""Rik @ wAgo7xgxkb"" posts a small blind of 0.50",2023-05-13T21:26:24.370Z,168401318437011
"Player stacks: #2 ""Dp @ YyWpODWXWx"" (96.50) | #3 ""scrap @ z2HyPltNTn"" (136.51) | #4 ""Rik @ wAgo7xgxkb"" (866.13) | #5 ""Goml @ Bod7b088c-"" (243.25) | #6 ""JV @ mxbmy34bn7"" (152.42) | #7 ""daws @ xjgMoSVpRc"" (202.25) | #8 ""Aiden A @ XREWYWn-gd"" (544.80) | #9 ""mp @ -DkySTil6a"" (96.00) | #10 ""Phil @ fjzrNiYyv8"" (219.87)",2023-05-13T21:26:24.370Z,168401318437001
"-- starting hand #187 (id: atweqyft8itv)  (No Limit Texas Hold'em) (dealer: ""scrap @ z2HyPltNTn"") --",2023-05-13T21:26:24.370Z,168401318437000
"-- ending hand #186 --",2023-05-13T21:26:18.367Z,168401317836702
"""Rik @ wAgo7xgxkb"" collected 9.50 from pot",2023-05-13T21:26:18.367Z,168401317836701
"Uncalled bet of 4.75 returned to ""Rik @ wAgo7xgxkb""",2023-05-13T21:26:18.367Z,168401317836700
"""Aiden A @ XREWYWn-gd"" folds",2023-05-13T21:26:17.462Z,168401317746200
"""JV @ mxbmy34bn7"" folds",2023-05-13T21:26:16.486Z,168401317648600
"""Rik @ wAgo7xgxkb"" bets 4.75",2023-05-13T21:26:15.445Z,168401317544500
"Turn: 8♥, 3♥, 5♥ [7♠]",2023-05-13T21:26:10.961Z,168401317096100
"""Aiden A @ XREWYWn-gd"" checks",2023-05-13T21:26:10.053Z,168401317005300
"""JV @ mxbmy34bn7"" checks",2023-05-13T21:26:07.511Z,168401316751100
"""Rik @ wAgo7xgxkb"" checks",2023-05-13T21:26:02.066Z,168401316206600
"Flop:  [8♥, 3♥, 5♥]",2023-05-13T21:25:59.808Z,168401315980800
"""Rik @ wAgo7xgxkb"" calls 3.00",2023-05-13T21:25:59.000Z,168401315900000
"""scrap @ z2HyPltNTn"" folds",2023-05-13T21:25:57.092Z,168401315709200
"""Dp @ YyWpODWXWx"" folds",2023-05-13T21:25:54.791Z,168401315479100
"""Phil @ fjzrNiYyv8"" folds",2023-05-13T21:25:53.770Z,168401315377000
"""mp @ -DkySTil6a"" folds",2023-05-13T21:25:52.814Z,168401315281400
"""Aiden A @ XREWYWn-gd"" calls 3.00",2023-05-13T21:25:51.854Z,168401315185400
"""daws @ xjgMoSVpRc"" folds",2023-05-13T21:25:50.355Z,168401315035500
"""JV @ mxbmy34bn7"" raises to 3.00",2023-05-13T21:25:46.053Z,168401314605300
"""Goml @ Bod7b088c-"" folds",2023-05-13T21:25:42.452Z,168401314245200
"""Rik @ wAgo7xgxkb"" posts a big blind of 1.00",2023-05-13T21:25:38.403Z,168401313840312
"""scrap @ z2HyPltNTn"" posts a small blind of 0.50",2023-05-13T21:25:38.403Z,168401313840311
"Player stacks: #2 ""Dp @ YyWpODWXWx"" (96.50) | #3 ""scrap @ z2HyPltNTn"" (137.01) | #4 ""Rik @ wAgo7xgxkb"" (859.63) | #5 ""Goml @ Bod7b088c-"" (243.25) | #6 ""JV @ mxbmy34bn7"" (155.42) | #7 ""daws @ xjgMoSVpRc"" (202.25) | #8 ""Aiden A @ XREWYWn-gd"" (547.80) | #9 ""mp @ -DkySTil6a"" (96.00) | #10 ""Phil @ fjzrNiYyv8"" (219.87)",2023-05-13T21:25:38.403Z,168401313840301
"-- starting hand #186 (id: hr1oojjqcpxs)  (No Limit Texas Hold'em) (dealer: ""Dp @ YyWpODWXWx"") --",2023-05-13T21:25:38.403Z,168401313840300
"-- ending hand #185 --",2023-05-13T21:25:32.394Z,168401313239403
"""mp @ -DkySTil6a"" shows a K♥, J♣.",2023-05-13T21:25:32.394Z,168401313239402
"""daws @ xjgMoSVpRc"" collected 95.00 from pot with Pair, A's (combination: A♣, A♥, J♦, 10♦, 8♠)",2023-05-13T21:25:32.394Z,168401313239401
"""daws @ xjgMoSVpRc"" shows a J♦, A♣.",2023-05-13T21:25:32.394Z,168401313239400
"""daws @ xjgMoSVpRc"" calls 28.50",2023-05-13T21:25:31.489Z,168401313148900
"""mp @ -DkySTil6a"" bets 28.50",2023-05-13T21:25:27.067Z,168401312706700
"""daws @ xjgMoSVpRc"" checks",2023-05-13T21:25:23.322Z,168401312332200
"River: 4♥, 3♣, A♥, 8♠ [10♦]",2023-05-13T21:25:21.431Z,168401312143100
"""daws @ xjgMoSVpRc"" calls 8.50",2023-05-13T21:25:20.604Z,168401312060400
"""mp @ -DkySTil6a"" bets 8.50",2023-05-13T21:25:16.187Z,168401311618700
"""daws @ xjgMoSVpRc"" checks",2023-05-13T21:25:11.565Z,168401311156500
"Turn: 4♥, 3♣, A♥ [8♠]",2023-05-13T21:25:09.383Z,168401310938300
"""daws @ xjgMoSVpRc"" calls 5.25",2023-05-13T21:25:08.565Z,168401310856500
"""Goml @ Bod7b088c-"" folds",2023-05-13T21:25:06.942Z,168401310694200
"""mp @ -DkySTil6a"" bets 5.25",2023-05-13T21:24:59.810Z,168401309981000
"""daws @ xjgMoSVpRc"" checks",2023-05-13T21:24:54.741Z,168401309474100
"""Goml @ Bod7b088c-"" checks",2023-05-13T21:24:52.758Z,168401309275800
"Flop:  [4♥, 3♣, A♥]",2023-05-13T21:24:50.765Z,168401309076500
"""Goml @ Bod7b088c-"" calls 3.00",2023-05-13T21:24:49.963Z,168401308996300
"""scrap @ z2HyPltNTn"" folds",2023-05-13T21:24:47.959Z,168401308795900
"""Dp @ YyWpODWXWx"" folds",2023-05-13T21:24:47.087Z,168401308708700
"""Phil @ fjzrNiYyv8"" folds",2023-05-13T21:24:34.307Z,168401307430700
"""mp @ -DkySTil6a"" calls 3.00",2023-05-13T21:24:33.240Z,168401307324000
"""Aiden A @ XREWYWn-gd"" folds",2023-05-13T21:24:32.175Z,168401307217500
"""daws @ xjgMoSVpRc"" raises to 3.00",2023-05-13T21:24:29.464Z,168401306946400
"""JV @ mxbmy34bn7"" folds",2023-05-13T21:24:26.232Z,168401306623200
"""Goml @ Bod7b088c-"" calls 1.00",2023-05-13T21:24:25.293Z,168401306529300
"""Rik @ wAgo7xgxkb"" folds",2023-05-13T21:24:24.081Z,168401306408100
"""scrap @ z2HyPltNTn"" posts a big blind of 1.00",2023-05-13T21:24:21.830Z,168401306183012
"""Dp @ YyWpODWXWx"" posts a small blind of 0.50",2023-05-13T21:24:21.830Z,168401306183011
"Player stacks: #2 ""Dp @ YyWpODWXWx"" (97.00) | #3 ""scrap @ z2HyPltNTn"" (138.01) | #4 ""Rik @ wAgo7xgxkb"" (859.63) | #5 ""Goml @ Bod7b088c-"" (246.25) | #6 ""JV @ mxbmy34bn7"" (155.42) | #7 ""daws @ xjgMoSVpRc"" (152.50) | #8 ""Aiden A @ XREWYWn-gd"" (547.80) | #9 ""mp @ -DkySTil6a"" (141.25) | #10 ""Phil @ fjzrNiYyv8"" (219.87)",2023-05-13T21:24:21.830Z,168401306183001
"-- starting hand #185 (id: f442nhfhhkst)  (No Limit Texas Hold'em) (dealer: ""Phil @ fjzrNiYyv8"") --",2023-05-13T21:24:21.830Z,168401306183000
"-- ending hand #184 --",2023-05-13T21:24:15.825Z,168401305582502
"""Dp @ YyWpODWXWx"" collected 9.00 from pot",2023-05-13T21:24:15.825Z,168401305582501
"Uncalled bet of 4.50 returned to ""Dp @ YyWpODWXWx""",2023-05-13T21:24:15.825Z,168401305582500
"""Phil @ fjzrNiYyv8"" folds",2023-05-13T21:24:14.955Z,168401305495500
"""Goml @ Bod7b088c-"" folds",2023-05-13T21:24:13.922Z,168401305392200
"""Dp @ YyWpODWXWx"" bets 4.50",2023-05-13T21:24:11.985Z,168401305198500
"""Phil @ fjzrNiYyv8"" checks",2023-05-13T21:24:06.507Z,168401304650700
"Turn: 8♠, 9♦, 5♠ [5♥]",2023-05-13T21:24:05.410Z,168401304541000
"""Phil @ fjzrNiYyv8"" calls 2.00",2023-05-13T21:24:04.506Z,168401304450600
"""Goml @ Bod7b088c-"" calls 2.00",2023-05-13T21:24:03.507Z,168401304350700
"""Dp @ YyWpODWXWx"" bets 2.00",2023-05-13T21:23:59.887Z,168401303988700
"""Phil @ fjzrNiYyv8"" checks",2023-05-13T21:23:41.360Z,168401302136000
"Flop:  [8♠, 9♦, 5♠]",2023-05-13T21:23:39.169Z,168401301916900
"""Dp @ YyWpODWXWx"" checks",2023-05-13T21:23:38.273Z,168401301827300
"""Phil @ fjzrNiYyv8"" calls 1.00",2023-05-13T21:23:24.967Z,168401300496700
"""mp @ -DkySTil6a"" folds",2023-05-13T21:23:23.598Z,168401300359800
"""Aiden A @ XREWYWn-gd"" folds",2023-05-13T21:23:22.730Z,168401300273000
"""daws @ xjgMoSVpRc"" folds",2023-05-13T21:23:21.749Z,168401300174900
"""JV @ mxbmy34bn7"" folds",2023-05-13T21:23:20.774Z,168401300077400
"""Goml @ Bod7b088c-"" calls 1.00",2023-05-13T21:23:04.925Z,168401298492500
"""Rik @ wAgo7xgxkb"" folds",2023-05-13T21:22:57.319Z,168401297731900
"""scrap @ z2HyPltNTn"" folds",2023-05-13T21:22:56.413Z,168401297641300
"""Dp @ YyWpODWXWx"" posts a big blind of 1.00",2023-05-13T21:22:53.929Z,168401297392912
"""Phil @ fjzrNiYyv8"" posts a small blind of 0.50",2023-05-13T21:22:53.929Z,168401297392911
"Player stacks: #2 ""Dp @ YyWpODWXWx"" (91.00) | #3 ""scrap @ z2HyPltNTn"" (138.01) | #4 ""Rik @ wAgo7xgxkb"" (859.63) | #5 ""Goml @ Bod7b088c-"" (249.25) | #6 ""JV @ mxbmy34bn7"" (155.42) | #7 ""daws @ xjgMoSVpRc"" (152.50) | #8 ""Aiden A @ XREWYWn-gd"" (547.80) | #9 ""mp @ -DkySTil6a"" (141.25) | #10 ""Phil @ fjzrNiYyv8"" (222.87)",2023-05-13T21:22:53.929Z,168401297392901
"-- starting hand #184 (id: cszeeb132vnt)  (No Limit Texas Hold'em) (dealer: ""mp @ -DkySTil6a"") --",2023-05-13T21:22:53.929Z,168401297392900
"-- ending hand #183 --",2023-05-13T21:22:47.911Z,168401296791102
"""Aiden A @ XREWYWn-gd"" collected 68.00 from pot with Straight, K High (combination: K♥, Q♥, J♠, 10♥, 9♦)",2023-05-13T21:22:47.911Z,168401296791101
"""Aiden A @ XREWYWn-gd"" shows a 10♥, J♠.",2023-05-13T21:22:47.911Z,168401296791100
"""Dp @ YyWpODWXWx"" calls 25.50",2023-05-13T21:22:47.085Z,168401296708500
"""Aiden A @ XREWYWn-gd"" raises to 25.50",2023-05-13T21:22:30.658Z,168401295065800
"""Dp @ YyWpODWXWx"" bets 8.50",2023-05-13T21:22:25.854Z,168401294585400
"River: Q♥, 4♣, K♥, 4♦ [9♦]",2023-05-13T21:22:17.485Z,168401293748500
"""Aiden A @ XREWYWn-gd"" checks",2023-05-13T21:22:16.623Z,168401293662300
"""Dp @ YyWpODWXWx"" checks",2023-05-13T21:22:13.854Z,168401293385400
"Turn: Q♥, 4♣, K♥ [4♦]",2023-05-13T21:22:06.980Z,168401292698000
"""Aiden A @ XREWYWn-gd"" calls 4.25",2023-05-13T21:22:06.130Z,168401292613000
"""Dp @ YyWpODWXWx"" bets 4.25",2023-05-13T21:22:03.277Z,168401292327700
"Flop:  [Q♥, 4♣, K♥]",2023-05-13T21:21:53.770Z,168401291377000
"""Phil @ fjzrNiYyv8"" folds",2023-05-13T21:21:52.890Z,168401291289000
"""mp @ -DkySTil6a"" folds",2023-05-13T21:21:48.172Z,168401290817200
"""Aiden A @ XREWYWn-gd"" calls 3.50",2023-05-13T21:21:47.197Z,168401290719700
"""daws @ xjgMoSVpRc"" folds",2023-05-13T21:21:43.252Z,168401290325200
"""JV @ mxbmy34bn7"" folds",2023-05-13T21:21:27.351Z,168401288735100
"""Goml @ Bod7b088c-"" folds",2023-05-13T21:21:26.418Z,168401288641800
"""Rik @ wAgo7xgxkb"" folds",2023-05-13T21:21:25.466Z,168401288546600
"""scrap @ z2HyPltNTn"" folds",2023-05-13T21:21:24.576Z,168401288457600
"""Dp @ YyWpODWXWx"" raises to 3.50",2023-05-13T21:21:23.633Z,168401288363300
"""Phil @ fjzrNiYyv8"" posts a big blind of 1.00",2023-05-13T21:21:05.985Z,168401286598512
"""mp @ -DkySTil6a"" posts a small blind of 0.50",2023-05-13T21:21:05.985Z,168401286598511
"Player stacks: #2 ""Dp @ YyWpODWXWx"" (124.25) | #3 ""scrap @ z2HyPltNTn"" (138.01) | #4 ""Rik @ wAgo7xgxkb"" (859.63) | #5 ""Goml @ Bod7b088c-"" (249.25) | #6 ""JV @ mxbmy34bn7"" (155.42) | #7 ""daws @ xjgMoSVpRc"" (152.50) | #8 ""Aiden A @ XREWYWn-gd"" (513.05) | #9 ""mp @ -DkySTil6a"" (141.75) | #10 ""Phil @ fjzrNiYyv8"" (223.87)",2023-05-13T21:21:05.985Z,168401286598501
"-- starting hand #183 (id: uhvbsxs27zc3)  (No Limit Texas Hold'em) (dealer: ""Aiden A @ XREWYWn-gd"") --",2023-05-13T21:21:05.985Z,168401286598500
"-- ending hand #182 --",2023-05-13T21:20:59.983Z,168401285998302
"""daws @ xjgMoSVpRc"" collected 27.00 from pot with Straight, J High (combination: J♥, 10♦, 9♠, 8♥, 7♦)",2023-05-13T21:20:59.983Z,168401285998301
"""daws @ xjgMoSVpRc"" shows a 7♦, J♥.",2023-05-13T21:20:59.983Z,168401285998300
"""mp @ -DkySTil6a"" calls 12.00",2023-05-13T21:20:59.154Z,168401285915400
"""Aiden A @ XREWYWn-gd"" folds",2023-05-13T21:20:56.447Z,168401285644700
"""daws @ xjgMoSVpRc"" raises to 12.00",2023-05-13T21:20:55.362Z,168401285536200
"""mp @ -DkySTil6a"" bets 3.00",2023-05-13T21:20:50.708Z,168401285070800
"""Aiden A @ XREWYWn-gd"" checks",2023-05-13T21:20:48.418Z,168401284841800
"River: 6♣, 9♠, 4♣, 10♦ [8♥]",2023-05-13T21:20:46.579Z,168401284657900
"""daws @ xjgMoSVpRc"" checks",2023-05-13T21:20:45.761Z,168401284576100
"""mp @ -DkySTil6a"" checks",2023-05-13T21:20:43.977Z,168401284397700
"""Aiden A @ XREWYWn-gd"" checks",2023-05-13T21:20:43.047Z,168401284304700
"Turn: 6♣, 9♠, 4♣ [10♦]",2023-05-13T21:20:41.528Z,168401284152800
"""daws @ xjgMoSVpRc"" checks",2023-05-13T21:20:40.658Z,168401284065800
"""mp @ -DkySTil6a"" checks",2023-05-13T21:20:37.994Z,168401283799400
"""Aiden A @ XREWYWn-gd"" checks",2023-05-13T21:20:30.167Z,168401283016700
"Flop:  [6♣, 9♠, 4♣]",2023-05-13T21:20:28.643Z,168401282864300
"""mp @ -DkySTil6a"" checks",2023-05-13T21:20:27.793Z,168401282779300
"""Aiden A @ XREWYWn-gd"" calls 1.00",2023-05-13T21:20:26.797Z,168401282679700
"""daws @ xjgMoSVpRc"" calls 1.00",2023-05-13T21:20:24.849Z,168401282484900
"""JV @ mxbmy34bn7"" folds",2023-05-13T21:20:23.718Z,168401282371800
"""Goml @ Bod7b088c-"" folds",2023-05-13T21:20:07.847Z,168401280784700
"""Rik @ wAgo7xgxkb"" folds",2023-05-13T21:20:06.938Z,168401280693800
"""scrap @ z2HyPltNTn"" folds",2023-05-13T21:20:06.077Z,168401280607700
"""Dp @ YyWpODWXWx"" folds",2023-05-13T21:20:03.856Z,168401280385600
"""Phil @ fjzrNiYyv8"" folds",2023-05-13T21:19:59.339Z,168401279933900
"""mp @ -DkySTil6a"" posts a big blind of 1.00",2023-05-13T21:19:55.879Z,168401279587913
"""Aiden A @ XREWYWn-gd"" posts a small blind of 0.50",2023-05-13T21:19:55.879Z,168401279587912
"Player stacks: #2 ""Dp @ YyWpODWXWx"" (124.25) | #3 ""scrap @ z2HyPltNTn"" (138.01) | #4 ""Rik @ wAgo7xgxkb"" (859.63) | #5 ""Goml @ Bod7b088c-"" (249.25) | #6 ""JV @ mxbmy34bn7"" (155.42) | #7 ""daws @ xjgMoSVpRc"" (138.50) | #8 ""Aiden A @ XREWYWn-gd"" (514.05) | #9 ""mp @ -DkySTil6a"" (154.75) | #10 ""Phil @ fjzrNiYyv8"" (223.87)",2023-05-13T21:19:55.879Z,168401279587902
"-- starting hand #182 (id: ajsic8rs6ggb)  (No Limit Texas Hold'em) (dealer: ""daws @ xjgMoSVpRc"") --",2023-05-13T21:19:55.879Z,168401279587901
"The admin updated the player ""Rik @ wAgo7xgxkb"" stack from 359.63 to 859.63.",2023-05-13T21:19:55.879Z,168401279587900
"-- ending hand #181 --",2023-05-13T21:19:52.877Z,168401279287702
"""mp @ -DkySTil6a"" collected 23.00 from pot",2023-05-13T21:19:52.877Z,168401279287701
"Uncalled bet of 17.25 returned to ""mp @ -DkySTil6a""",2023-05-13T21:19:52.877Z,168401279287700
"""Aiden A @ XREWYWn-gd"" folds",2023-05-13T21:19:51.954Z,168401279195400
"""mp @ -DkySTil6a"" bets 17.25",2023-05-13T21:19:25.845Z,168401276584500
"""Aiden A @ XREWYWn-gd"" checks",2023-05-13T21:19:23.129Z,168401276312900
"River: 3♦, 6♥, 7♥, 10♣ [5♦]",2023-05-13T21:19:21.819Z,168401276181900
"""Aiden A @ XREWYWn-gd"" calls 5.25",2023-05-13T21:19:20.987Z,168401276098700
"""Rik @ wAgo7xgxkb"" folds",2023-05-13T21:19:19.685Z,168401275968500
"""mp @ -DkySTil6a"" bets 5.25",2023-05-13T21:19:18.012Z,168401275801200
"""Aiden A @ XREWYWn-gd"" checks",2023-05-13T21:19:14.428Z,168401275442800
"Turn: 3♦, 6♥, 7♥ [10♣]",2023-05-13T21:19:11.601Z,168401275160100
"""Rik @ wAgo7xgxkb"" checks",2023-05-13T21:19:10.757Z,168401275075700
"""mp @ -DkySTil6a"" checks",2023-05-13T21:19:09.359Z,168401274935900
"""Aiden A @ XREWYWn-gd"" checks",2023-05-13T21:19:07.357Z,168401274735700
"Flop:  [3♦, 6♥, 7♥]",2023-05-13T21:19:05.638Z,168401274563800
"""mp @ -DkySTil6a"" calls 4.00",2023-05-13T21:19:04.796Z,168401274479600
"""Aiden A @ XREWYWn-gd"" calls 4.00",2023-05-13T21:19:02.180Z,168401274218000
"WARNING: the admin queued the stack change for the player ""Rik @ wAgo7xgxkb"" adding 500.00 chips in the next hand.",2023-05-13T21:19:01.041Z,168401274104100
"""daws @ xjgMoSVpRc"" folds",2023-05-13T21:18:59.781Z,168401273978100
"""JV @ mxbmy34bn7"" folds",2023-05-13T21:18:58.864Z,168401273886400
"""Goml @ Bod7b088c-"" folds",2023-05-13T21:18:57.842Z,168401273784200
"""Rik @ wAgo7xgxkb"" raises to 4.00",2023-05-13T21:18:56.310Z,168401273631000
"""scrap @ z2HyPltNTn"" folds",2023-05-13T21:18:52.666Z,168401273266600
"""Dp @ YyWpODWXWx"" folds",2023-05-13T21:18:51.796Z,168401273179600
"""Phil @ fjzrNiYyv8"" folds",2023-05-13T21:18:50.858Z,168401273085800
"""mp @ -DkySTil6a"" calls 1.00",2023-05-13T21:18:49.653Z,168401272965300
"""Aiden A @ XREWYWn-gd"" posts a big blind of 1.00",2023-05-13T21:18:47.701Z,168401272770112
"""daws @ xjgMoSVpRc"" posts a small blind of 0.50",2023-05-13T21:18:47.701Z,168401272770111
"Player stacks: #2 ""Dp @ YyWpODWXWx"" (124.25) | #3 ""scrap @ z2HyPltNTn"" (138.01) | #4 ""Rik @ wAgo7xgxkb"" (363.63) | #5 ""Goml @ Bod7b088c-"" (249.25) | #6 ""JV @ mxbmy34bn7"" (155.42) | #7 ""daws @ xjgMoSVpRc"" (139.00) | #8 ""Aiden A @ XREWYWn-gd"" (523.30) | #9 ""mp @ -DkySTil6a"" (141.00) | #10 ""Phil @ fjzrNiYyv8"" (223.87)",2023-05-13T21:18:47.701Z,168401272770101
"-- starting hand #181 (id: a3rvr6az70zk)  (No Limit Texas Hold'em) (dealer: ""JV @ mxbmy34bn7"") --",2023-05-13T21:18:47.701Z,168401272770100
"-- ending hand #180 --",2023-05-13T21:18:41.722Z,168401272172202
"""scrap @ z2HyPltNTn"" collected 12.00 from pot",2023-05-13T21:18:41.722Z,168401272172201
"Uncalled bet of 8.00 returned to ""scrap @ z2HyPltNTn""",2023-05-13T21:18:41.722Z,168401272172200
"""Aiden A @ XREWYWn-gd"" folds",2023-05-13T21:18:40.882Z,168401272088200
"""Goml @ Bod7b088c-"" folds",2023-05-13T21:18:39.622Z,168401271962200
"""scrap @ z2HyPltNTn"" bets 8.00",2023-05-13T21:18:35.930Z,168401271593000
"""Aiden A @ XREWYWn-gd"" checks",2023-05-13T21:18:30.788Z,168401271078800
"Turn: Q♠, 4♦, Q♦ [2♦]",2023-05-13T21:18:27.315Z,168401270731500
"""Goml @ Bod7b088c-"" checks",2023-05-13T21:18:26.472Z,168401270647200
"""scrap @ z2HyPltNTn"" checks",2023-05-13T21:18:25.225Z,168401270522500
"""Aiden A @ XREWYWn-gd"" checks",2023-05-13T21:18:17.115Z,168401269711500
"Flop:  [Q♠, 4♦, Q♦]",2023-05-13T21:18:15.669Z,168401269566900
"""Aiden A @ XREWYWn-gd"" calls 3.50",2023-05-13T21:18:14.818Z,168401269481800
"""daws @ xjgMoSVpRc"" folds",2023-05-13T21:18:13.462Z,168401269346200
"""JV @ mxbmy34bn7"" folds",2023-05-13T21:18:12.579Z,168401269257900
"""Goml @ Bod7b088c-"" calls 3.50",2023-05-13T21:18:11.607Z,168401269160700
"""Rik @ wAgo7xgxkb"" folds",2023-05-13T21:18:08.401Z,168401268840100
"""scrap @ z2HyPltNTn"" raises to 3.50",2023-05-13T21:18:05.833Z,168401268583300
"""Dp @ YyWpODWXWx"" folds",2023-05-13T21:18:01.017Z,168401268101700
"""Phil @ fjzrNiYyv8"" folds",2023-05-13T21:17:51.111Z,168401267111100
"""mp @ -DkySTil6a"" folds",2023-05-13T21:17:47.216Z,168401266721600
"""Aiden A @ XREWYWn-gd"" calls 1.00",2023-05-13T21:17:46.266Z,168401266626600
"""daws @ xjgMoSVpRc"" posts a big blind of 1.00",2023-05-13T21:17:44.941Z,168401266494112
"""JV @ mxbmy34bn7"" posts a small blind of 0.50",2023-05-13T21:17:44.941Z,168401266494111
"Player stacks: #2 ""Dp @ YyWpODWXWx"" (124.25) | #3 ""scrap @ z2HyPltNTn"" (129.51) | #4 ""Rik @ wAgo7xgxkb"" (363.63) | #5 ""Goml @ Bod7b088c-"" (252.75) | #6 ""JV @ mxbmy34bn7"" (155.92) | #7 ""daws @ xjgMoSVpRc"" (140.00) | #8 ""Aiden A @ XREWYWn-gd"" (526.80) | #9 ""mp @ -DkySTil6a"" (141.00) | #10 ""Phil @ fjzrNiYyv8"" (223.87)",2023-05-13T21:17:44.941Z,168401266494101
"-- starting hand #180 (id: rp3wry9xwphg)  (No Limit Texas Hold'em) (dealer: ""Goml @ Bod7b088c-"") --",2023-05-13T21:17:44.941Z,168401266494100
"-- ending hand #179 --",2023-05-13T21:17:39.034Z,168401265903402
"""scrap @ z2HyPltNTn"" collected 10.50 from pot",2023-05-13T21:17:39.034Z,168401265903401
"Uncalled bet of 5.25 returned to ""scrap @ z2HyPltNTn""",2023-05-13T21:17:39.034Z,168401265903400
"""Dp @ YyWpODWXWx"" folds",2023-05-13T21:17:38.210Z,168401265821000
"""scrap @ z2HyPltNTn"" bets 5.25",2023-05-13T21:17:33.155Z,168401265315500
"""Dp @ YyWpODWXWx"" checks",2023-05-13T21:17:28.875Z,168401264887500
"Flop:  [7♠, 5♠, 8♣]",2023-05-13T21:17:27.318Z,168401264731800
"""Dp @ YyWpODWXWx"" calls 4.50",2023-05-13T21:17:26.457Z,168401264645700
"""JV @ mxbmy34bn7"" folds",2023-05-13T21:17:17.396Z,168401263739600
"""Goml @ Bod7b088c-"" folds",2023-05-13T21:17:15.237Z,168401263523700
"""Rik @ wAgo7xgxkb"" folds",2023-05-13T21:17:14.328Z,168401263432800
"""scrap @ z2HyPltNTn"" raises to 4.50",2023-05-13T21:17:12.828Z,168401263282800
"""Dp @ YyWpODWXWx"" calls 1.00",2023-05-13T21:17:08.859Z,168401262885900
"""Phil @ fjzrNiYyv8"" folds",2023-05-13T21:17:06.713Z,168401262671300
"""mp @ -DkySTil6a"" folds",2023-05-13T21:17:05.758Z,168401262575800
"""Aiden A @ XREWYWn-gd"" folds",2023-05-13T21:17:04.837Z,168401262483700
"""daws @ xjgMoSVpRc"" folds",2023-05-13T21:17:03.674Z,168401262367400
"""JV @ mxbmy34bn7"" posts a big blind of 1.00",2023-05-13T21:16:53.724Z,168401261372412
"""Goml @ Bod7b088c-"" posts a small blind of 0.50",2023-05-13T21:16:53.724Z,168401261372411
"Player stacks: #2 ""Dp @ YyWpODWXWx"" (128.75) | #3 ""scrap @ z2HyPltNTn"" (123.51) | #4 ""Rik @ wAgo7xgxkb"" (363.63) | #5 ""Goml @ Bod7b088c-"" (253.25) | #6 ""JV @ mxbmy34bn7"" (156.92) | #7 ""daws @ xjgMoSVpRc"" (140.00) | #8 ""Aiden A @ XREWYWn-gd"" (526.80) | #9 ""mp @ -DkySTil6a"" (141.00) | #10 ""Phil @ fjzrNiYyv8"" (223.87)",2023-05-13T21:16:53.724Z,168401261372401
"-- starting hand #179 (id: bsuvw98lg0it)  (No Limit Texas Hold'em) (dealer: ""Rik @ wAgo7xgxkb"") --",2023-05-13T21:16:53.724Z,168401261372400
"-- ending hand #178 --",2023-05-13T21:16:47.712Z,168401260771203
"""Rik @ wAgo7xgxkb"" shows a 10♥, Q♦.",2023-05-13T21:16:47.712Z,168401260771202
"""Aiden A @ XREWYWn-gd"" collected 127.00 from pot with Pair, 10's (combination: 10♦, 10♣, A♦, 6♣, 5♦)",2023-05-13T21:16:47.712Z,168401260771201
"""Aiden A @ XREWYWn-gd"" shows a 10♦, A♦.",2023-05-13T21:16:47.712Z,168401260771200
"""Aiden A @ XREWYWn-gd"" checks",2023-05-13T21:16:46.879Z,168401260687900
"""Rik @ wAgo7xgxkb"" checks",2023-05-13T21:16:45.588Z,168401260558800
"River: 5♦, 10♣, 3♥, 6♣ [4♣]",2023-05-13T21:16:39.855Z,168401259985500
"""Aiden A @ XREWYWn-gd"" calls 32.00",2023-05-13T21:16:39.027Z,168401259902700
"""Rik @ wAgo7xgxkb"" bets 32.00",2023-05-13T21:16:37.155Z,168401259715500
"Turn: 5♦, 10♣, 3♥ [6♣]",2023-05-13T21:16:31.477Z,168401259147700
"""scrap @ z2HyPltNTn"" folds",2023-05-13T21:16:30.671Z,168401259067100
"""Aiden A @ XREWYWn-gd"" calls 21.00",2023-05-13T21:16:29.548Z,168401258954800
"""Goml @ Bod7b088c-"" folds",2023-05-13T21:16:28.382Z,168401258838200
"""Rik @ wAgo7xgxkb"" raises to 21.00",2023-05-13T21:16:27.475Z,168401258747500
"""scrap @ z2HyPltNTn"" calls 7.00",2023-05-13T21:16:22.446Z,168401258244600
"""Aiden A @ XREWYWn-gd"" bets 7.00",2023-05-13T21:16:19.218Z,168401257921800
"""Goml @ Bod7b088c-"" checks",2023-05-13T21:16:14.957Z,168401257495700
"""Rik @ wAgo7xgxkb"" checks",2023-05-13T21:16:14.005Z,168401257400500
"Flop:  [5♦, 10♣, 3♥]",2023-05-13T21:16:12.199Z,168401257219900
"""Goml @ Bod7b088c-"" calls 3.50",2023-05-13T21:16:11.367Z,168401257136700
"""Rik @ wAgo7xgxkb"" calls 3.50",2023-05-13T21:16:06.735Z,168401256673500
"""scrap @ z2HyPltNTn"" calls 3.50",2023-05-13T21:16:04.943Z,168401256494300
"""Dp @ YyWpODWXWx"" folds",2023-05-13T21:16:02.268Z,168401256226800
"""Phil @ fjzrNiYyv8"" folds",2023-05-13T21:15:49.500Z,168401254950000
"""mp @ -DkySTil6a"" folds",2023-05-13T21:15:48.532Z,168401254853200
"""Aiden A @ XREWYWn-gd"" raises to 3.50",2023-05-13T21:15:47.547Z,168401254754700
"""daws @ xjgMoSVpRc"" folds",2023-05-13T21:15:44.080Z,168401254408000
"""JV @ mxbmy34bn7"" folds",2023-05-13T21:15:28.250Z,168401252825000
"""Goml @ Bod7b088c-"" posts a big blind of 1.00",2023-05-13T21:15:25.862Z,168401252586213
"""Rik @ wAgo7xgxkb"" posts a small blind of 0.50",2023-05-13T21:15:25.862Z,168401252586212
"Player stacks: #2 ""Dp @ YyWpODWXWx"" (128.75) | #3 ""scrap @ z2HyPltNTn"" (134.01) | #4 ""Rik @ wAgo7xgxkb"" (420.13) | #5 ""Goml @ Bod7b088c-"" (256.75) | #6 ""JV @ mxbmy34bn7"" (156.92) | #7 ""daws @ xjgMoSVpRc"" (140.00) | #8 ""Aiden A @ XREWYWn-gd"" (456.30) | #9 ""mp @ -DkySTil6a"" (141.00) | #10 ""Phil @ fjzrNiYyv8"" (223.87)",2023-05-13T21:15:25.862Z,168401252586202
"-- starting hand #178 (id: oslnj2qng0qa)  (No Limit Texas Hold'em) (dealer: ""scrap @ z2HyPltNTn"") --",2023-05-13T21:15:25.862Z,168401252586201
"The player ""Mamo @ abVmUlEwy_"" stand up with the stack of 127.63.",2023-05-13T21:15:25.862Z,168401252586200
"-- ending hand #177 --",2023-05-13T21:15:19.915Z,168401251991502
"""scrap @ z2HyPltNTn"" collected 25.00 from pot",2023-05-13T21:15:19.915Z,168401251991501
"Uncalled bet of 10.00 returned to ""scrap @ z2HyPltNTn""",2023-05-13T21:15:19.915Z,168401251991500
"""Goml @ Bod7b088c-"" folds",2023-05-13T21:15:19.061Z,168401251906100
"""Rik @ wAgo7xgxkb"" folds",2023-05-13T21:15:18.083Z,168401251808300
"""scrap @ z2HyPltNTn"" bets 10.00",2023-05-13T21:15:16.671Z,168401251667100
"Turn: 2♦, 6♠, 9♣ [5♠]",2023-05-13T21:15:12.127Z,168401251212700
"""Goml @ Bod7b088c-"" checks",2023-05-13T21:15:11.297Z,168401251129700
"""Rik @ wAgo7xgxkb"" checks",2023-05-13T21:15:06.047Z,168401250604700
"""scrap @ z2HyPltNTn"" checks",2023-05-13T21:15:04.938Z,168401250493800
"Flop:  [2♦, 6♠, 9♣]",2023-05-13T21:15:03.114Z,168401250311400
"""scrap @ z2HyPltNTn"" calls 8.00",2023-05-13T21:15:02.299Z,168401250229900
"""daws @ xjgMoSVpRc"" folds",2023-05-13T21:15:00.514Z,168401250051400
"""Goml @ Bod7b088c-"" calls 8.00",2023-05-13T21:14:58.608Z,168401249860800
"""Rik @ wAgo7xgxkb"" raises to 8.00",2023-05-13T21:14:53.432Z,168401249343200
"""scrap @ z2HyPltNTn"" calls 1.00",2023-05-13T21:14:49.261Z,168401248926100
"""Dp @ YyWpODWXWx"" folds",2023-05-13T21:14:47.979Z,168401248797900
"""Mamo @ abVmUlEwy_"" folds",2023-05-13T21:14:47.020Z,168401248702000
"""Phil @ fjzrNiYyv8"" folds",2023-05-13T21:14:46.205Z,168401248620500
"""mp @ -DkySTil6a"" folds",2023-05-13T21:14:40.234Z,168401248023400
"""Aiden A @ XREWYWn-gd"" folds",2023-05-13T21:14:39.263Z,168401247926300
"""daws @ xjgMoSVpRc"" calls 1.00",2023-05-13T21:14:38.099Z,168401247809900
"""JV @ mxbmy34bn7"" folds",2023-05-13T21:14:26.263Z,168401246626300
"""Goml @ Bod7b088c-"" calls 1.00",2023-05-13T21:14:25.347Z,168401246534700
"""Rik @ wAgo7xgxkb"" posts a big blind of 1.00",2023-05-13T21:14:23.928Z,168401246392813
"""scrap @ z2HyPltNTn"" posts a small blind of 0.50",2023-05-13T21:14:23.928Z,168401246392812
"Player stacks: #1 ""Mamo @ abVmUlEwy_"" (127.63) | #2 ""Dp @ YyWpODWXWx"" (128.75) | #3 ""scrap @ z2HyPltNTn"" (117.01) | #4 ""Rik @ wAgo7xgxkb"" (428.13) | #5 ""Goml @ Bod7b088c-"" (264.75) | #6 ""JV @ mxbmy34bn7"" (156.92) | #7 ""daws @ xjgMoSVpRc"" (141.00) | #8 ""Aiden A @ XREWYWn-gd"" (456.30) | #9 ""mp @ -DkySTil6a"" (141.00) | #10 ""Phil @ fjzrNiYyv8"" (223.87)",2023-05-13T21:14:23.928Z,168401246392801
"-- starting hand #177 (id: pfru9qvcnf2a)  (No Limit Texas Hold'em) (dealer: ""Dp @ YyWpODWXWx"") --",2023-05-13T21:14:23.928Z,168401246392800
"-- ending hand #176 --",2023-05-13T21:14:18.023Z,168401245802302
"""Goml @ Bod7b088c-"" collected 148.50 from pot",2023-05-13T21:14:18.023Z,168401245802301
"Uncalled bet of 116.25 returned to ""Goml @ Bod7b088c-""",2023-05-13T21:14:18.023Z,168401245802300
"""JV @ mxbmy34bn7"" folds",2023-05-13T21:14:17.199Z,168401245719900
"""Goml @ Bod7b088c-"" bets 116.25 and go all in",2023-05-13T21:14:01.947Z,168401244194700
"Turn: 3♣, 7♥, Q♥ [A♠]",2023-05-13T21:13:52.682Z,168401243268200
"""mp @ -DkySTil6a"" folds",2023-05-13T21:13:51.791Z,168401243179100
"""JV @ mxbmy34bn7"" calls 45.00",2023-05-13T21:13:46.684Z,168401242668400
"""Goml @ Bod7b088c-"" raises to 45.00",2023-05-13T21:13:32.547Z,168401241254700
"""mp @ -DkySTil6a"" calls 19.50",2023-05-13T21:13:23.137Z,168401240313700
"""JV @ mxbmy34bn7"" bets 19.50",2023-05-13T21:13:20.827Z,168401240082700
"""Goml @ Bod7b088c-"" checks",2023-05-13T21:13:11.322Z,168401239132200
"Flop:  [3♣, 7♥, Q♥]",2023-05-13T21:13:08.771Z,168401238877100
"""Goml @ Bod7b088c-"" calls 12.50",2023-05-13T21:13:07.965Z,168401238796500
"""scrap @ z2HyPltNTn"" folds",2023-05-13T21:13:06.114Z,168401238611400
"""Dp @ YyWpODWXWx"" folds",2023-05-13T21:13:05.173Z,168401238517300
"""Mamo @ abVmUlEwy_"" folds",2023-05-13T21:13:04.257Z,168401238425700
"""Phil @ fjzrNiYyv8"" folds",2023-05-13T21:13:03.268Z,168401238326800
"""mp @ -DkySTil6a"" calls 12.50",2023-05-13T21:12:59.931Z,168401237993100
"""Aiden A @ XREWYWn-gd"" folds",2023-05-13T21:12:53.578Z,168401237357800
"""daws @ xjgMoSVpRc"" folds",2023-05-13T21:12:52.594Z,168401237259400
"""JV @ mxbmy34bn7"" raises to 12.50",2023-05-13T21:12:51.637Z,168401237163700
"""Goml @ Bod7b088c-"" raises to 4.00",2023-05-13T21:12:40.774Z,168401236077400
"""Rik @ wAgo7xgxkb"" folds",2023-05-13T21:12:35.097Z,168401235509700
"""scrap @ z2HyPltNTn"" posts a big blind of 1.00",2023-05-13T21:12:33.632Z,168401235363213
"""Dp @ YyWpODWXWx"" posts a small blind of 0.50",2023-05-13T21:12:33.632Z,168401235363212
"Player stacks: #1 ""Mamo @ abVmUlEwy_"" (127.63) | #2 ""Dp @ YyWpODWXWx"" (129.25) | #3 ""scrap @ z2HyPltNTn"" (118.01) | #4 ""Rik @ wAgo7xgxkb"" (428.13) | #5 ""Goml @ Bod7b088c-"" (173.75) | #6 ""JV @ mxbmy34bn7"" (214.42) | #7 ""daws @ xjgMoSVpRc"" (141.00) | #8 ""Aiden A @ XREWYWn-gd"" (456.30) | #9 ""mp @ -DkySTil6a"" (173.00) | #10 ""Phil @ fjzrNiYyv8"" (223.87)",2023-05-13T21:12:33.632Z,168401235363201
"-- starting hand #176 (id: wpbpnovvfk9a)  (No Limit Texas Hold'em) (dealer: ""Mamo @ abVmUlEwy_"") --",2023-05-13T21:12:33.632Z,168401235363200
"-- ending hand #175 --",2023-05-13T21:12:27.623Z,168401234762302
"""Mamo @ abVmUlEwy_"" collected 26.50 from pot with Pair, Q's (combination: Q♠, Q♥, A♣, J♠, 10♦)",2023-05-13T21:12:27.623Z,168401234762301
"""Mamo @ abVmUlEwy_"" shows a Q♠, 10♦.",2023-05-13T21:12:27.623Z,168401234762300
"""JV @ mxbmy34bn7"" checks",2023-05-13T21:12:26.772Z,168401234677200
"""Rik @ wAgo7xgxkb"" checks",2023-05-13T21:12:25.720Z,168401234572000
"""Mamo @ abVmUlEwy_"" checks",2023-05-13T21:12:24.124Z,168401234412400
"River: 7♦, J♠, A♣, Q♥ [3♣]",2023-05-13T21:12:22.220Z,168401234222000
"""JV @ mxbmy34bn7"" checks",2023-05-13T21:12:21.338Z,168401234133800
"""Rik @ wAgo7xgxkb"" checks",2023-05-13T21:12:11.520Z,168401233152000
"""Mamo @ abVmUlEwy_"" checks",2023-05-13T21:12:10.329Z,168401233032900
"Turn: 7♦, J♠, A♣ [Q♥]",2023-05-13T21:12:08.879Z,168401232887900
"""Mamo @ abVmUlEwy_"" calls 5.50",2023-05-13T21:12:08.075Z,168401232807500
"""JV @ mxbmy34bn7"" calls 5.50",2023-05-13T21:12:06.592Z,168401232659200
"""Rik @ wAgo7xgxkb"" bets 5.50",2023-05-13T21:12:02.190Z,168401232219000
"""Mamo @ abVmUlEwy_"" checks",2023-05-13T21:11:59.425Z,168401231942500
"Flop:  [7♦, J♠, A♣]",2023-05-13T21:11:57.667Z,168401231766700
"""Dp @ YyWpODWXWx"" folds",2023-05-13T21:11:56.836Z,168401231683600
"""Mamo @ abVmUlEwy_"" calls 3.00",2023-05-13T21:11:55.953Z,168401231595300
"""Phil @ fjzrNiYyv8"" folds",2023-05-13T21:11:54.793Z,168401231479300
"""mp @ -DkySTil6a"" folds",2023-05-13T21:11:53.828Z,168401231382800
"""Aiden A @ XREWYWn-gd"" folds",2023-05-13T21:11:52.868Z,168401231286800
"""daws @ xjgMoSVpRc"" folds",2023-05-13T21:11:51.947Z,168401231194700
"""JV @ mxbmy34bn7"" calls 3.00",2023-05-13T21:11:51.041Z,168401231104100
"""Goml @ Bod7b088c-"" folds",2023-05-13T21:11:46.754Z,168401230675400
"""Rik @ wAgo7xgxkb"" raises to 3.00",2023-05-13T21:11:40.295Z,168401230029500
"""scrap @ z2HyPltNTn"" folds",2023-05-13T21:11:33.837Z,168401229383700
"""Dp @ YyWpODWXWx"" posts a big blind of 1.00",2023-05-13T21:11:31.942Z,168401229194213
"""Mamo @ abVmUlEwy_"" posts a small blind of 0.50",2023-05-13T21:11:31.942Z,168401229194212
"Player stacks: #1 ""Mamo @ abVmUlEwy_"" (109.63) | #2 ""Dp @ YyWpODWXWx"" (130.25) | #3 ""scrap @ z2HyPltNTn"" (118.01) | #4 ""Rik @ wAgo7xgxkb"" (436.63) | #5 ""Goml @ Bod7b088c-"" (173.75) | #6 ""JV @ mxbmy34bn7"" (222.92) | #7 ""daws @ xjgMoSVpRc"" (141.00) | #8 ""Aiden A @ XREWYWn-gd"" (456.30) | #9 ""mp @ -DkySTil6a"" (173.00) | #10 ""Phil @ fjzrNiYyv8"" (223.87)",2023-05-13T21:11:31.942Z,168401229194201
"-- starting hand #175 (id: iiyxttofov7r)  (No Limit Texas Hold'em) (dealer: ""Phil @ fjzrNiYyv8"") --",2023-05-13T21:11:31.942Z,168401229194200
"-- ending hand #174 --",2023-05-13T21:11:26.018Z,168401228601802
"""Rik @ wAgo7xgxkb"" collected 2.50 from pot",2023-05-13T21:11:26.018Z,168401228601801
"Uncalled bet of 2.00 returned to ""Rik @ wAgo7xgxkb""",2023-05-13T21:11:26.018Z,168401228601800
"""Mamo @ abVmUlEwy_"" folds",2023-05-13T21:11:25.155Z,168401228515500
"""Phil @ fjzrNiYyv8"" folds",2023-05-13T21:11:24.177Z,168401228417700
"""mp @ -DkySTil6a"" folds",2023-05-13T21:11:23.209Z,168401228320900
"""Aiden A @ XREWYWn-gd"" folds",2023-05-13T21:11:22.295Z,168401228229500
"""daws @ xjgMoSVpRc"" folds",2023-05-13T21:11:06.399Z,168401226639900
"""JV @ mxbmy34bn7"" folds",2023-05-13T21:11:05.418Z,168401226541800
"""Goml @ Bod7b088c-"" folds",2023-05-13T21:10:57.953Z,168401225795300
"""Rik @ wAgo7xgxkb"" raises to 3.00",2023-05-13T21:10:57.016Z,168401225701600
"""scrap @ z2HyPltNTn"" folds",2023-05-13T21:10:52.433Z,168401225243300
"""Dp @ YyWpODWXWx"" folds",2023-05-13T21:10:51.462Z,168401225146200
"""Mamo @ abVmUlEwy_"" posts a big blind of 1.00",2023-05-13T21:10:47.517Z,168401224751714
"""Phil @ fjzrNiYyv8"" posts a small blind of 0.50",2023-05-13T21:10:47.517Z,168401224751713
"Player stacks: #1 ""Mamo @ abVmUlEwy_"" (110.63) | #2 ""Dp @ YyWpODWXWx"" (130.25) | #3 ""scrap @ z2HyPltNTn"" (118.01) | #4 ""Rik @ wAgo7xgxkb"" (435.13) | #5 ""Goml @ Bod7b088c-"" (173.75) | #6 ""JV @ mxbmy34bn7"" (222.92) | #7 ""daws @ xjgMoSVpRc"" (141.00) | #8 ""Aiden A @ XREWYWn-gd"" (456.30) | #9 ""mp @ -DkySTil6a"" (173.00) | #10 ""Phil @ fjzrNiYyv8"" (224.37)",2023-05-13T21:10:47.517Z,168401224751702
"-- starting hand #174 (id: jptdeuvja5ab)  (No Limit Texas Hold'em) (dealer: ""mp @ -DkySTil6a"") --",2023-05-13T21:10:47.517Z,168401224751701
"The admin updated the player ""daws @ xjgMoSVpRc"" stack from 41.00 to 141.00.",2023-05-13T21:10:47.517Z,168401224751700
"-- ending hand #173 --",2023-05-13T21:10:41.565Z,168401224156502
"""Aiden A @ XREWYWn-gd"" collected 6.00 from pot",2023-05-13T21:10:41.565Z,168401224156501
"Uncalled bet of 9.00 returned to ""Aiden A @ XREWYWn-gd""",2023-05-13T21:10:41.565Z,168401224156500
"""daws @ xjgMoSVpRc"" folds",2023-05-13T21:10:40.732Z,168401224073200
"""Goml @ Bod7b088c-"" folds",2023-05-13T21:10:39.803Z,168401223980300
"""Mamo @ abVmUlEwy_"" folds",2023-05-13T21:10:38.860Z,168401223886000
"""Phil @ fjzrNiYyv8"" folds",2023-05-13T21:10:22.957Z,168401222295700
"""mp @ -DkySTil6a"" folds",2023-05-13T21:10:22.029Z,168401222202900
"""Aiden A @ XREWYWn-gd"" raises to 10.00",2023-05-13T21:10:16.982Z,168401221698200
"""daws @ xjgMoSVpRc"" checks",2023-05-13T21:10:10.802Z,168401221080200
"""JV @ mxbmy34bn7"" folds",2023-05-13T21:10:09.690Z,168401220969000
"""Goml @ Bod7b088c-"" calls 1.00",2023-05-13T21:10:08.742Z,168401220874200
"""Rik @ wAgo7xgxkb"" folds",2023-05-13T21:10:07.707Z,168401220770700
"WARNING: the admin queued the stack change for the player ""daws @ xjgMoSVpRc"" adding 100.00 chips in the next hand.",2023-05-13T21:10:07.354Z,168401220735400
"""scrap @ z2HyPltNTn"" folds",2023-05-13T21:10:06.751Z,168401220675100
"""Dp @ YyWpODWXWx"" folds",2023-05-13T21:10:05.839Z,168401220583900
"""Mamo @ abVmUlEwy_"" calls 1.00",2023-05-13T21:09:37.426Z,168401217742600
"""daws @ xjgMoSVpRc"" posts a missed big blind of 1.00",2023-05-13T21:09:31.650Z,168401217165016
"""daws @ xjgMoSVpRc"" posts a missing small blind of 0.50",2023-05-13T21:09:31.650Z,168401217165015
"""Phil @ fjzrNiYyv8"" posts a big blind of 1.00",2023-05-13T21:09:31.650Z,168401217165014
"""mp @ -DkySTil6a"" posts a small blind of 0.50",2023-05-13T21:09:31.650Z,168401217165013
"Player stacks: #1 ""Mamo @ abVmUlEwy_"" (111.63) | #2 ""Dp @ YyWpODWXWx"" (130.25) | #3 ""scrap @ z2HyPltNTn"" (118.01) | #4 ""Rik @ wAgo7xgxkb"" (435.13) | #5 ""Goml @ Bod7b088c-"" (174.75) | #6 ""JV @ mxbmy34bn7"" (222.92) | #7 ""daws @ xjgMoSVpRc"" (42.50) | #8 ""Aiden A @ XREWYWn-gd"" (451.30) | #9 ""mp @ -DkySTil6a"" (173.50) | #10 ""Phil @ fjzrNiYyv8"" (225.37)",2023-05-13T21:09:31.650Z,168401217165002
"-- starting hand #173 (id: jfwe7abw2isj)  (No Limit Texas Hold'em) (dealer: ""Aiden A @ XREWYWn-gd"") --",2023-05-13T21:09:31.650Z,168401217165001
"The player ""daws @ xjgMoSVpRc"" joined the game with a stack of 42.50.",2023-05-13T21:09:31.650Z,168401217165000
"-- ending hand #172 --",2023-05-13T21:09:28.721Z,168401216872102
"""JV @ mxbmy34bn7"" collected 2.50 from pot",2023-05-13T21:09:28.721Z,168401216872101
"Uncalled bet of 2.00 returned to ""JV @ mxbmy34bn7""",2023-05-13T21:09:28.721Z,168401216872100
"""mp @ -DkySTil6a"" folds",2023-05-13T21:09:27.911Z,168401216791100
"""Aiden A @ XREWYWn-gd"" folds",2023-05-13T21:09:26.951Z,168401216695100
"""JV @ mxbmy34bn7"" raises to 3.00",2023-05-13T21:09:25.890Z,168401216589000
"""Goml @ Bod7b088c-"" folds",2023-05-13T21:09:20.797Z,168401216079700
"""Rik @ wAgo7xgxkb"" folds",2023-05-13T21:09:19.846Z,168401215984600
"""scrap @ z2HyPltNTn"" folds",2023-05-13T21:09:18.920Z,168401215892000
"""Dp @ YyWpODWXWx"" folds",2023-05-13T21:09:18.012Z,168401215801200
"""Mamo @ abVmUlEwy_"" folds",2023-05-13T21:09:16.735Z,168401215673500
"""Phil @ fjzrNiYyv8"" folds",2023-05-13T21:09:15.733Z,168401215573300
"""mp @ -DkySTil6a"" posts a big blind of 1.00",2023-05-13T21:09:14.310Z,168401215431012
"""Aiden A @ XREWYWn-gd"" posts a small blind of 0.50",2023-05-13T21:09:14.310Z,168401215431011
"Player stacks: #1 ""Mamo @ abVmUlEwy_"" (111.63) | #2 ""Dp @ YyWpODWXWx"" (130.25) | #3 ""scrap @ z2HyPltNTn"" (118.01) | #4 ""Rik @ wAgo7xgxkb"" (435.13) | #5 ""Goml @ Bod7b088c-"" (174.75) | #6 ""JV @ mxbmy34bn7"" (221.42) | #8 ""Aiden A @ XREWYWn-gd"" (451.80) | #9 ""mp @ -DkySTil6a"" (174.50) | #10 ""Phil @ fjzrNiYyv8"" (225.37)",2023-05-13T21:09:14.310Z,168401215431001
"-- starting hand #172 (id: jshklhwctnwr)  (No Limit Texas Hold'em) (dealer: ""JV @ mxbmy34bn7"") --",2023-05-13T21:09:14.310Z,168401215431000
"-- ending hand #171 --",2023-05-13T21:09:08.387Z,168401214838702
"""Rik @ wAgo7xgxkb"" collected 15.50 from pot",2023-05-13T21:09:08.387Z,168401214838701
"Uncalled bet of 7.50 returned to ""Rik @ wAgo7xgxkb""",2023-05-13T21:09:08.387Z,168401214838700
"""Dp @ YyWpODWXWx"" folds",2023-05-13T21:09:07.514Z,168401214751400
"""Aiden A @ XREWYWn-gd"" folds",2023-05-13T21:09:04.836Z,168401214483600
"The player ""daws @ xjgMoSVpRc"" sit back with the stack of 42.50.",2023-05-13T21:09:04.554Z,168401214455400
"""Rik @ wAgo7xgxkb"" bets 7.50",2023-05-13T21:08:56.244Z,168401213624400
"""Dp @ YyWpODWXWx"" checks",2023-05-13T21:08:50.871Z,168401213087100
"""Aiden A @ XREWYWn-gd"" checks",2023-05-13T21:08:43.229Z,168401212322900
"Flop:  [3♣, 9♦, 6♣]",2023-05-13T21:08:40.474Z,168401212047400
"""Dp @ YyWpODWXWx"" calls 5.00",2023-05-13T21:08:39.576Z,168401211957600
"""Aiden A @ XREWYWn-gd"" calls 5.00",2023-05-13T21:08:33.019Z,168401211301900
"""JV @ mxbmy34bn7"" folds",2023-05-13T21:08:31.443Z,168401211144300
"""Goml @ Bod7b088c-"" folds",2023-05-13T21:08:30.502Z,168401211050200
"""Rik @ wAgo7xgxkb"" raises to 5.00",2023-05-13T21:08:29.372Z,168401210937200
"""scrap @ z2HyPltNTn"" folds",2023-05-13T21:08:26.607Z,168401210660700
"""Dp @ YyWpODWXWx"" calls 1.00",2023-05-13T21:08:25.630Z,168401210563000
"""Mamo @ abVmUlEwy_"" folds",2023-05-13T21:08:19.631Z,168401209963100
"""Phil @ fjzrNiYyv8"" folds",2023-05-13T21:08:18.081Z,168401209808100
"""mp @ -DkySTil6a"" folds",2023-05-13T21:08:05.535Z,168401208553500
"""Aiden A @ XREWYWn-gd"" posts a big blind of 1.00",2023-05-13T21:08:03.611Z,168401208361112
"""JV @ mxbmy34bn7"" posts a small blind of 0.50",2023-05-13T21:08:03.611Z,168401208361111
"Player stacks: #1 ""Mamo @ abVmUlEwy_"" (111.63) | #2 ""Dp @ YyWpODWXWx"" (135.25) | #3 ""scrap @ z2HyPltNTn"" (118.01) | #4 ""Rik @ wAgo7xgxkb"" (424.63) | #5 ""Goml @ Bod7b088c-"" (174.75) | #6 ""JV @ mxbmy34bn7"" (221.92) | #8 ""Aiden A @ XREWYWn-gd"" (456.80) | #9 ""mp @ -DkySTil6a"" (174.50) | #10 ""Phil @ fjzrNiYyv8"" (225.37)",2023-05-13T21:08:03.611Z,168401208361101
"-- starting hand #171 (id: cml1gpiofffa)  (No Limit Texas Hold'em) (dealer: ""Goml @ Bod7b088c-"") --",2023-05-13T21:08:03.611Z,168401208361100
"-- ending hand #170 --",2023-05-13T21:08:00.607Z,168401208060702
"""Dp @ YyWpODWXWx"" collected 81.00 from pot",2023-05-13T21:08:00.607Z,168401208060701
"Uncalled bet of 54.25 returned to ""Dp @ YyWpODWXWx""",2023-05-13T21:08:00.607Z,168401208060700
"""Mamo @ abVmUlEwy_"" folds",2023-05-13T21:07:59.725Z,168401207972500
"""Dp @ YyWpODWXWx"" bets 54.25 and go all in",2023-05-13T21:07:45.740Z,168401206574000
"""Mamo @ abVmUlEwy_"" checks",2023-05-13T21:07:42.822Z,168401206282200
"River: 9♠, 6♦, 8♣, 5♠ [3♠]",2023-05-13T21:07:40.054Z,168401206005400
"""Dp @ YyWpODWXWx"" calls 20.00",2023-05-13T21:07:39.248Z,168401205924800
"""Mamo @ abVmUlEwy_"" bets 20.00",2023-05-13T21:07:28.781Z,168401204878100
"Turn: 9♠, 6♦, 8♣ [5♠]",2023-05-13T21:07:22.251Z,168401204225100
"""mp @ -DkySTil6a"" folds",2023-05-13T21:07:21.438Z,168401204143800
"""JV @ mxbmy34bn7"" folds",2023-05-13T21:07:20.521Z,168401204052100
"""Dp @ YyWpODWXWx"" calls 10.00",2023-05-13T21:07:16.013Z,168401203601300
"""Mamo @ abVmUlEwy_"" bets 10.00",2023-05-13T21:06:55.278Z,168401201527800
"""mp @ -DkySTil6a"" checks",2023-05-13T21:06:51.499Z,168401201149900
"""JV @ mxbmy34bn7"" checks",2023-05-13T21:06:46.534Z,168401200653400
"Flop:  [9♠, 6♦, 8♣]",2023-05-13T21:06:44.544Z,168401200454400
"""JV @ mxbmy34bn7"" calls 5.00",2023-05-13T21:06:43.731Z,168401200373100
"""Goml @ Bod7b088c-"" folds",2023-05-13T21:06:39.012Z,168401199901200
"""Rik @ wAgo7xgxkb"" folds",2023-05-13T21:06:38.076Z,168401199807600
"""scrap @ z2HyPltNTn"" folds",2023-05-13T21:06:37.074Z,168401199707400
"""Dp @ YyWpODWXWx"" calls 5.00",2023-05-13T21:06:36.197Z,168401199619700
"""Mamo @ abVmUlEwy_"" calls 5.00",2023-05-13T21:06:28.492Z,168401198849200
"""Phil @ fjzrNiYyv8"" folds",2023-05-13T21:06:26.960Z,168401198696000
"""mp @ -DkySTil6a"" raises to 5.00",2023-05-13T21:06:23.973Z,168401198397300
"""Aiden A @ XREWYWn-gd"" folds",2023-05-13T21:06:18.629Z,168401197862900
"""Mamo @ abVmUlEwy_"" posts a missed big blind of 1.00",2023-05-13T21:06:16.724Z,168401197672415
"""Mamo @ abVmUlEwy_"" posts a missing small blind of 0.50",2023-05-13T21:06:16.724Z,168401197672414
"""JV @ mxbmy34bn7"" posts a big blind of 1.00",2023-05-13T21:06:16.724Z,168401197672413
"""Goml @ Bod7b088c-"" posts a small blind of 0.50",2023-05-13T21:06:16.724Z,168401197672412
"Player stacks: #1 ""Mamo @ abVmUlEwy_"" (147.13) | #2 ""Dp @ YyWpODWXWx"" (89.25) | #3 ""scrap @ z2HyPltNTn"" (118.01) | #4 ""Rik @ wAgo7xgxkb"" (424.63) | #5 ""Goml @ Bod7b088c-"" (175.25) | #6 ""JV @ mxbmy34bn7"" (226.92) | #8 ""Aiden A @ XREWYWn-gd"" (456.80) | #9 ""mp @ -DkySTil6a"" (179.50) | #10 ""Phil @ fjzrNiYyv8"" (225.37)",2023-05-13T21:06:16.724Z,168401197672402
"-- starting hand #170 (id: blfeafasb1w4)  (No Limit Texas Hold'em) (dealer: ""Rik @ wAgo7xgxkb"") --",2023-05-13T21:06:16.724Z,168401197672401
"The player ""Mamo @ abVmUlEwy_"" joined the game with a stack of 147.13.",2023-05-13T21:06:16.724Z,168401197672400
"-- ending hand #169 --",2023-05-13T21:06:10.720Z,168401197072003
"""Rik @ wAgo7xgxkb"" shows a K♣, A♣.",2023-05-13T21:06:10.720Z,168401197072002
"""Phil @ fjzrNiYyv8"" collected 92.00 from pot with Two Pair, 7's & 4's (combination: 7♥, 7♦, 4♦, 4♥, J♠)",2023-05-13T21:06:10.720Z,168401197072001
"""Phil @ fjzrNiYyv8"" shows a 7♥, 7♦.",2023-05-13T21:06:10.720Z,168401197072000
"""Phil @ fjzrNiYyv8"" checks",2023-05-13T21:06:09.838Z,168401196983800
"""Rik @ wAgo7xgxkb"" checks",2023-05-13T21:06:08.735Z,168401196873500
"River: 4♦, 6♦, 4♥, J♠ [8♥]",2023-05-13T21:06:07.114Z,168401196711400
"""Phil @ fjzrNiYyv8"" calls 25.00",2023-05-13T21:06:06.260Z,168401196626000
"""Rik @ wAgo7xgxkb"" bets 25.00",2023-05-13T21:06:00.369Z,168401196036900
"The player ""Mamo @ abVmUlEwy_"" sit back with the stack of 147.13.",2023-05-13T21:06:00.123Z,168401196012300
"Turn: 4♦, 6♦, 4♥ [J♠]",2023-05-13T21:05:52.269Z,168401195226900
"""Phil @ fjzrNiYyv8"" calls 8.00",2023-05-13T21:05:51.365Z,168401195136500
"""Rik @ wAgo7xgxkb"" bets 8.00",2023-05-13T21:05:47.776Z,168401194777600
"Flop:  [4♦, 6♦, 4♥]",2023-05-13T21:05:43.593Z,168401194359300
"""Phil @ fjzrNiYyv8"" calls 12.00",2023-05-13T21:05:42.758Z,168401194275800
"""Aiden A @ XREWYWn-gd"" folds",2023-05-13T21:05:35.282Z,168401193528200
"""Goml @ Bod7b088c-"" folds",2023-05-13T21:05:34.341Z,168401193434100
"""Rik @ wAgo7xgxkb"" raises to 12.00",2023-05-13T21:05:33.421Z,168401193342100
"""scrap @ z2HyPltNTn"" folds",2023-05-13T21:05:30.475Z,168401193047500
"""Dp @ YyWpODWXWx"" folds",2023-05-13T21:05:29.576Z,168401192957600
"""Phil @ fjzrNiYyv8"" raises to 4.00",2023-05-13T21:05:19.257Z,168401191925700
"""mp @ -DkySTil6a"" folds",2023-05-13T21:05:16.201Z,168401191620100
"""Aiden A @ XREWYWn-gd"" calls 1.00",2023-05-13T21:05:15.244Z,168401191524400
"""JV @ mxbmy34bn7"" folds",2023-05-13T21:05:13.601Z,168401191360100
"""Goml @ Bod7b088c-"" posts a big blind of 1.00",2023-05-13T21:05:12.500Z,168401191250011
"""Rik @ wAgo7xgxkb"" posts a small blind of 0.50",2023-05-13T21:05:12.500Z,168401191250010
"Player stacks: #2 ""Dp @ YyWpODWXWx"" (89.25) | #3 ""scrap @ z2HyPltNTn"" (118.01) | #4 ""Rik @ wAgo7xgxkb"" (469.63) | #5 ""Goml @ Bod7b088c-"" (176.25) | #6 ""JV @ mxbmy34bn7"" (226.92) | #8 ""Aiden A @ XREWYWn-gd"" (457.80) | #9 ""mp @ -DkySTil6a"" (179.50) | #10 ""Phil @ fjzrNiYyv8"" (178.37)",2023-05-13T21:05:12.500Z,168401191250001
"-- starting hand #169 (id: 2s2yiztywevg)  (No Limit Texas Hold'em) (dealer: ""scrap @ z2HyPltNTn"") --",2023-05-13T21:05:12.500Z,168401191250000
"-- ending hand #168 --",2023-05-13T21:05:06.401Z,168401190640103
"""scrap @ z2HyPltNTn"" shows a 7♣, A♥.",2023-05-13T21:05:06.401Z,168401190640102
"""Rik @ wAgo7xgxkb"" collected 16.00 from pot with Pair, 10's (combination: 10♠, 10♣, A♠, K♠, Q♥)",2023-05-13T21:05:06.401Z,168401190640101
"""Rik @ wAgo7xgxkb"" shows a K♠, A♠.",2023-05-13T21:05:06.401Z,168401190640100
"""Rik @ wAgo7xgxkb"" checks",2023-05-13T21:05:05.590Z,168401190559000
"""scrap @ z2HyPltNTn"" checks",2023-05-13T21:05:03.879Z,168401190387900
"River: 10♠, Q♥, 10♣, 2♣ [3♣]",2023-05-13T21:05:01.172Z,168401190117200
"""Rik @ wAgo7xgxkb"" checks",2023-05-13T21:05:00.345Z,168401190034500
"""scrap @ z2HyPltNTn"" checks",2023-05-13T21:04:58.696Z,168401189869600
"Turn: 10♠, Q♥, 10♣ [2♣]",2023-05-13T21:04:57.057Z,168401189705700
"""scrap @ z2HyPltNTn"" calls 4.00",2023-05-13T21:04:56.213Z,168401189621300
"""Rik @ wAgo7xgxkb"" bets 4.00",2023-05-13T21:04:52.191Z,168401189219100
"""scrap @ z2HyPltNTn"" checks",2023-05-13T21:04:47.649Z,168401188764900
"Flop:  [10♠, Q♥, 10♣]",2023-05-13T21:04:45.759Z,168401188575900
"""scrap @ z2HyPltNTn"" calls 4.00",2023-05-13T21:04:44.908Z,168401188490800
"""Rik @ wAgo7xgxkb"" raises to 4.00",2023-05-13T21:04:43.975Z,168401188397500
"""scrap @ z2HyPltNTn"" calls 1.00",2023-05-13T21:04:32.079Z,168401187207900
"""Dp @ YyWpODWXWx"" folds",2023-05-13T21:04:30.396Z,168401187039600
"""Phil @ fjzrNiYyv8"" folds",2023-05-13T21:04:29.355Z,168401186935500
"""mp @ -DkySTil6a"" folds",2023-05-13T21:04:28.173Z,168401186817300
"""Aiden A @ XREWYWn-gd"" folds",2023-05-13T21:04:27.162Z,168401186716200
"""JV @ mxbmy34bn7"" folds",2023-05-13T21:04:26.060Z,168401186606000
"""Goml @ Bod7b088c-"" folds",2023-05-13T21:04:25.103Z,168401186510300
"""Rik @ wAgo7xgxkb"" posts a big blind of 1.00",2023-05-13T21:04:22.109Z,168401186210911
"""scrap @ z2HyPltNTn"" posts a small blind of 0.50",2023-05-13T21:04:22.109Z,168401186210910
"Player stacks: #2 ""Dp @ YyWpODWXWx"" (89.25) | #3 ""scrap @ z2HyPltNTn"" (126.01) | #4 ""Rik @ wAgo7xgxkb"" (461.63) | #5 ""Goml @ Bod7b088c-"" (176.25) | #6 ""JV @ mxbmy34bn7"" (226.92) | #8 ""Aiden A @ XREWYWn-gd"" (457.80) | #9 ""mp @ -DkySTil6a"" (179.50) | #10 ""Phil @ fjzrNiYyv8"" (178.37)",2023-05-13T21:04:22.109Z,168401186210901
"-- starting hand #168 (id: lnh90drcus2a)  (No Limit Texas Hold'em) (dealer: ""Dp @ YyWpODWXWx"") --",2023-05-13T21:04:22.109Z,168401186210900
"""Rik @ wAgo7xgxkb"" shows a 2♣, 6♦.",2023-05-13T21:04:16.362Z,168401185636200
"-- ending hand #167 --",2023-05-13T21:04:15.503Z,168401185550302
"""JV @ mxbmy34bn7"" collected 83.61 from pot",2023-05-13T21:04:15.503Z,168401185550301
"Uncalled bet of 31.80 returned to ""JV @ mxbmy34bn7""",2023-05-13T21:04:15.503Z,168401185550300
"""Phil @ fjzrNiYyv8"" folds",2023-05-13T21:04:14.630Z,168401185463000
"""JV @ mxbmy34bn7"" raises to 50.80",2023-05-13T21:04:04.747Z,168401184474700
"""Phil @ fjzrNiYyv8"" bets 19.00",2023-05-13T21:03:49.008Z,168401182900800
"""JV @ mxbmy34bn7"" checks",2023-05-13T21:03:43.944Z,168401182394400
"Turn: 2♠, 3♦, 6♠ [6♣]",2023-05-13T21:03:42.475Z,168401182247500
"""JV @ mxbmy34bn7"" calls 8.00",2023-05-13T21:03:41.654Z,168401182165400
"""Goml @ Bod7b088c-"" folds",2023-05-13T21:03:33.827Z,168401181382700
"""Phil @ fjzrNiYyv8"" bets 8.00",2023-05-13T21:03:31.867Z,168401181186700
"""JV @ mxbmy34bn7"" checks",2023-05-13T21:03:28.674Z,168401180867400
"""Goml @ Bod7b088c-"" checks",2023-05-13T21:03:24.742Z,168401180474200
"Flop:  [2♠, 3♦, 6♠]",2023-05-13T21:03:22.120Z,168401180212000
"""JV @ mxbmy34bn7"" calls 9.37",2023-05-13T21:03:21.272Z,168401180127200
"""Goml @ Bod7b088c-"" calls 9.37",2023-05-13T21:03:12.342Z,168401179234200
"""scrap @ z2HyPltNTn"" folds",2023-05-13T21:03:09.067Z,168401178906700
"""Dp @ YyWpODWXWx"" folds",2023-05-13T21:03:08.092Z,168401178809200
"""Phil @ fjzrNiYyv8"" raises to 9.37",2023-05-13T21:03:07.047Z,168401178704700
"""mp @ -DkySTil6a"" folds",2023-05-13T21:03:03.900Z,168401178390000
"""Aiden A @ XREWYWn-gd"" folds",2023-05-13T21:03:02.982Z,168401178298200
"""JV @ mxbmy34bn7"" raises to 3.00",2023-05-13T21:03:01.912Z,168401178191200
"""Goml @ Bod7b088c-"" calls 1.00",2023-05-13T21:02:56.522Z,168401177652200
"""Rik @ wAgo7xgxkb"" folds",2023-05-13T21:02:54.020Z,168401177402000
"""scrap @ z2HyPltNTn"" posts a big blind of 1.00",2023-05-13T21:02:39.106Z,168401175910611
"""Dp @ YyWpODWXWx"" posts a small blind of 0.50",2023-05-13T21:02:39.106Z,168401175910610
"Player stacks: #2 ""Dp @ YyWpODWXWx"" (89.75) | #3 ""scrap @ z2HyPltNTn"" (127.01) | #4 ""Rik @ wAgo7xgxkb"" (461.63) | #5 ""Goml @ Bod7b088c-"" (185.62) | #6 ""JV @ mxbmy34bn7"" (179.68) | #8 ""Aiden A @ XREWYWn-gd"" (457.80) | #9 ""mp @ -DkySTil6a"" (179.50) | #10 ""Phil @ fjzrNiYyv8"" (214.74)",2023-05-13T21:02:39.106Z,168401175910601
"-- starting hand #167 (id: qirydcs1yydv)  (No Limit Texas Hold'em) (dealer: ""Phil @ fjzrNiYyv8"") --",2023-05-13T21:02:39.106Z,168401175910600
"-- ending hand #166 --",2023-05-13T21:02:36.187Z,168401175618702
"""Dp @ YyWpODWXWx"" collected 14.50 from pot",2023-05-13T21:02:36.187Z,168401175618701
"Uncalled bet of 6.25 returned to ""Dp @ YyWpODWXWx""",2023-05-13T21:02:36.187Z,168401175618700
"""mp @ -DkySTil6a"" folds",2023-05-13T21:02:35.353Z,168401175535300
"""Goml @ Bod7b088c-"" folds",2023-05-13T21:02:33.067Z,168401175306700
"""scrap @ z2HyPltNTn"" folds",2023-05-13T21:02:32.181Z,168401175218100
"""Dp @ YyWpODWXWx"" bets 6.25",2023-05-13T21:02:31.054Z,168401175105400
"River: Q♥, 2♥, K♠, A♠ [9♦]",2023-05-13T21:02:27.256Z,168401174725600
"""mp @ -DkySTil6a"" checks",2023-05-13T21:02:26.395Z,168401174639500
"""Goml @ Bod7b088c-"" checks",2023-05-13T21:02:20.891Z,168401174089100
"""scrap @ z2HyPltNTn"" checks",2023-05-13T21:02:19.971Z,168401173997100
"""Dp @ YyWpODWXWx"" checks",2023-05-13T21:02:17.838Z,168401173783800
"Turn: Q♥, 2♥, K♠ [A♠]",2023-05-13T21:02:05.749Z,168401172574900
"""mp @ -DkySTil6a"" checks",2023-05-13T21:02:04.870Z,168401172487000
"""Goml @ Bod7b088c-"" checks",2023-05-13T21:02:00.412Z,168401172041200
"""scrap @ z2HyPltNTn"" checks",2023-05-13T21:01:59.539Z,168401171953900
"""Dp @ YyWpODWXWx"" checks",2023-05-13T21:01:57.976Z,168401171797600
"Flop:  [Q♥, 2♥, K♠]",2023-05-13T21:01:55.618Z,168401171561800
"""Dp @ YyWpODWXWx"" calls 3.50",2023-05-13T21:01:54.766Z,168401171476600
"""Phil @ fjzrNiYyv8"" folds",2023-05-13T21:01:53.598Z,168401171359800
"""mp @ -DkySTil6a"" calls 3.50",2023-05-13T21:01:52.682Z,168401171268200
"""Aiden A @ XREWYWn-gd"" folds",2023-05-13T21:01:51.648Z,168401171164800
"""JV @ mxbmy34bn7"" folds",2023-05-13T21:01:47.882Z,168401170788200
"""Goml @ Bod7b088c-"" calls 3.50",2023-05-13T21:01:46.884Z,168401170688400
"""Rik @ wAgo7xgxkb"" folds",2023-05-13T21:01:40.474Z,168401170047400
"""scrap @ z2HyPltNTn"" raises to 3.50",2023-05-13T21:01:39.523Z,168401169952300
"""Dp @ YyWpODWXWx"" posts a big blind of 1.00",2023-05-13T21:01:32.613Z,168401169261311
"""Phil @ fjzrNiYyv8"" posts a small blind of 0.50",2023-05-13T21:01:32.613Z,168401169261310
"Player stacks: #2 ""Dp @ YyWpODWXWx"" (78.75) | #3 ""scrap @ z2HyPltNTn"" (130.51) | #4 ""Rik @ wAgo7xgxkb"" (461.63) | #5 ""Goml @ Bod7b088c-"" (189.12) | #6 ""JV @ mxbmy34bn7"" (179.68) | #8 ""Aiden A @ XREWYWn-gd"" (457.80) | #9 ""mp @ -DkySTil6a"" (183.00) | #10 ""Phil @ fjzrNiYyv8"" (215.24)",2023-05-13T21:01:32.613Z,168401169261301
"-- starting hand #166 (id: 6wbstgl3hmbo)  (No Limit Texas Hold'em) (dealer: ""mp @ -DkySTil6a"") --",2023-05-13T21:01:32.613Z,168401169261300
"-- ending hand #165 --",2023-05-13T21:01:26.707Z,168401168670702
"""Rik @ wAgo7xgxkb"" collected 9.50 from pot",2023-05-13T21:01:26.707Z,168401168670701
"Uncalled bet of 4.50 returned to ""Rik @ wAgo7xgxkb""",2023-05-13T21:01:26.707Z,168401168670700
"""Phil @ fjzrNiYyv8"" folds",2023-05-13T21:01:25.884Z,168401168588400
"""Aiden A @ XREWYWn-gd"" folds",2023-05-13T21:01:18.680Z,168401167868000
"""Rik @ wAgo7xgxkb"" bets 4.50",2023-05-13T21:01:17.691Z,168401167769100
"""Phil @ fjzrNiYyv8"" checks",2023-05-13T21:01:14.315Z,168401167431500
"Flop:  [J♠, Q♣, 6♠]",2023-05-13T21:01:12.751Z,168401167275100
"""Phil @ fjzrNiYyv8"" calls 3.00",2023-05-13T21:01:11.886Z,168401167188600
"""mp @ -DkySTil6a"" folds",2023-05-13T21:01:08.490Z,168401166849000
"""Aiden A @ XREWYWn-gd"" calls 3.00",2023-05-13T21:01:07.530Z,168401166753000
"""JV @ mxbmy34bn7"" folds",2023-05-13T21:01:06.202Z,168401166620200
"""Goml @ Bod7b088c-"" folds",2023-05-13T21:01:05.207Z,168401166520700
"""Rik @ wAgo7xgxkb"" raises to 3.00",2023-05-13T21:01:04.272Z,168401166427200
"""scrap @ z2HyPltNTn"" folds",2023-05-13T21:00:54.324Z,168401165432400
"""Dp @ YyWpODWXWx"" folds",2023-05-13T21:00:53.090Z,168401165309000
"""Phil @ fjzrNiYyv8"" posts a big blind of 1.00",2023-05-13T21:00:52.107Z,168401165210711
"""mp @ -DkySTil6a"" posts a small blind of 0.50",2023-05-13T21:00:52.107Z,168401165210710
"Player stacks: #2 ""Dp @ YyWpODWXWx"" (78.75) | #3 ""scrap @ z2HyPltNTn"" (130.51) | #4 ""Rik @ wAgo7xgxkb"" (455.13) | #5 ""Goml @ Bod7b088c-"" (189.12) | #6 ""JV @ mxbmy34bn7"" (179.68) | #8 ""Aiden A @ XREWYWn-gd"" (460.80) | #9 ""mp @ -DkySTil6a"" (183.50) | #10 ""Phil @ fjzrNiYyv8"" (218.24)",2023-05-13T21:00:52.107Z,168401165210701
"-- starting hand #165 (id: ep0k8hsm9tot)  (No Limit Texas Hold'em) (dealer: ""Aiden A @ XREWYWn-gd"") --",2023-05-13T21:00:52.107Z,168401165210700
"""Aiden A @ XREWYWn-gd"" shows a J♦, 9♦.",2023-05-13T21:00:46.213Z,168401164621300
"-- ending hand #164 --",2023-05-13T21:00:45.497Z,168401164549702
"""Aiden A @ XREWYWn-gd"" collected 9.00 from pot",2023-05-13T21:00:45.497Z,168401164549701
"Uncalled bet of 6.75 returned to ""Aiden A @ XREWYWn-gd""",2023-05-13T21:00:45.497Z,168401164549700
"""JV @ mxbmy34bn7"" folds",2023-05-13T21:00:44.639Z,168401164463900
"""mp @ -DkySTil6a"" folds",2023-05-13T21:00:43.409Z,168401164340900
"""Aiden A @ XREWYWn-gd"" bets 6.75",2023-05-13T21:00:42.261Z,168401164226100
"Turn: 3♦, 4♦, 7♦ [K♥]",2023-05-13T21:00:39.520Z,168401163952000
"""JV @ mxbmy34bn7"" checks",2023-05-13T21:00:38.707Z,168401163870700
"""mp @ -DkySTil6a"" checks",2023-05-13T21:00:33.759Z,168401163375900
"""Aiden A @ XREWYWn-gd"" checks",2023-05-13T21:00:32.546Z,168401163254600
"Flop:  [3♦, 4♦, 7♦]",2023-05-13T21:00:30.883Z,168401163088300
"""mp @ -DkySTil6a"" calls 3.00",2023-05-13T21:00:29.937Z,168401162993700
"""Aiden A @ XREWYWn-gd"" calls 3.00",2023-05-13T21:00:29.007Z,168401162900700
"""JV @ mxbmy34bn7"" raises to 3.00",2023-05-13T21:00:27.178Z,168401162717800
"""Goml @ Bod7b088c-"" folds",2023-05-13T21:00:21.965Z,168401162196500
"""Rik @ wAgo7xgxkb"" folds",2023-05-13T21:00:19.796Z,168401161979600
"""scrap @ z2HyPltNTn"" folds",2023-05-13T21:00:17.979Z,168401161797900
"""Dp @ YyWpODWXWx"" folds",2023-05-13T21:00:17.035Z,168401161703500
"""Phil @ fjzrNiYyv8"" folds",2023-05-13T21:00:13.435Z,168401161343500
"""mp @ -DkySTil6a"" posts a big blind of 1.00",2023-05-13T21:00:11.593Z,168401161159311
"""Aiden A @ XREWYWn-gd"" posts a small blind of 0.50",2023-05-13T21:00:11.593Z,168401161159310
"Player stacks: #2 ""Dp @ YyWpODWXWx"" (78.75) | #3 ""scrap @ z2HyPltNTn"" (130.51) | #4 ""Rik @ wAgo7xgxkb"" (455.13) | #5 ""Goml @ Bod7b088c-"" (189.12) | #6 ""JV @ mxbmy34bn7"" (182.68) | #8 ""Aiden A @ XREWYWn-gd"" (454.80) | #9 ""mp @ -DkySTil6a"" (186.50) | #10 ""Phil @ fjzrNiYyv8"" (218.24)",2023-05-13T21:00:11.593Z,168401161159301
"-- starting hand #164 (id: vsqpcefb8szp)  (No Limit Texas Hold'em) (dealer: ""JV @ mxbmy34bn7"") --",2023-05-13T21:00:11.593Z,168401161159300
"""Rik @ wAgo7xgxkb"" shows a Q♣, Q♦.",2023-05-13T21:00:08.588Z,168401160858800
"-- ending hand #163 --",2023-05-13T21:00:05.014Z,168401160501402
"""Phil @ fjzrNiYyv8"" collected 91.24 from pot with Straight, J High (combination: J♥, 10♠, 9♥, 8♦, 7♥)",2023-05-13T21:00:05.014Z,168401160501401
"""Phil @ fjzrNiYyv8"" shows a 10♠, A♣.",2023-05-13T21:00:05.014Z,168401160501400
"""Rik @ wAgo7xgxkb"" calls 27.37",2023-05-13T21:00:04.144Z,168401160414400
"""Phil @ fjzrNiYyv8"" bets 27.37",2023-05-13T21:00:02.226Z,168401160222600
"River: 7♥, 8♦, J♥, 9♥ [5♠]",2023-05-13T20:59:56.740Z,168401159674000
"""Rik @ wAgo7xgxkb"" checks",2023-05-13T20:59:55.915Z,168401159591500
"""Phil @ fjzrNiYyv8"" checks",2023-05-13T20:59:53.771Z,168401159377100
"Turn: 7♥, 8♦, J♥ [9♥]",2023-05-13T20:59:52.138Z,168401159213800
"""Phil @ fjzrNiYyv8"" calls 8.50",2023-05-13T20:59:51.316Z,168401159131600
"""Rik @ wAgo7xgxkb"" bets 8.50",2023-05-13T20:59:46.663Z,168401158666300
"""Phil @ fjzrNiYyv8"" checks",2023-05-13T20:59:41.402Z,168401158140200
"Flop:  [7♥, 8♦, J♥]",2023-05-13T20:59:39.875Z,168401157987500
"""Phil @ fjzrNiYyv8"" calls 9.00",2023-05-13T20:59:39.043Z,168401157904300
"""Aiden A @ XREWYWn-gd"" folds",2023-05-13T20:59:36.252Z,168401157625200
"""JV @ mxbmy34bn7"" folds",2023-05-13T20:59:35.119Z,168401157511900
"""Goml @ Bod7b088c-"" folds",2023-05-13T20:59:34.140Z,168401157414000
"""Rik @ wAgo7xgxkb"" raises to 9.00",2023-05-13T20:59:33.214Z,168401157321400
"""scrap @ z2HyPltNTn"" folds",2023-05-13T20:59:26.959Z,168401156695900
"""Dp @ YyWpODWXWx"" folds",2023-05-13T20:59:25.969Z,168401156596900
"""Phil @ fjzrNiYyv8"" raises to 3.00",2023-05-13T20:59:24.998Z,168401156499800
"""mp @ -DkySTil6a"" folds",2023-05-13T20:59:21.471Z,168401156147100
"""Aiden A @ XREWYWn-gd"" posts a big blind of 1.00",2023-05-13T20:59:18.403Z,168401155840312
"""JV @ mxbmy34bn7"" posts a small blind of 0.50",2023-05-13T20:59:18.403Z,168401155840311
"Player stacks: #2 ""Dp @ YyWpODWXWx"" (78.75) | #3 ""scrap @ z2HyPltNTn"" (130.51) | #4 ""Rik @ wAgo7xgxkb"" (500.00) | #5 ""Goml @ Bod7b088c-"" (189.12) | #6 ""JV @ mxbmy34bn7"" (183.18) | #8 ""Aiden A @ XREWYWn-gd"" (455.80) | #9 ""mp @ -DkySTil6a"" (186.50) | #10 ""Phil @ fjzrNiYyv8"" (171.87)",2023-05-13T20:59:18.403Z,168401155840302
"-- starting hand #163 (id: c0l3zkiw98gw)  (No Limit Texas Hold'em) (dealer: ""Goml @ Bod7b088c-"") --",2023-05-13T20:59:18.403Z,168401155840301
"The player ""Rik @ wAgo7xgxkb"" joined the game with a stack of 500.00.",2023-05-13T20:59:18.403Z,168401155840300
"-- ending hand #162 --",2023-05-13T20:59:15.498Z,168401155549802
"""JV @ mxbmy34bn7"" collected 4.00 from pot",2023-05-13T20:59:15.498Z,168401155549801
"Uncalled bet of 3.00 returned to ""JV @ mxbmy34bn7""",2023-05-13T20:59:15.498Z,168401155549800
"""Goml @ Bod7b088c-"" folds",2023-05-13T20:59:14.642Z,168401155464200
"""JV @ mxbmy34bn7"" raises to 4.00",2023-05-13T20:59:11.762Z,168401155176200
"""Goml @ Bod7b088c-"" bets 1.00",2023-05-13T20:59:06.157Z,168401154615700
"The admin approved the player ""Rik @ wAgo7xgxkb"" participation with a stack of 500.00.",2023-05-13T20:59:05.754Z,168401154575400
"River: 4♥, J♣, 9♦, A♠ [J♥]",2023-05-13T20:59:04.183Z,168401154418300
"""JV @ mxbmy34bn7"" checks",2023-05-13T20:59:03.358Z,168401154335800
"""Goml @ Bod7b088c-"" checks",2023-05-13T20:59:01.768Z,168401154176800
"Turn: 4♥, J♣, 9♦ [A♠]",2023-05-13T20:58:58.713Z,168401153871300
"""JV @ mxbmy34bn7"" checks",2023-05-13T20:58:57.910Z,168401153791000
"""Goml @ Bod7b088c-"" checks",2023-05-13T20:58:55.927Z,168401153592700
"Flop:  [4♥, J♣, 9♦]",2023-05-13T20:58:52.366Z,168401153236600
"""JV @ mxbmy34bn7"" checks",2023-05-13T20:58:51.535Z,168401153153500
"""Goml @ Bod7b088c-"" calls 1.00",2023-05-13T20:58:50.519Z,168401153051900
"The player ""Rik @ wAgo7xgxkb"" requested a seat.",2023-05-13T20:58:49.924Z,168401152992400
"""scrap @ z2HyPltNTn"" folds",2023-05-13T20:58:43.121Z,168401152312100
"""Dp @ YyWpODWXWx"" folds",2023-05-13T20:58:42.127Z,168401152212700
"""Phil @ fjzrNiYyv8"" folds",2023-05-13T20:58:41.007Z,168401152100700
"""mp @ -DkySTil6a"" folds",2023-05-13T20:58:39.004Z,168401151900400
"""Aiden A @ XREWYWn-gd"" folds",2023-05-13T20:58:37.423Z,168401151742300
"""JV @ mxbmy34bn7"" posts a big blind of 1.00",2023-05-13T20:58:35.755Z,168401151575510
"""Goml @ Bod7b088c-"" posts a small blind of 0.50",2023-05-13T20:58:35.755Z,168401151575509
"Player stacks: #2 ""Dp @ YyWpODWXWx"" (78.75) | #3 ""scrap @ z2HyPltNTn"" (130.51) | #5 ""Goml @ Bod7b088c-"" (191.12) | #6 ""JV @ mxbmy34bn7"" (181.18) | #8 ""Aiden A @ XREWYWn-gd"" (455.80) | #9 ""mp @ -DkySTil6a"" (186.50) | #10 ""Phil @ fjzrNiYyv8"" (171.87)",2023-05-13T20:58:35.755Z,168401151575501
"-- starting hand #162 (id: zeehqlgjs172)  (No Limit Texas Hold'em) (dealer: ""scrap @ z2HyPltNTn"") --",2023-05-13T20:58:35.755Z,168401151575500
"-- ending hand #161 --",2023-05-13T20:58:29.825Z,168401150982502
"""scrap @ z2HyPltNTn"" collected 8.00 from pot",2023-05-13T20:58:29.825Z,168401150982501
"Uncalled bet of 4.00 returned to ""scrap @ z2HyPltNTn""",2023-05-13T20:58:29.825Z,168401150982500
"""Goml @ Bod7b088c-"" folds",2023-05-13T20:58:29.012Z,168401150901200
"""scrap @ z2HyPltNTn"" bets 4.00",2023-05-13T20:58:28.081Z,168401150808100
"Flop:  [K♠, 9♠, 9♦]",2023-05-13T20:58:24.278Z,168401150427800
"""Goml @ Bod7b088c-"" calls 4.00",2023-05-13T20:58:23.452Z,168401150345200
"""scrap @ z2HyPltNTn"" raises to 4.00",2023-05-13T20:58:22.266Z,168401150226600
"""Dp @ YyWpODWXWx"" folds",2023-05-13T20:58:16.867Z,168401149686700
"""Phil @ fjzrNiYyv8"" folds",2023-05-13T20:58:11.094Z,168401149109400
"""mp @ -DkySTil6a"" folds",2023-05-13T20:58:10.208Z,168401149020800
"""Aiden A @ XREWYWn-gd"" folds",2023-05-13T20:58:09.262Z,168401148926200
"""JV @ mxbmy34bn7"" folds",2023-05-13T20:57:53.412Z,168401147341200
"""Goml @ Bod7b088c-"" posts a big blind of 1.00",2023-05-13T20:57:52.389Z,168401147238910
"""scrap @ z2HyPltNTn"" posts a small blind of 0.50",2023-05-13T20:57:52.389Z,168401147238909
"Player stacks: #2 ""Dp @ YyWpODWXWx"" (78.75) | #3 ""scrap @ z2HyPltNTn"" (126.51) | #5 ""Goml @ Bod7b088c-"" (195.12) | #6 ""JV @ mxbmy34bn7"" (181.18) | #8 ""Aiden A @ XREWYWn-gd"" (455.80) | #9 ""mp @ -DkySTil6a"" (186.50) | #10 ""Phil @ fjzrNiYyv8"" (171.87)",2023-05-13T20:57:52.389Z,168401147238901
"-- starting hand #161 (id: jwfiz73qhzhb)  (No Limit Texas Hold'em) (dealer: ""Dp @ YyWpODWXWx"") --",2023-05-13T20:57:52.389Z,168401147238900
"-- ending hand #160 --",2023-05-13T20:57:46.478Z,168401146647802
"""scrap @ z2HyPltNTn"" collected 1.00 from pot",2023-05-13T20:57:46.478Z,168401146647801
"Uncalled bet of 0.50 returned to ""scrap @ z2HyPltNTn""",2023-05-13T20:57:46.478Z,168401146647800
"""Dp @ YyWpODWXWx"" folds",2023-05-13T20:57:45.658Z,168401146565800
"""Phil @ fjzrNiYyv8"" folds",2023-05-13T20:57:44.767Z,168401146476700
"""mp @ -DkySTil6a"" folds",2023-05-13T20:57:43.605Z,168401146360500
"""Aiden A @ XREWYWn-gd"" folds",2023-05-13T20:57:41.407Z,168401146140700
"""JV @ mxbmy34bn7"" folds",2023-05-13T20:57:40.373Z,168401146037300
"""Goml @ Bod7b088c-"" folds",2023-05-13T20:57:39.398Z,168401145939800
"""scrap @ z2HyPltNTn"" posts a big blind of 1.00",2023-05-13T20:57:37.783Z,168401145778310
"""Dp @ YyWpODWXWx"" posts a small blind of 0.50",2023-05-13T20:57:37.783Z,168401145778309
"Player stacks: #2 ""Dp @ YyWpODWXWx"" (79.25) | #3 ""scrap @ z2HyPltNTn"" (126.01) | #5 ""Goml @ Bod7b088c-"" (195.12) | #6 ""JV @ mxbmy34bn7"" (181.18) | #8 ""Aiden A @ XREWYWn-gd"" (455.80) | #9 ""mp @ -DkySTil6a"" (186.50) | #10 ""Phil @ fjzrNiYyv8"" (171.87)",2023-05-13T20:57:37.783Z,168401145778301
"-- starting hand #160 (id: lx0tnpexlshh)  (No Limit Texas Hold'em) (dealer: ""Phil @ fjzrNiYyv8"") --",2023-05-13T20:57:37.783Z,168401145778300
"""Aiden A @ XREWYWn-gd"" shows a 6♣, 2♦.",2023-05-13T20:57:36.791Z,168401145679100
"-- ending hand #159 --",2023-05-13T20:57:34.143Z,168401145414302
"""scrap @ z2HyPltNTn"" collected 33.50 from pot",2023-05-13T20:57:34.143Z,168401145414301
"Uncalled bet of 15.75 returned to ""scrap @ z2HyPltNTn""",2023-05-13T20:57:34.143Z,168401145414300
"""JV @ mxbmy34bn7"" folds",2023-05-13T20:57:33.270Z,168401145327000
"""scrap @ z2HyPltNTn"" bets 15.75",2023-05-13T20:57:27.064Z,168401144706400
"River: 9♠, 6♠, 2♥, Q♣ [10♣]",2023-05-13T20:57:18.123Z,168401143812300
"""JV @ mxbmy34bn7"" checks",2023-05-13T20:57:17.316Z,168401143731600
"""scrap @ z2HyPltNTn"" checks",2023-05-13T20:57:07.106Z,168401142710600
"Turn: 9♠, 6♠, 2♥ [Q♣]",2023-05-13T20:57:05.511Z,168401142551100
"""scrap @ z2HyPltNTn"" calls 13.00",2023-05-13T20:57:04.661Z,168401142466100
"""JV @ mxbmy34bn7"" raises to 13.00",2023-05-13T20:56:59.919Z,168401141991900
"""scrap @ z2HyPltNTn"" bets 3.75",2023-05-13T20:56:48.545Z,168401140854500
"Flop:  [9♠, 6♠, 2♥]",2023-05-13T20:56:43.874Z,168401140387400
"""Dp @ YyWpODWXWx"" folds",2023-05-13T20:56:43.021Z,168401140302100
"""Phil @ fjzrNiYyv8"" folds",2023-05-13T20:56:42.091Z,168401140209100
"""mp @ -DkySTil6a"" folds",2023-05-13T20:56:41.012Z,168401140101200
"""Aiden A @ XREWYWn-gd"" folds",2023-05-13T20:56:39.954Z,168401139995400
"""JV @ mxbmy34bn7"" calls 3.00",2023-05-13T20:56:38.868Z,168401139886800
"""Goml @ Bod7b088c-"" folds",2023-05-13T20:56:34.924Z,168401139492400
"""scrap @ z2HyPltNTn"" raises to 3.00",2023-05-13T20:56:34.010Z,168401139401000
"""Dp @ YyWpODWXWx"" posts a big blind of 1.00",2023-05-13T20:56:29.451Z,168401138945110
"""Phil @ fjzrNiYyv8"" posts a small blind of 0.50",2023-05-13T20:56:29.451Z,168401138945109
"Player stacks: #2 ""Dp @ YyWpODWXWx"" (80.25) | #3 ""scrap @ z2HyPltNTn"" (108.51) | #5 ""Goml @ Bod7b088c-"" (195.12) | #6 ""JV @ mxbmy34bn7"" (197.18) | #8 ""Aiden A @ XREWYWn-gd"" (455.80) | #9 ""mp @ -DkySTil6a"" (186.50) | #10 ""Phil @ fjzrNiYyv8"" (172.37)",2023-05-13T20:56:29.451Z,168401138945101
"-- starting hand #159 (id: u9fpi3e3zzmz)  (No Limit Texas Hold'em) (dealer: ""mp @ -DkySTil6a"") --",2023-05-13T20:56:29.451Z,168401138945100
"-- ending hand #158 --",2023-05-13T20:56:23.439Z,168401138343903
"""mp @ -DkySTil6a"" shows a 8♥, A♥.",2023-05-13T20:56:23.439Z,168401138343902
"""Goml @ Bod7b088c-"" collected 22.50 from pot with Three of a Kind, 9's (combination: 9♥, 9♠, 9♣, K♥, Q♥)",2023-05-13T20:56:23.439Z,168401138343901
"""Goml @ Bod7b088c-"" shows a 9♥, 10♠.",2023-05-13T20:56:23.439Z,168401138343900
"""Goml @ Bod7b088c-"" calls 6.75",2023-05-13T20:56:22.578Z,168401138257800
"""mp @ -DkySTil6a"" bets 6.75",2023-05-13T20:56:21.058Z,168401138105800
"River: 9♠, K♥, Q♥, 5♠ [9♣]",2023-05-13T20:56:10.490Z,168401137049000
"""Goml @ Bod7b088c-"" calls 3.00",2023-05-13T20:56:09.672Z,168401136967200
"""Phil @ fjzrNiYyv8"" folds",2023-05-13T20:56:07.787Z,168401136778700
"""mp @ -DkySTil6a"" bets 3.00",2023-05-13T20:56:06.844Z,168401136684400
"Turn: 9♠, K♥, Q♥ [5♠]",2023-05-13T20:56:03.490Z,168401136349000
"""Goml @ Bod7b088c-"" checks",2023-05-13T20:56:02.679Z,168401136267900
"""Phil @ fjzrNiYyv8"" checks",2023-05-13T20:56:01.258Z,168401136125800
"""mp @ -DkySTil6a"" checks",2023-05-13T20:56:00.328Z,168401136032800
"Flop:  [9♠, K♥, Q♥]",2023-05-13T20:55:58.071Z,168401135807100
"""Phil @ fjzrNiYyv8"" checks",2023-05-13T20:55:57.223Z,168401135722300
"""mp @ -DkySTil6a"" calls 1.00",2023-05-13T20:55:56.234Z,168401135623400
"""Aiden A @ XREWYWn-gd"" folds",2023-05-13T20:55:53.845Z,168401135384500
"""JV @ mxbmy34bn7"" folds",2023-05-13T20:55:52.640Z,168401135264000
"""Goml @ Bod7b088c-"" calls 1.00",2023-05-13T20:55:50.012Z,168401135001200
"""scrap @ z2HyPltNTn"" folds",2023-05-13T20:55:45.273Z,168401134527300
"""Dp @ YyWpODWXWx"" folds",2023-05-13T20:55:44.271Z,168401134427100
"""Phil @ fjzrNiYyv8"" posts a big blind of 1.00",2023-05-13T20:55:33.685Z,168401133368510
"""mp @ -DkySTil6a"" posts a small blind of 0.50",2023-05-13T20:55:33.685Z,168401133368509
"Player stacks: #2 ""Dp @ YyWpODWXWx"" (80.25) | #3 ""scrap @ z2HyPltNTn"" (108.51) | #5 ""Goml @ Bod7b088c-"" (183.37) | #6 ""JV @ mxbmy34bn7"" (197.18) | #8 ""Aiden A @ XREWYWn-gd"" (455.80) | #9 ""mp @ -DkySTil6a"" (197.25) | #10 ""Phil @ fjzrNiYyv8"" (173.37)",2023-05-13T20:55:33.685Z,168401133368501
"-- starting hand #158 (id: sbpqjyii5tso)  (No Limit Texas Hold'em) (dealer: ""Aiden A @ XREWYWn-gd"") --",2023-05-13T20:55:33.685Z,168401133368500
"-- ending hand #157 --",2023-05-13T20:55:27.680Z,168401132768002
"""Aiden A @ XREWYWn-gd"" collected 4.00 from pot with Two Pair, A's & 5's (combination: A♥, A♣, 5♥, 5♣, 4♣)",2023-05-13T20:55:27.680Z,168401132768001
"""Aiden A @ XREWYWn-gd"" shows a 5♥, 5♣.",2023-05-13T20:55:27.680Z,168401132768000
"""mp @ -DkySTil6a"" calls 1.00",2023-05-13T20:55:26.869Z,168401132686900
"""Aiden A @ XREWYWn-gd"" bets 1.00",2023-05-13T20:55:25.922Z,168401132592200
"River: 3♣, A♥, 3♠, 4♣ [A♣]",2023-05-13T20:55:23.365Z,168401132336500
"""mp @ -DkySTil6a"" checks",2023-05-13T20:55:22.505Z,168401132250500
"""Aiden A @ XREWYWn-gd"" checks",2023-05-13T20:55:21.382Z,168401132138200
"Turn: 3♣, A♥, 3♠ [4♣]",2023-05-13T20:55:20.234Z,168401132023400
"""mp @ -DkySTil6a"" checks",2023-05-13T20:55:19.389Z,168401131938900
"""Aiden A @ XREWYWn-gd"" checks",2023-05-13T20:55:18.182Z,168401131818200
"Flop:  [3♣, A♥, 3♠]",2023-05-13T20:55:16.165Z,168401131616500
"""mp @ -DkySTil6a"" checks",2023-05-13T20:55:15.356Z,168401131535600
"""Aiden A @ XREWYWn-gd"" calls 1.00",2023-05-13T20:55:13.592Z,168401131359200
"""JV @ mxbmy34bn7"" folds",2023-05-13T20:55:11.058Z,168401131105800
"""Goml @ Bod7b088c-"" folds",2023-05-13T20:54:55.215Z,168401129521500
"""scrap @ z2HyPltNTn"" folds",2023-05-13T20:54:54.275Z,168401129427500
"""Dp @ YyWpODWXWx"" folds",2023-05-13T20:54:53.328Z,168401129332800
"""Phil @ fjzrNiYyv8"" folds",2023-05-13T20:54:52.422Z,168401129242200
"""mp @ -DkySTil6a"" posts a big blind of 1.00",2023-05-13T20:54:51.036Z,168401129103610
"""Aiden A @ XREWYWn-gd"" posts a small blind of 0.50",2023-05-13T20:54:51.036Z,168401129103609
"Player stacks: #2 ""Dp @ YyWpODWXWx"" (80.25) | #3 ""scrap @ z2HyPltNTn"" (108.51) | #5 ""Goml @ Bod7b088c-"" (183.37) | #6 ""JV @ mxbmy34bn7"" (197.18) | #8 ""Aiden A @ XREWYWn-gd"" (453.80) | #9 ""mp @ -DkySTil6a"" (199.25) | #10 ""Phil @ fjzrNiYyv8"" (173.37)",2023-05-13T20:54:51.036Z,168401129103601
"-- starting hand #157 (id: ndnd9fovqnww)  (No Limit Texas Hold'em) (dealer: ""JV @ mxbmy34bn7"") --",2023-05-13T20:54:51.036Z,168401129103600
"-- ending hand #156 --",2023-05-13T20:54:45.053Z,168401128505302
"""scrap @ z2HyPltNTn"" collected 2.50 from pot",2023-05-13T20:54:45.053Z,168401128505301
"Uncalled bet of 2.50 returned to ""scrap @ z2HyPltNTn""",2023-05-13T20:54:45.053Z,168401128505300
"""Aiden A @ XREWYWn-gd"" folds",2023-05-13T20:54:44.134Z,168401128413400
"""JV @ mxbmy34bn7"" folds",2023-05-13T20:54:43.010Z,168401128301000
"""Goml @ Bod7b088c-"" folds",2023-05-13T20:54:42.072Z,168401128207200
"""scrap @ z2HyPltNTn"" raises to 3.50",2023-05-13T20:54:41.115Z,168401128111500
"""Dp @ YyWpODWXWx"" folds",2023-05-13T20:54:35.238Z,168401127523800
"""Phil @ fjzrNiYyv8"" folds",2023-05-13T20:54:34.299Z,168401127429900
"""mp @ -DkySTil6a"" folds",2023-05-13T20:54:33.380Z,168401127338000
"""Aiden A @ XREWYWn-gd"" posts a big blind of 1.00",2023-05-13T20:54:30.933Z,168401127093310
"""JV @ mxbmy34bn7"" posts a small blind of 0.50",2023-05-13T20:54:30.933Z,168401127093309
"Player stacks: #2 ""Dp @ YyWpODWXWx"" (80.25) | #3 ""scrap @ z2HyPltNTn"" (107.01) | #5 ""Goml @ Bod7b088c-"" (183.37) | #6 ""JV @ mxbmy34bn7"" (197.68) | #8 ""Aiden A @ XREWYWn-gd"" (454.80) | #9 ""mp @ -DkySTil6a"" (199.25) | #10 ""Phil @ fjzrNiYyv8"" (173.37)",2023-05-13T20:54:30.933Z,168401127093301
"-- starting hand #156 (id: mwyf5kmfrkws)  (No Limit Texas Hold'em) (dealer: ""Goml @ Bod7b088c-"") --",2023-05-13T20:54:30.933Z,168401127093300
"-- ending hand #155 --",2023-05-13T20:54:25.017Z,168401126501702
"""scrap @ z2HyPltNTn"" collected 2.50 from pot",2023-05-13T20:54:25.017Z,168401126501701
"Uncalled bet of 2.50 returned to ""scrap @ z2HyPltNTn""",2023-05-13T20:54:25.017Z,168401126501700
"""JV @ mxbmy34bn7"" folds",2023-05-13T20:54:24.162Z,168401126416200
"""Goml @ Bod7b088c-"" folds",2023-05-13T20:54:17.930Z,168401125793000
"""scrap @ z2HyPltNTn"" raises to 3.50",2023-05-13T20:54:14.821Z,168401125482100
"""Dp @ YyWpODWXWx"" folds",2023-05-13T20:54:08.916Z,168401124891600
"""Phil @ fjzrNiYyv8"" folds",2023-05-13T20:54:04.597Z,168401124459700
"""mp @ -DkySTil6a"" folds",2023-05-13T20:54:03.605Z,168401124360500
"""Aiden A @ XREWYWn-gd"" folds",2023-05-13T20:54:02.452Z,168401124245200
"""JV @ mxbmy34bn7"" posts a big blind of 1.00",2023-05-13T20:54:01.282Z,168401124128210
"""Goml @ Bod7b088c-"" posts a small blind of 0.50",2023-05-13T20:54:01.282Z,168401124128209
"Player stacks: #2 ""Dp @ YyWpODWXWx"" (80.25) | #3 ""scrap @ z2HyPltNTn"" (105.51) | #5 ""Goml @ Bod7b088c-"" (183.87) | #6 ""JV @ mxbmy34bn7"" (198.68) | #8 ""Aiden A @ XREWYWn-gd"" (454.80) | #9 ""mp @ -DkySTil6a"" (199.25) | #10 ""Phil @ fjzrNiYyv8"" (173.37)",2023-05-13T20:54:01.282Z,168401124128201
"-- starting hand #155 (id: jhqymz9m4got)  (No Limit Texas Hold'em) (dealer: ""scrap @ z2HyPltNTn"") --",2023-05-13T20:54:01.282Z,168401124128200
"-- ending hand #154 --",2023-05-13T20:53:55.306Z,168401123530602
"""Phil @ fjzrNiYyv8"" collected 13.50 from pot",2023-05-13T20:53:55.306Z,168401123530601
"Uncalled bet of 6.00 returned to ""Phil @ fjzrNiYyv8""",2023-05-13T20:53:55.306Z,168401123530600
"""Aiden A @ XREWYWn-gd"" folds",2023-05-13T20:53:54.477Z,168401123447700
"""Dp @ YyWpODWXWx"" folds",2023-05-13T20:53:53.472Z,168401123347200
"""Phil @ fjzrNiYyv8"" bets 6.00",2023-05-13T20:53:50.467Z,168401123046700
"""Aiden A @ XREWYWn-gd"" checks",2023-05-13T20:53:46.685Z,168401122668500
"Flop:  [J♠, 3♣, 5♠]",2023-05-13T20:53:43.961Z,168401122396100
"""Aiden A @ XREWYWn-gd"" calls 4.00",2023-05-13T20:53:43.115Z,168401122311500
"""Goml @ Bod7b088c-"" folds",2023-05-13T20:53:41.633Z,168401122163300
"""scrap @ z2HyPltNTn"" folds",2023-05-13T20:53:40.426Z,168401122042600
"""Dp @ YyWpODWXWx"" calls 4.00",2023-05-13T20:53:39.521Z,168401121952100
"""Phil @ fjzrNiYyv8"" raises to 4.00",2023-05-13T20:53:30.738Z,168401121073800
"""mp @ -DkySTil6a"" folds",2023-05-13T20:53:27.786Z,168401120778600
"""Aiden A @ XREWYWn-gd"" calls 1.00",2023-05-13T20:53:26.763Z,168401120676300
"""JV @ mxbmy34bn7"" folds",2023-05-13T20:53:25.578Z,168401120557800
"""Goml @ Bod7b088c-"" posts a big blind of 1.00",2023-05-13T20:53:22.245Z,168401120224510
"""scrap @ z2HyPltNTn"" posts a small blind of 0.50",2023-05-13T20:53:22.245Z,168401120224509
"Player stacks: #2 ""Dp @ YyWpODWXWx"" (84.25) | #3 ""scrap @ z2HyPltNTn"" (106.01) | #5 ""Goml @ Bod7b088c-"" (184.87) | #6 ""JV @ mxbmy34bn7"" (198.68) | #8 ""Aiden A @ XREWYWn-gd"" (458.80) | #9 ""mp @ -DkySTil6a"" (199.25) | #10 ""Phil @ fjzrNiYyv8"" (163.87)",2023-05-13T20:53:22.245Z,168401120224501
"-- starting hand #154 (id: ue6rstacmqot)  (No Limit Texas Hold'em) (dealer: ""Dp @ YyWpODWXWx"") --",2023-05-13T20:53:22.245Z,168401120224500
"-- ending hand #153 --",2023-05-13T20:53:19.242Z,168401119924202
"""mp @ -DkySTil6a"" collected 35.48 from pot",2023-05-13T20:53:19.242Z,168401119924201
"Uncalled bet of 25.61 returned to ""mp @ -DkySTil6a""",2023-05-13T20:53:19.242Z,168401119924200
"""scrap @ z2HyPltNTn"" folds",2023-05-13T20:53:18.379Z,168401119837900
"""mp @ -DkySTil6a"" bets 25.61",2023-05-13T20:53:10.284Z,168401119028400
"""scrap @ z2HyPltNTn"" checks",2023-05-13T20:53:04.434Z,168401118443400
"River: 6♥, 3♣, K♠, A♠ [9♦]",2023-05-13T20:53:02.924Z,168401118292400
"""scrap @ z2HyPltNTn"" calls 8.37",2023-05-13T20:53:02.102Z,168401118210200
"""mp @ -DkySTil6a"" bets 8.37",2023-05-13T20:52:57.810Z,168401117781000
"""scrap @ z2HyPltNTn"" checks",2023-05-13T20:52:46.817Z,168401116681700
"Turn: 6♥, 3♣, K♠ [A♠]",2023-05-13T20:52:45.304Z,168401116530400
"""scrap @ z2HyPltNTn"" calls 5.62",2023-05-13T20:52:44.410Z,168401116441000
"""mp @ -DkySTil6a"" bets 5.62",2023-05-13T20:52:41.030Z,168401116103000
"""scrap @ z2HyPltNTn"" checks",2023-05-13T20:52:37.106Z,168401115710600
"Flop:  [6♥, 3♣, K♠]",2023-05-13T20:52:35.270Z,168401115527000
"""scrap @ z2HyPltNTn"" calls 3.50",2023-05-13T20:52:34.439Z,168401115443900
"""Dp @ YyWpODWXWx"" folds",2023-05-13T20:52:32.631Z,168401115263100
"""Phil @ fjzrNiYyv8"" folds",2023-05-13T20:52:28.754Z,168401114875400
"""mp @ -DkySTil6a"" raises to 3.50",2023-05-13T20:52:27.699Z,168401114769900
"""Aiden A @ XREWYWn-gd"" folds",2023-05-13T20:52:25.240Z,168401114524000
"""JV @ mxbmy34bn7"" folds",2023-05-13T20:52:24.052Z,168401114405200
"""Goml @ Bod7b088c-"" folds",2023-05-13T20:52:23.112Z,168401114311200
"""scrap @ z2HyPltNTn"" posts a big blind of 1.00",2023-05-13T20:52:19.953Z,168401113995310
"""Dp @ YyWpODWXWx"" posts a small blind of 0.50",2023-05-13T20:52:19.953Z,168401113995309
"Player stacks: #2 ""Dp @ YyWpODWXWx"" (84.75) | #3 ""scrap @ z2HyPltNTn"" (123.50) | #5 ""Goml @ Bod7b088c-"" (184.87) | #6 ""JV @ mxbmy34bn7"" (198.68) | #8 ""Aiden A @ XREWYWn-gd"" (458.80) | #9 ""mp @ -DkySTil6a"" (181.26) | #10 ""Phil @ fjzrNiYyv8"" (163.87)",2023-05-13T20:52:19.953Z,168401113995301
"-- starting hand #153 (id: mt8ntusd1nel)  (No Limit Texas Hold'em) (dealer: ""Phil @ fjzrNiYyv8"") --",2023-05-13T20:52:19.953Z,168401113995300
"-- ending hand #152 --",2023-05-13T20:52:14.028Z,168401113402802
"""Dp @ YyWpODWXWx"" collected 3.00 from pot",2023-05-13T20:52:14.028Z,168401113402801
"Uncalled bet of 1.50 returned to ""Dp @ YyWpODWXWx""",2023-05-13T20:52:14.028Z,168401113402800
"""Phil @ fjzrNiYyv8"" folds",2023-05-13T20:52:13.200Z,168401113320000
"""Aiden A @ XREWYWn-gd"" folds",2023-05-13T20:52:12.239Z,168401113223900
"""Dp @ YyWpODWXWx"" bets 1.50",2023-05-13T20:52:10.471Z,168401113047100
"""Phil @ fjzrNiYyv8"" checks",2023-05-13T20:52:04.578Z,168401112457800
"Flop:  [J♠, 9♣, J♦]",2023-05-13T20:52:02.733Z,168401112273300
"""Dp @ YyWpODWXWx"" checks",2023-05-13T20:52:01.913Z,168401112191300
"""Phil @ fjzrNiYyv8"" calls 1.00",2023-05-13T20:52:00.973Z,168401112097300
"""mp @ -DkySTil6a"" folds",2023-05-13T20:51:59.615Z,168401111961500
"""Aiden A @ XREWYWn-gd"" calls 1.00",2023-05-13T20:51:58.702Z,168401111870200
"""JV @ mxbmy34bn7"" folds",2023-05-13T20:51:57.738Z,168401111773800
"""Goml @ Bod7b088c-"" folds",2023-05-13T20:51:56.793Z,168401111679300
"""scrap @ z2HyPltNTn"" folds",2023-05-13T20:51:53.747Z,168401111374700
"""Dp @ YyWpODWXWx"" posts a big blind of 1.00",2023-05-13T20:51:52.207Z,168401111220710
"""Phil @ fjzrNiYyv8"" posts a small blind of 0.50",2023-05-13T20:51:52.207Z,168401111220709
"Player stacks: #2 ""Dp @ YyWpODWXWx"" (82.75) | #3 ""scrap @ z2HyPltNTn"" (123.50) | #5 ""Goml @ Bod7b088c-"" (184.87) | #6 ""JV @ mxbmy34bn7"" (198.68) | #8 ""Aiden A @ XREWYWn-gd"" (459.80) | #9 ""mp @ -DkySTil6a"" (181.26) | #10 ""Phil @ fjzrNiYyv8"" (164.87)",2023-05-13T20:51:52.207Z,168401111220701
"-- starting hand #152 (id: 3gjlyi31qahi)  (No Limit Texas Hold'em) (dealer: ""mp @ -DkySTil6a"") --",2023-05-13T20:51:52.207Z,168401111220700
"-- ending hand #151 --",2023-05-13T20:51:46.290Z,168401110629002
"""Aiden A @ XREWYWn-gd"" collected 2.50 from pot",2023-05-13T20:51:46.290Z,168401110629001
"Uncalled bet of 3.00 returned to ""Aiden A @ XREWYWn-gd""",2023-05-13T20:51:46.290Z,168401110629000
"""Phil @ fjzrNiYyv8"" folds",2023-05-13T20:51:45.436Z,168401110543600
"""mp @ -DkySTil6a"" folds",2023-05-13T20:51:44.526Z,168401110452600
"""Aiden A @ XREWYWn-gd"" raises to 4.00",2023-05-13T20:51:43.632Z,168401110363200
"""JV @ mxbmy34bn7"" folds",2023-05-13T20:51:40.634Z,168401110063400
"""Goml @ Bod7b088c-"" folds",2023-05-13T20:51:39.701Z,168401109970100
"""scrap @ z2HyPltNTn"" folds",2023-05-13T20:51:38.737Z,168401109873700
"""Dp @ YyWpODWXWx"" folds",2023-05-13T20:51:32.632Z,168401109263200
"""Phil @ fjzrNiYyv8"" posts a big blind of 1.00",2023-05-13T20:51:30.872Z,168401109087210
"""mp @ -DkySTil6a"" posts a small blind of 0.50",2023-05-13T20:51:30.872Z,168401109087209
"Player stacks: #2 ""Dp @ YyWpODWXWx"" (82.75) | #3 ""scrap @ z2HyPltNTn"" (123.50) | #5 ""Goml @ Bod7b088c-"" (184.87) | #6 ""JV @ mxbmy34bn7"" (198.68) | #8 ""Aiden A @ XREWYWn-gd"" (458.30) | #9 ""mp @ -DkySTil6a"" (181.76) | #10 ""Phil @ fjzrNiYyv8"" (165.87)",2023-05-13T20:51:30.872Z,168401109087201
"-- starting hand #151 (id: qe8hcvcodpnw)  (No Limit Texas Hold'em) (dealer: ""Aiden A @ XREWYWn-gd"") --",2023-05-13T20:51:30.872Z,168401109087200
"-- ending hand #150 --",2023-05-13T20:51:24.859Z,168401108485902
"""mp @ -DkySTil6a"" collected 10.50 from pot with Pair, J's (combination: J♣, J♠, A♥, Q♠, 10♠)",2023-05-13T20:51:24.859Z,168401108485901
"""mp @ -DkySTil6a"" shows a J♣, J♠.",2023-05-13T20:51:24.859Z,168401108485900
"""JV @ mxbmy34bn7"" checks",2023-05-13T20:51:24.047Z,168401108404700
"""mp @ -DkySTil6a"" checks",2023-05-13T20:51:21.058Z,168401108105800
"River: 2♦, 10♠, A♥, Q♠ [9♦]",2023-05-13T20:51:19.256Z,168401107925600
"""mp @ -DkySTil6a"" calls 2.00",2023-05-13T20:51:18.397Z,168401107839700
"""JV @ mxbmy34bn7"" bets 2.00",2023-05-13T20:51:16.676Z,168401107667600
"""mp @ -DkySTil6a"" checks",2023-05-13T20:51:12.368Z,168401107236800
"Turn: 2♦, 10♠, A♥ [Q♠]",2023-05-13T20:51:09.572Z,168401106957200
"""JV @ mxbmy34bn7"" checks",2023-05-13T20:51:08.723Z,168401106872300
"""mp @ -DkySTil6a"" checks",2023-05-13T20:51:04.685Z,168401106468500
"Flop:  [2♦, 10♠, A♥]",2023-05-13T20:51:02.542Z,168401106254200
"""mp @ -DkySTil6a"" calls 3.00",2023-05-13T20:51:01.720Z,168401106172000
"""Aiden A @ XREWYWn-gd"" folds",2023-05-13T20:50:55.295Z,168401105529500
"""JV @ mxbmy34bn7"" raises to 3.00",2023-05-13T20:50:54.150Z,168401105415000
"""Goml @ Bod7b088c-"" folds",2023-05-13T20:50:49.420Z,168401104942000
"""scrap @ z2HyPltNTn"" folds",2023-05-13T20:50:48.491Z,168401104849100
"""Dp @ YyWpODWXWx"" folds",2023-05-13T20:50:47.551Z,168401104755100
"""Phil @ fjzrNiYyv8"" folds",2023-05-13T20:50:43.431Z,168401104343100
"""mp @ -DkySTil6a"" posts a big blind of 1.00",2023-05-13T20:50:42.322Z,168401104232210
"""Aiden A @ XREWYWn-gd"" posts a small blind of 0.50",2023-05-13T20:50:42.322Z,168401104232209
"Player stacks: #2 ""Dp @ YyWpODWXWx"" (82.75) | #3 ""scrap @ z2HyPltNTn"" (123.50) | #5 ""Goml @ Bod7b088c-"" (184.87) | #6 ""JV @ mxbmy34bn7"" (203.68) | #8 ""Aiden A @ XREWYWn-gd"" (458.80) | #9 ""mp @ -DkySTil6a"" (176.26) | #10 ""Phil @ fjzrNiYyv8"" (165.87)",2023-05-13T20:50:42.322Z,168401104232201
"-- starting hand #150 (id: twpbsrprtvph)  (No Limit Texas Hold'em) (dealer: ""JV @ mxbmy34bn7"") --",2023-05-13T20:50:42.322Z,168401104232200
"-- ending hand #149 --",2023-05-13T20:50:36.314Z,168401103631403
"""JV @ mxbmy34bn7"" shows a 3♣, Q♣.",2023-05-13T20:50:36.314Z,168401103631402
"""Aiden A @ XREWYWn-gd"" collected 2.00 from pot with Pair, 6's (combination: 6♦, 6♣, 10♣, 9♠, 7♦)",2023-05-13T20:50:36.314Z,168401103631401
"""Aiden A @ XREWYWn-gd"" shows a 3♠, 6♦.",2023-05-13T20:50:36.314Z,168401103631400
"""Aiden A @ XREWYWn-gd"" checks",2023-05-13T20:50:35.453Z,168401103545300
"""JV @ mxbmy34bn7"" checks",2023-05-13T20:50:34.474Z,168401103447400
"River: 9♠, 2♠, 7♦, 10♣ [6♣]",2023-05-13T20:50:34.119Z,168401103411900
"""Aiden A @ XREWYWn-gd"" checks",2023-05-13T20:50:33.218Z,168401103321800
"""JV @ mxbmy34bn7"" checks",2023-05-13T20:50:32.193Z,168401103219300
"Turn: 9♠, 2♠, 7♦ [10♣]",2023-05-13T20:50:30.306Z,168401103030600
"""Aiden A @ XREWYWn-gd"" checks",2023-05-13T20:50:29.376Z,168401102937600
"""JV @ mxbmy34bn7"" checks",2023-05-13T20:50:28.182Z,168401102818200
"Flop:  [9♠, 2♠, 7♦]",2023-05-13T20:50:27.686Z,168401102768600
"""Aiden A @ XREWYWn-gd"" checks",2023-05-13T20:50:26.813Z,168401102681300
"""JV @ mxbmy34bn7"" calls 1.00",2023-05-13T20:50:25.583Z,168401102558300
"""Goml @ Bod7b088c-"" folds",2023-05-13T20:50:23.132Z,168401102313200
"""scrap @ z2HyPltNTn"" folds",2023-05-13T20:50:22.169Z,168401102216900
"""Dp @ YyWpODWXWx"" folds",2023-05-13T20:50:21.251Z,168401102125100
"""Phil @ fjzrNiYyv8"" folds",2023-05-13T20:50:20.347Z,168401102034700
"""mp @ -DkySTil6a"" folds",2023-05-13T20:50:19.188Z,168401101918800
"""Aiden A @ XREWYWn-gd"" posts a big blind of 1.00",2023-05-13T20:50:18.062Z,168401101806210
"""JV @ mxbmy34bn7"" posts a small blind of 0.50",2023-05-13T20:50:18.062Z,168401101806209
"Player stacks: #2 ""Dp @ YyWpODWXWx"" (82.75) | #3 ""scrap @ z2HyPltNTn"" (123.50) | #5 ""Goml @ Bod7b088c-"" (184.87) | #6 ""JV @ mxbmy34bn7"" (204.68) | #8 ""Aiden A @ XREWYWn-gd"" (457.80) | #9 ""mp @ -DkySTil6a"" (176.26) | #10 ""Phil @ fjzrNiYyv8"" (165.87)",2023-05-13T20:50:18.062Z,168401101806201
"-- starting hand #149 (id: lz2fbcwmvn5z)  (No Limit Texas Hold'em) (dealer: ""Goml @ Bod7b088c-"") --",2023-05-13T20:50:18.062Z,168401101806200
"-- ending hand #148 --",2023-05-13T20:50:12.053Z,168401101205303
"""Goml @ Bod7b088c-"" shows a 8♠, A♠.",2023-05-13T20:50:12.053Z,168401101205302
"""JV @ mxbmy34bn7"" collected 26.25 from pot with Pair, 9's (combination: 9♣, 9♠, Q♥, 7♣, 6♣)",2023-05-13T20:50:12.053Z,168401101205301
"""JV @ mxbmy34bn7"" shows a 7♣, 9♣.",2023-05-13T20:50:12.053Z,168401101205300
"""scrap @ z2HyPltNTn"" checks",2023-05-13T20:50:11.216Z,168401101121600
"""JV @ mxbmy34bn7"" checks",2023-05-13T20:50:10.310Z,168401101031000
"""Goml @ Bod7b088c-"" checks",2023-05-13T20:49:58.673Z,168401099867300
"River: 5♥, 9♠, 6♣, 4♣ [Q♥]",2023-05-13T20:49:57.188Z,168401099718800
"""Goml @ Bod7b088c-"" calls 5.25",2023-05-13T20:49:56.286Z,168401099628600
"""scrap @ z2HyPltNTn"" calls 5.25",2023-05-13T20:49:54.700Z,168401099470000
"""JV @ mxbmy34bn7"" bets 5.25",2023-05-13T20:49:51.981Z,168401099198100
"""Goml @ Bod7b088c-"" checks",2023-05-13T20:49:45.032Z,168401098503200
"Turn: 5♥, 9♠, 6♣ [4♣]",2023-05-13T20:49:42.566Z,168401098256600
"""scrap @ z2HyPltNTn"" checks",2023-05-13T20:49:41.751Z,168401098175100
"""JV @ mxbmy34bn7"" checks",2023-05-13T20:49:38.503Z,168401097850300
"""Goml @ Bod7b088c-"" checks",2023-05-13T20:49:34.719Z,168401097471900
"Flop:  [5♥, 9♠, 6♣]",2023-05-13T20:49:33.238Z,168401097323800
"""JV @ mxbmy34bn7"" calls 3.50",2023-05-13T20:49:32.424Z,168401097242400
"""Goml @ Bod7b088c-"" calls 3.50",2023-05-13T20:49:29.032Z,168401096903200
"""scrap @ z2HyPltNTn"" raises to 3.50",2023-05-13T20:49:27.604Z,168401096760400
"""Dp @ YyWpODWXWx"" folds",2023-05-13T20:49:21.649Z,168401096164900
"""Phil @ fjzrNiYyv8"" folds",2023-05-13T20:49:18.594Z,168401095859400
"""mp @ -DkySTil6a"" folds",2023-05-13T20:49:17.596Z,168401095759600
"""Aiden A @ XREWYWn-gd"" folds",2023-05-13T20:49:14.077Z,168401095407700
"""JV @ mxbmy34bn7"" posts a big blind of 1.00",2023-05-13T20:49:12.321Z,168401095232110
"""Goml @ Bod7b088c-"" posts a small blind of 0.50",2023-05-13T20:49:12.321Z,168401095232109
"Player stacks: #2 ""Dp @ YyWpODWXWx"" (82.75) | #3 ""scrap @ z2HyPltNTn"" (132.25) | #5 ""Goml @ Bod7b088c-"" (193.62) | #6 ""JV @ mxbmy34bn7"" (187.18) | #8 ""Aiden A @ XREWYWn-gd"" (457.80) | #9 ""mp @ -DkySTil6a"" (176.26) | #10 ""Phil @ fjzrNiYyv8"" (165.87)",2023-05-13T20:49:12.321Z,168401095232101
"-- starting hand #148 (id: qrq3thyvtuo0)  (No Limit Texas Hold'em) (dealer: ""scrap @ z2HyPltNTn"") --",2023-05-13T20:49:12.321Z,168401095232100
"-- ending hand #147 --",2023-05-13T20:49:06.301Z,168401094630102
"""scrap @ z2HyPltNTn"" collected 10.00 from pot with Pair, 10's (combination: 10♣, 10♠, K♣, 9♥, 7♥)",2023-05-13T20:49:06.301Z,168401094630101
"""scrap @ z2HyPltNTn"" shows a 10♣, 9♥.",2023-05-13T20:49:06.301Z,168401094630100
"""Aiden A @ XREWYWn-gd"" checks",2023-05-13T20:49:05.465Z,168401094546500
"""scrap @ z2HyPltNTn"" checks",2023-05-13T20:49:03.613Z,168401094361300
"River: 10♠, K♣, 7♥, 4♥ [3♣]",2023-05-13T20:49:00.744Z,168401094074400
"""Aiden A @ XREWYWn-gd"" calls 2.50",2023-05-13T20:48:59.910Z,168401093991000
"""scrap @ z2HyPltNTn"" bets 2.50",2023-05-13T20:48:58.069Z,168401093806900
"Turn: 10♠, K♣, 7♥ [4♥]",2023-05-13T20:48:54.172Z,168401093417200
"""Aiden A @ XREWYWn-gd"" calls 1.00",2023-05-13T20:48:53.324Z,168401093332400
"""Goml @ Bod7b088c-"" folds",2023-05-13T20:48:52.011Z,168401093201100
"""scrap @ z2HyPltNTn"" bets 1.00",2023-05-13T20:48:49.298Z,168401092929800
"Flop:  [10♠, K♣, 7♥]",2023-05-13T20:48:46.366Z,168401092636600
"""Goml @ Bod7b088c-"" checks",2023-05-13T20:48:45.559Z,168401092555900
"""scrap @ z2HyPltNTn"" calls 1.00",2023-05-13T20:48:31.657Z,168401091165700
"""Dp @ YyWpODWXWx"" folds",2023-05-13T20:48:30.634Z,168401091063400
"""Phil @ fjzrNiYyv8"" folds",2023-05-13T20:48:29.741Z,168401090974100
"""mp @ -DkySTil6a"" folds",2023-05-13T20:48:28.776Z,168401090877600
"""Aiden A @ XREWYWn-gd"" calls 1.00",2023-05-13T20:48:27.468Z,168401090746800
"""JV @ mxbmy34bn7"" folds",2023-05-13T20:48:26.180Z,168401090618000
"""Goml @ Bod7b088c-"" posts a big blind of 1.00",2023-05-13T20:48:25.051Z,168401090505110
"""scrap @ z2HyPltNTn"" posts a small blind of 0.50",2023-05-13T20:48:25.051Z,168401090505109
"Player stacks: #2 ""Dp @ YyWpODWXWx"" (82.75) | #3 ""scrap @ z2HyPltNTn"" (126.75) | #5 ""Goml @ Bod7b088c-"" (194.62) | #6 ""JV @ mxbmy34bn7"" (187.18) | #8 ""Aiden A @ XREWYWn-gd"" (462.30) | #9 ""mp @ -DkySTil6a"" (176.26) | #10 ""Phil @ fjzrNiYyv8"" (165.87)",2023-05-13T20:48:25.051Z,168401090505101
"-- starting hand #147 (id: pzxkjmks5dut)  (No Limit Texas Hold'em) (dealer: ""Dp @ YyWpODWXWx"") --",2023-05-13T20:48:25.051Z,168401090505100
"-- ending hand #146 --",2023-05-13T20:48:19.090Z,168401089909002
"""Goml @ Bod7b088c-"" collected 6.50 from pot",2023-05-13T20:48:19.090Z,168401089909001
"Uncalled bet of 3.25 returned to ""Goml @ Bod7b088c-""",2023-05-13T20:48:19.090Z,168401089909000
"""scrap @ z2HyPltNTn"" folds",2023-05-13T20:48:18.254Z,168401089825400
"""Goml @ Bod7b088c-"" bets 3.25",2023-05-13T20:48:16.677Z,168401089667700
"""scrap @ z2HyPltNTn"" checks",2023-05-13T20:48:13.865Z,168401089386500
"Flop:  [J♣, 10♦, 8♥]",2023-05-13T20:48:11.538Z,168401089153800
"""scrap @ z2HyPltNTn"" calls 3.00",2023-05-13T20:48:10.695Z,168401089069500
"""Dp @ YyWpODWXWx"" folds",2023-05-13T20:48:08.169Z,168401088816900
"""Phil @ fjzrNiYyv8"" folds",2023-05-13T20:48:07.215Z,168401088721500
"""mp @ -DkySTil6a"" folds",2023-05-13T20:48:06.343Z,168401088634300
"""Aiden A @ XREWYWn-gd"" folds",2023-05-13T20:48:05.414Z,168401088541400
"""JV @ mxbmy34bn7"" folds",2023-05-13T20:48:04.467Z,168401088446700
"""Goml @ Bod7b088c-"" raises to 3.00",2023-05-13T20:48:03.470Z,168401088347000
"""scrap @ z2HyPltNTn"" posts a big blind of 1.00",2023-05-13T20:47:57.654Z,168401087765410
"""Dp @ YyWpODWXWx"" posts a small blind of 0.50",2023-05-13T20:47:57.654Z,168401087765409
"Player stacks: #2 ""Dp @ YyWpODWXWx"" (83.25) | #3 ""scrap @ z2HyPltNTn"" (129.75) | #5 ""Goml @ Bod7b088c-"" (191.12) | #6 ""JV @ mxbmy34bn7"" (187.18) | #8 ""Aiden A @ XREWYWn-gd"" (462.30) | #9 ""mp @ -DkySTil6a"" (176.26) | #10 ""Phil @ fjzrNiYyv8"" (165.87)",2023-05-13T20:47:57.654Z,168401087765401
"-- starting hand #146 (id: wkciztatzsca)  (No Limit Texas Hold'em) (dealer: ""Phil @ fjzrNiYyv8"") --",2023-05-13T20:47:57.654Z,168401087765400
"-- ending hand #145 --",2023-05-13T20:47:51.683Z,168401087168302
"""Dp @ YyWpODWXWx"" collected 9.50 from pot",2023-05-13T20:47:51.683Z,168401087168301
"Uncalled bet of 4.75 returned to ""Dp @ YyWpODWXWx""",2023-05-13T20:47:51.683Z,168401087168300
"""mp @ -DkySTil6a"" folds",2023-05-13T20:47:50.855Z,168401087085500
"""Aiden A @ XREWYWn-gd"" folds",2023-05-13T20:47:49.358Z,168401086935800
"""Dp @ YyWpODWXWx"" bets 4.75",2023-05-13T20:47:47.478Z,168401086747800
"Turn: 8♣, 2♦, 6♦ [4♠]",2023-05-13T20:47:42.398Z,168401086239800
"""mp @ -DkySTil6a"" checks",2023-05-13T20:47:41.582Z,168401086158200
"""Aiden A @ XREWYWn-gd"" checks",2023-05-13T20:47:39.646Z,168401085964600
"""Dp @ YyWpODWXWx"" checks",2023-05-13T20:47:38.238Z,168401085823800
"Flop:  [8♣, 2♦, 6♦]",2023-05-13T20:47:36.192Z,168401085619200
"""Dp @ YyWpODWXWx"" calls 3.00",2023-05-13T20:47:35.359Z,168401085535900
"""Phil @ fjzrNiYyv8"" folds",2023-05-13T20:47:34.142Z,168401085414200
"""mp @ -DkySTil6a"" calls 3.00",2023-05-13T20:47:33.139Z,168401085313900
"""Aiden A @ XREWYWn-gd"" raises to 3.00",2023-05-13T20:47:31.656Z,168401085165600
"""JV @ mxbmy34bn7"" folds",2023-05-13T20:47:29.125Z,168401084912500
"""Goml @ Bod7b088c-"" folds",2023-05-13T20:47:28.114Z,168401084811400
"""scrap @ z2HyPltNTn"" folds",2023-05-13T20:47:15.157Z,168401083515700
"""Dp @ YyWpODWXWx"" posts a big blind of 1.00",2023-05-13T20:47:13.574Z,168401083357410
"""Phil @ fjzrNiYyv8"" posts a small blind of 0.50",2023-05-13T20:47:13.574Z,168401083357409
"Player stacks: #2 ""Dp @ YyWpODWXWx"" (76.75) | #3 ""scrap @ z2HyPltNTn"" (129.75) | #5 ""Goml @ Bod7b088c-"" (191.12) | #6 ""JV @ mxbmy34bn7"" (187.18) | #8 ""Aiden A @ XREWYWn-gd"" (465.30) | #9 ""mp @ -DkySTil6a"" (179.26) | #10 ""Phil @ fjzrNiYyv8"" (166.37)",2023-05-13T20:47:13.574Z,168401083357401
"-- starting hand #145 (id: cihbjltvlqev)  (No Limit Texas Hold'em) (dealer: ""mp @ -DkySTil6a"") --",2023-05-13T20:47:13.574Z,168401083357400
"-- ending hand #144 --",2023-05-13T20:47:10.574Z,168401083057402
"""JV @ mxbmy34bn7"" collected 23.00 from pot",2023-05-13T20:47:10.574Z,168401083057401
"Uncalled bet of 17.25 returned to ""JV @ mxbmy34bn7""",2023-05-13T20:47:10.574Z,168401083057400
"""Phil @ fjzrNiYyv8"" folds",2023-05-13T20:47:09.734Z,168401082973400
"""JV @ mxbmy34bn7"" bets 17.25",2023-05-13T20:47:06.219Z,168401082621900
"""Phil @ fjzrNiYyv8"" checks",2023-05-13T20:46:56.938Z,168401081693800
"River: 10♥, A♦, Q♥, 2♣ [7♣]",2023-05-13T20:46:55.629Z,168401081562900
"""Phil @ fjzrNiYyv8"" calls 6.25",2023-05-13T20:46:54.797Z,168401081479700
"""JV @ mxbmy34bn7"" bets 6.25",2023-05-13T20:46:51.982Z,168401081198200
"""Phil @ fjzrNiYyv8"" checks",2023-05-13T20:46:44.207Z,168401080420700
"Turn: 10♥, A♦, Q♥ [2♣]",2023-05-13T20:46:43.101Z,168401080310100
"""Phil @ fjzrNiYyv8"" calls 2.00",2023-05-13T20:46:42.248Z,168401080224800
"""JV @ mxbmy34bn7"" bets 2.00",2023-05-13T20:46:40.720Z,168401080072000
"""Phil @ fjzrNiYyv8"" checks",2023-05-13T20:46:35.560Z,168401079556000
"Flop:  [10♥, A♦, Q♥]",2023-05-13T20:46:34.200Z,168401079420000
"""Phil @ fjzrNiYyv8"" calls 3.00",2023-05-13T20:46:33.358Z,168401079335800
"""mp @ -DkySTil6a"" folds",2023-05-13T20:46:31.980Z,168401079198000
"""Aiden A @ XREWYWn-gd"" folds",2023-05-13T20:46:31.092Z,168401079109200
"""JV @ mxbmy34bn7"" raises to 3.00",2023-05-13T20:46:30.051Z,168401079005100
"""Goml @ Bod7b088c-"" folds",2023-05-13T20:46:24.839Z,168401078483900
"""scrap @ z2HyPltNTn"" folds",2023-05-13T20:46:19.204Z,168401077920400
"""Dp @ YyWpODWXWx"" folds",2023-05-13T20:46:18.162Z,168401077816200
"""Phil @ fjzrNiYyv8"" posts a big blind of 1.00",2023-05-13T20:46:17.171Z,168401077717110
"""mp @ -DkySTil6a"" posts a small blind of 0.50",2023-05-13T20:46:17.171Z,168401077717109
"Player stacks: #2 ""Dp @ YyWpODWXWx"" (76.75) | #3 ""scrap @ z2HyPltNTn"" (129.75) | #5 ""Goml @ Bod7b088c-"" (191.12) | #6 ""JV @ mxbmy34bn7"" (175.43) | #8 ""Aiden A @ XREWYWn-gd"" (465.30) | #9 ""mp @ -DkySTil6a"" (179.76) | #10 ""Phil @ fjzrNiYyv8"" (177.62)",2023-05-13T20:46:17.171Z,168401077717101
"-- starting hand #144 (id: ki2vww4kgnbf)  (No Limit Texas Hold'em) (dealer: ""Aiden A @ XREWYWn-gd"") --",2023-05-13T20:46:17.171Z,168401077717100
"-- ending hand #143 --",2023-05-13T20:46:11.166Z,168401077116602
"""Phil @ fjzrNiYyv8"" collected 49.00 from pot with Pair, A's (combination: A♥, A♠, 9♦, 6♥, 5♣)",2023-05-13T20:46:11.166Z,168401077116601
"""Phil @ fjzrNiYyv8"" shows a A♥, 9♦.",2023-05-13T20:46:11.166Z,168401077116600
"""scrap @ z2HyPltNTn"" checks",2023-05-13T20:46:10.351Z,168401077035100
"""Phil @ fjzrNiYyv8"" checks",2023-05-13T20:46:08.004Z,168401076800400
"River: A♠, 6♥, 5♣, 3♠ [2♣]",2023-05-13T20:46:05.114Z,168401076511400
"""scrap @ z2HyPltNTn"" calls 12.25",2023-05-13T20:46:04.252Z,168401076425200
"""Phil @ fjzrNiYyv8"" bets 12.25",2023-05-13T20:45:58.827Z,168401075882700
"Turn: A♠, 6♥, 5♣ [3♠]",2023-05-13T20:45:55.710Z,168401075571000
"""mp @ -DkySTil6a"" folds",2023-05-13T20:45:54.868Z,168401075486800
"""JV @ mxbmy34bn7"" folds",2023-05-13T20:45:54.008Z,168401075400800
"""scrap @ z2HyPltNTn"" calls 6.00",2023-05-13T20:45:48.113Z,168401074811300
"""Phil @ fjzrNiYyv8"" bets 6.00",2023-05-13T20:45:44.809Z,168401074480900
"""mp @ -DkySTil6a"" checks",2023-05-13T20:45:41.315Z,168401074131500
"Flop:  [A♠, 6♥, 5♣]",2023-05-13T20:45:39.695Z,168401073969500
"""mp @ -DkySTil6a"" calls 3.00",2023-05-13T20:45:38.877Z,168401073887700
"""Aiden A @ XREWYWn-gd"" folds",2023-05-13T20:45:34.092Z,168401073409200
"""JV @ mxbmy34bn7"" calls 3.00",2023-05-13T20:45:33.087Z,168401073308700
"""Goml @ Bod7b088c-"" folds",2023-05-13T20:45:29.718Z,168401072971800
"""scrap @ z2HyPltNTn"" calls 3.00",2023-05-13T20:45:19.994Z,168401071999400
"""Dp @ YyWpODWXWx"" folds",2023-05-13T20:45:18.697Z,168401071869700
"""Phil @ fjzrNiYyv8"" raises to 3.00",2023-05-13T20:45:17.770Z,168401071777000
"""mp @ -DkySTil6a"" posts a big blind of 1.00",2023-05-13T20:45:14.982Z,168401071498210
"""Aiden A @ XREWYWn-gd"" posts a small blind of 0.50",2023-05-13T20:45:14.982Z,168401071498209
"Player stacks: #2 ""Dp @ YyWpODWXWx"" (76.75) | #3 ""scrap @ z2HyPltNTn"" (151.00) | #5 ""Goml @ Bod7b088c-"" (191.12) | #6 ""JV @ mxbmy34bn7"" (178.43) | #8 ""Aiden A @ XREWYWn-gd"" (465.80) | #9 ""mp @ -DkySTil6a"" (182.76) | #10 ""Phil @ fjzrNiYyv8"" (149.87)",2023-05-13T20:45:14.982Z,168401071498201
"-- starting hand #143 (id: gpjanhlw6bew)  (No Limit Texas Hold'em) (dealer: ""JV @ mxbmy34bn7"") --",2023-05-13T20:45:14.982Z,168401071498200
"-- ending hand #142 --",2023-05-13T20:45:09.063Z,168401070906302
"""Phil @ fjzrNiYyv8"" collected 2.50 from pot",2023-05-13T20:45:09.063Z,168401070906301
"Uncalled bet of 2.00 returned to ""Phil @ fjzrNiYyv8""",2023-05-13T20:45:09.063Z,168401070906300
"""Aiden A @ XREWYWn-gd"" folds",2023-05-13T20:45:08.212Z,168401070821200
"""JV @ mxbmy34bn7"" folds",2023-05-13T20:45:07.304Z,168401070730400
"""Goml @ Bod7b088c-"" folds",2023-05-13T20:45:06.090Z,168401070609000
"""scrap @ z2HyPltNTn"" folds",2023-05-13T20:45:05.139Z,168401070513900
"""Dp @ YyWpODWXWx"" folds",2023-05-13T20:45:04.240Z,168401070424000
"""Phil @ fjzrNiYyv8"" raises to 3.00",2023-05-13T20:45:03.336Z,168401070333600
"""mp @ -DkySTil6a"" folds",2023-05-13T20:45:00.851Z,168401070085100
"""Aiden A @ XREWYWn-gd"" posts a big blind of 1.00",2023-05-13T20:44:59.044Z,168401069904410
"""JV @ mxbmy34bn7"" posts a small blind of 0.50",2023-05-13T20:44:59.044Z,168401069904409
"Player stacks: #2 ""Dp @ YyWpODWXWx"" (76.75) | #3 ""scrap @ z2HyPltNTn"" (151.00) | #5 ""Goml @ Bod7b088c-"" (191.12) | #6 ""JV @ mxbmy34bn7"" (178.93) | #8 ""Aiden A @ XREWYWn-gd"" (466.80) | #9 ""mp @ -DkySTil6a"" (182.76) | #10 ""Phil @ fjzrNiYyv8"" (148.37)",2023-05-13T20:44:59.044Z,168401069904401
"-- starting hand #142 (id: iotije2mkonk)  (No Limit Texas Hold'em) (dealer: ""Goml @ Bod7b088c-"") --",2023-05-13T20:44:59.044Z,168401069904400
"""Aiden A @ XREWYWn-gd"" shows a 10♦, 10♠.",2023-05-13T20:44:54.793Z,168401069479300
"-- ending hand #141 --",2023-05-13T20:44:52.492Z,168401069249202
"""JV @ mxbmy34bn7"" collected 72.00 from pot with Two Pair, Q's & J's (combination: Q♥, Q♣, J♦, J♥, A♦)",2023-05-13T20:44:52.492Z,168401069249201
"""JV @ mxbmy34bn7"" shows a A♦, Q♥.",2023-05-13T20:44:52.492Z,168401069249200
"""Aiden A @ XREWYWn-gd"" calls 16.50",2023-05-13T20:44:51.664Z,168401069166400
"""JV @ mxbmy34bn7"" bets 16.50",2023-05-13T20:44:49.703Z,168401068970300
"River: Q♣, J♦, 8♥, 4♠ [J♥]",2023-05-13T20:44:36.811Z,168401067681100
"""Aiden A @ XREWYWn-gd"" checks",2023-05-13T20:44:35.918Z,168401067591800
"""JV @ mxbmy34bn7"" checks",2023-05-13T20:44:33.953Z,168401067395300
"Turn: Q♣, J♦, 8♥ [4♠]",2023-05-13T20:44:30.806Z,168401067080600
"""Aiden A @ XREWYWn-gd"" calls 8.75",2023-05-13T20:44:29.996Z,168401066999600
"""JV @ mxbmy34bn7"" bets 8.75",2023-05-13T20:44:25.755Z,168401066575500
"Flop:  [Q♣, J♦, 8♥]",2023-05-13T20:44:17.443Z,168401065744300
"""Aiden A @ XREWYWn-gd"" calls 10.50",2023-05-13T20:44:16.605Z,168401065660500
"""JV @ mxbmy34bn7"" raises to 10.50",2023-05-13T20:44:13.647Z,168401065364700
"""Goml @ Bod7b088c-"" folds",2023-05-13T20:44:04.699Z,168401064469900
"""scrap @ z2HyPltNTn"" folds",2023-05-13T20:44:03.698Z,168401064369800
"""Dp @ YyWpODWXWx"" folds",2023-05-13T20:44:02.807Z,168401064280700
"""Phil @ fjzrNiYyv8"" folds",2023-05-13T20:44:01.871Z,168401064187100
"""mp @ -DkySTil6a"" folds",2023-05-13T20:44:00.724Z,168401064072400
"""Aiden A @ XREWYWn-gd"" raises to 3.00",2023-05-13T20:43:59.871Z,168401063987100
"""JV @ mxbmy34bn7"" posts a big blind of 1.00",2023-05-13T20:43:56.963Z,168401063696310
"""Goml @ Bod7b088c-"" posts a small blind of 0.50",2023-05-13T20:43:56.963Z,168401063696309
"Player stacks: #2 ""Dp @ YyWpODWXWx"" (76.75) | #3 ""scrap @ z2HyPltNTn"" (151.00) | #5 ""Goml @ Bod7b088c-"" (191.62) | #6 ""JV @ mxbmy34bn7"" (142.68) | #8 ""Aiden A @ XREWYWn-gd"" (502.55) | #9 ""mp @ -DkySTil6a"" (182.76) | #10 ""Phil @ fjzrNiYyv8"" (148.37)",2023-05-13T20:43:56.963Z,168401063696301
"-- starting hand #141 (id: lnohvsvngpjn)  (No Limit Texas Hold'em) (dealer: ""scrap @ z2HyPltNTn"") --",2023-05-13T20:43:56.963Z,168401063696300
"-- ending hand #140 --",2023-05-13T20:43:50.956Z,168401063095602
"""Goml @ Bod7b088c-"" collected 15.50 from pot with Two Pair, J's & 10's (combination: J♦, J♣, 10♣, 10♠, K♠)",2023-05-13T20:43:50.956Z,168401063095601
"""Goml @ Bod7b088c-"" shows a 10♣, K♠.",2023-05-13T20:43:50.956Z,168401063095600
"""JV @ mxbmy34bn7"" checks",2023-05-13T20:43:50.068Z,168401063006800
"""Goml @ Bod7b088c-"" checks",2023-05-13T20:43:39.907Z,168401061990700
"River: J♦, 10♠, J♣, 3♦ [9♠]",2023-05-13T20:43:38.854Z,168401061885400
"""Goml @ Bod7b088c-"" calls 3.00",2023-05-13T20:43:37.973Z,168401061797300
"""Dp @ YyWpODWXWx"" folds",2023-05-13T20:43:36.766Z,168401061676600
"""JV @ mxbmy34bn7"" bets 3.00",2023-05-13T20:43:31.877Z,168401061187700
"""Goml @ Bod7b088c-"" checks",2023-05-13T20:43:25.014Z,168401060501400
"Turn: J♦, 10♠, J♣ [3♦]",2023-05-13T20:43:22.839Z,168401060283900
"""Dp @ YyWpODWXWx"" checks",2023-05-13T20:43:22.007Z,168401060200700
"""JV @ mxbmy34bn7"" checks",2023-05-13T20:43:17.319Z,168401059731900
"""Goml @ Bod7b088c-"" checks",2023-05-13T20:43:13.764Z,168401059376400
"Flop:  [J♦, 10♠, J♣]",2023-05-13T20:43:11.516Z,168401059151600
"""Goml @ Bod7b088c-"" calls 3.00",2023-05-13T20:43:10.698Z,168401059069800
"""scrap @ z2HyPltNTn"" folds",2023-05-13T20:43:00.826Z,168401058082600
"""Dp @ YyWpODWXWx"" calls 3.00",2023-05-13T20:42:59.912Z,168401057991200
"""Phil @ fjzrNiYyv8"" folds",2023-05-13T20:42:30.497Z,168401055049700
"""mp @ -DkySTil6a"" folds",2023-05-13T20:42:29.643Z,168401054964300
"""Aiden A @ XREWYWn-gd"" folds",2023-05-13T20:42:28.725Z,168401054872500
"""JV @ mxbmy34bn7"" raises to 3.00",2023-05-13T20:42:25.512Z,168401054551200
"""Goml @ Bod7b088c-"" posts a big blind of 1.00",2023-05-13T20:42:19.240Z,168401053924010
"""scrap @ z2HyPltNTn"" posts a small blind of 0.50",2023-05-13T20:42:19.240Z,168401053924009
"Player stacks: #2 ""Dp @ YyWpODWXWx"" (79.75) | #3 ""scrap @ z2HyPltNTn"" (151.50) | #5 ""Goml @ Bod7b088c-"" (182.12) | #6 ""JV @ mxbmy34bn7"" (148.68) | #8 ""Aiden A @ XREWYWn-gd"" (502.55) | #9 ""mp @ -DkySTil6a"" (182.76) | #10 ""Phil @ fjzrNiYyv8"" (148.37)",2023-05-13T20:42:19.240Z,168401053924001
"-- starting hand #140 (id: ik0zxvtwhymz)  (No Limit Texas Hold'em) (dealer: ""Dp @ YyWpODWXWx"") --",2023-05-13T20:42:19.240Z,168401053924000
"-- ending hand #139 --",2023-05-13T20:42:13.238Z,168401053323802
"""scrap @ z2HyPltNTn"" collected 2.50 from pot",2023-05-13T20:42:13.238Z,168401053323801
"Uncalled bet of 1.00 returned to ""scrap @ z2HyPltNTn""",2023-05-13T20:42:13.238Z,168401053323800
"""Aiden A @ XREWYWn-gd"" folds",2023-05-13T20:42:12.348Z,168401053234800
"""scrap @ z2HyPltNTn"" bets 1.00",2023-05-13T20:42:10.467Z,168401053046700
"Turn: K♥, 8♦, 9♦ [3♥]",2023-05-13T20:42:07.717Z,168401052771700
"""Aiden A @ XREWYWn-gd"" checks",2023-05-13T20:42:06.868Z,168401052686800
"""scrap @ z2HyPltNTn"" checks",2023-05-13T20:42:02.779Z,168401052277900
"Flop:  [K♥, 8♦, 9♦]",2023-05-13T20:42:01.213Z,168401052121300
"""scrap @ z2HyPltNTn"" checks",2023-05-13T20:42:00.312Z,168401052031200
"""Dp @ YyWpODWXWx"" folds",2023-05-13T20:41:58.612Z,168401051861200
"""Phil @ fjzrNiYyv8"" folds",2023-05-13T20:41:57.636Z,168401051763600
"""mp @ -DkySTil6a"" folds",2023-05-13T20:41:55.848Z,168401051584800
"""Aiden A @ XREWYWn-gd"" calls 1.00",2023-05-13T20:41:54.897Z,168401051489700
"""JV @ mxbmy34bn7"" folds",2023-05-13T20:41:52.556Z,168401051255600
"""Goml @ Bod7b088c-"" folds",2023-05-13T20:41:43.937Z,168401050393700
"""scrap @ z2HyPltNTn"" posts a big blind of 1.00",2023-05-13T20:41:40.779Z,168401050077910
"""Dp @ YyWpODWXWx"" posts a small blind of 0.50",2023-05-13T20:41:40.779Z,168401050077909
"Player stacks: #2 ""Dp @ YyWpODWXWx"" (80.25) | #3 ""scrap @ z2HyPltNTn"" (150.00) | #5 ""Goml @ Bod7b088c-"" (182.12) | #6 ""JV @ mxbmy34bn7"" (148.68) | #8 ""Aiden A @ XREWYWn-gd"" (503.55) | #9 ""mp @ -DkySTil6a"" (182.76) | #10 ""Phil @ fjzrNiYyv8"" (148.37)",2023-05-13T20:41:40.779Z,168401050077901
"-- starting hand #139 (id: eocf8dmfuivj)  (No Limit Texas Hold'em) (dealer: ""Phil @ fjzrNiYyv8"") --",2023-05-13T20:41:40.779Z,168401050077900
"-- ending hand #138 --",2023-05-13T20:41:34.859Z,168401049485902
"""Aiden A @ XREWYWn-gd"" collected 56.00 from pot",2023-05-13T20:41:34.859Z,168401049485901
"Uncalled bet of 28.00 returned to ""Aiden A @ XREWYWn-gd""",2023-05-13T20:41:34.859Z,168401049485900
"""Phil @ fjzrNiYyv8"" folds",2023-05-13T20:41:34.040Z,168401049404000
"""mp @ -DkySTil6a"" folds",2023-05-13T20:41:32.451Z,168401049245100
"""Aiden A @ XREWYWn-gd"" bets 28.00",2023-05-13T20:41:29.788Z,168401048978800
"""Phil @ fjzrNiYyv8"" checks",2023-05-13T20:41:20.083Z,168401048008300
"Flop:  [J♠, 2♥, 8♣]",2023-05-13T20:41:17.627Z,168401047762700
"""mp @ -DkySTil6a"" calls 18.00",2023-05-13T20:41:16.818Z,168401047681800
"""Aiden A @ XREWYWn-gd"" calls 18.00",2023-05-13T20:41:13.459Z,168401047345900
"""JV @ mxbmy34bn7"" folds",2023-05-13T20:41:11.402Z,168401047140200
"""Dp @ YyWpODWXWx"" folds",2023-05-13T20:41:03.606Z,168401046360600
"""Phil @ fjzrNiYyv8"" raises to 18.00",2023-05-13T20:40:59.023Z,168401045902300
"""mp @ -DkySTil6a"" calls 3.00",2023-05-13T20:40:55.816Z,168401045581600
"""Aiden A @ XREWYWn-gd"" raises to 3.00",2023-05-13T20:40:54.616Z,168401045461600
"""JV @ mxbmy34bn7"" calls 1.00",2023-05-13T20:40:51.810Z,168401045181000
"""Goml @ Bod7b088c-"" folds",2023-05-13T20:40:43.447Z,168401044344700
"""scrap @ z2HyPltNTn"" folds",2023-05-13T20:40:42.535Z,168401044253500
"""Dp @ YyWpODWXWx"" posts a big blind of 1.00",2023-05-13T20:40:40.173Z,168401044017311
"""Phil @ fjzrNiYyv8"" posts a small blind of 0.50",2023-05-13T20:40:40.173Z,168401044017310
"Player stacks: #2 ""Dp @ YyWpODWXWx"" (81.25) | #3 ""scrap @ z2HyPltNTn"" (150.00) | #5 ""Goml @ Bod7b088c-"" (182.12) | #6 ""JV @ mxbmy34bn7"" (149.68) | #8 ""Aiden A @ XREWYWn-gd"" (465.55) | #9 ""mp @ -DkySTil6a"" (200.76) | #10 ""Phil @ fjzrNiYyv8"" (166.37)",2023-05-13T20:40:40.173Z,168401044017302
"-- starting hand #138 (id: hr5z5lpyhxoq)  (No Limit Texas Hold'em) (dealer: ""mp @ -DkySTil6a"") --",2023-05-13T20:40:40.173Z,168401044017301
"The player ""scrap @ z2HyPltNTn"" joined the game with a stack of 150.00.",2023-05-13T20:40:40.173Z,168401044017300
"""Goml @ Bod7b088c-"" shows a 10♠, 6♥.",2023-05-13T20:40:38.485Z,168401043848500
"-- ending hand #137 --",2023-05-13T20:40:36.569Z,168401043656902
"""Aiden A @ XREWYWn-gd"" collected 174.10 from pot",2023-05-13T20:40:36.569Z,168401043656901
"Uncalled bet of 130.57 returned to ""Aiden A @ XREWYWn-gd""",2023-05-13T20:40:36.569Z,168401043656900
"""JV @ mxbmy34bn7"" folds",2023-05-13T20:40:35.757Z,168401043575700
"""Aiden A @ XREWYWn-gd"" raises to 182.00",2023-05-13T20:39:39.423Z,168401037942300
"""JV @ mxbmy34bn7"" bets 51.43",2023-05-13T20:39:33.751Z,168401037375100
"River: 7♠, J♥, 2♦, 9♠ [8♠]",2023-05-13T20:39:20.556Z,168401036055600
"""Aiden A @ XREWYWn-gd"" checks",2023-05-13T20:39:19.666Z,168401035966600
"""JV @ mxbmy34bn7"" checks",2023-05-13T20:39:18.556Z,168401035855600
"Turn: 7♠, J♥, 2♦ [9♠]",2023-05-13T20:39:17.146Z,168401035714600
"""JV @ mxbmy34bn7"" calls 21.37",2023-05-13T20:39:16.303Z,168401035630300
"""Aiden A @ XREWYWn-gd"" bets 21.37",2023-05-13T20:39:07.156Z,168401034715600
"""JV @ mxbmy34bn7"" checks",2023-05-13T20:39:01.159Z,168401034115900
"Flop:  [7♠, J♥, 2♦]",2023-05-13T20:38:59.568Z,168401033956800
"""JV @ mxbmy34bn7"" calls 13.50",2023-05-13T20:38:58.740Z,168401033874000
"""Phil @ fjzrNiYyv8"" folds",2023-05-13T20:38:53.843Z,168401033384300
"""mp @ -DkySTil6a"" folds",2023-05-13T20:38:52.580Z,168401033258000
"""Aiden A @ XREWYWn-gd"" raises to 13.50",2023-05-13T20:38:50.191Z,168401033019100
"The admin approved the player ""scrap @ z2HyPltNTn"" participation with a stack of 150.00.",2023-05-13T20:38:45.743Z,168401032574300
"""JV @ mxbmy34bn7"" raises to 3.00",2023-05-13T20:38:44.185Z,168401032418500
"""Goml @ Bod7b088c-"" folds",2023-05-13T20:38:38.353Z,168401031835300
"""Dp @ YyWpODWXWx"" folds",2023-05-13T20:38:37.414Z,168401031741400
"The player ""scrap @ z2HyPltNTn"" requested a seat.",2023-05-13T20:38:18.653Z,168401029865300
"""Phil @ fjzrNiYyv8"" posts a big blind of 1.00",2023-05-13T20:37:42.808Z,168401026280809
"""mp @ -DkySTil6a"" posts a small blind of 0.50",2023-05-13T20:37:42.808Z,168401026280808
"Player stacks: #2 ""Dp @ YyWpODWXWx"" (81.25) | #5 ""Goml @ Bod7b088c-"" (182.12) | #6 ""JV @ mxbmy34bn7"" (235.98) | #8 ""Aiden A @ XREWYWn-gd"" (377.75) | #9 ""mp @ -DkySTil6a"" (201.26) | #10 ""Phil @ fjzrNiYyv8"" (167.37)",2023-05-13T20:37:42.808Z,168401026280801
"-- starting hand #137 (id: j1ptpuh85dmc)  (No Limit Texas Hold'em) (dealer: ""Aiden A @ XREWYWn-gd"") --",2023-05-13T20:37:42.808Z,168401026280800
"-- ending hand #136 --",2023-05-13T20:37:36.789Z,168401025678903
"""Aiden A @ XREWYWn-gd"" shows a Q♥, 3♥.",2023-05-13T20:37:36.789Z,168401025678902
"""Phil @ fjzrNiYyv8"" collected 21.74 from pot with Two Pair, 4's & 2's (combination: 4♦, 4♠, 2♠, 2♣, K♥)",2023-05-13T20:37:36.789Z,168401025678901
"""Phil @ fjzrNiYyv8"" shows a 4♦, 4♠.",2023-05-13T20:37:36.789Z,168401025678900
"""Phil @ fjzrNiYyv8"" checks",2023-05-13T20:37:35.930Z,168401025593000
"""Aiden A @ XREWYWn-gd"" checks",2023-05-13T20:37:34.601Z,168401025460100
"River: 2♠, 3♦, K♥, 8♥ [2♣]",2023-05-13T20:37:31.385Z,168401025138500
"""Phil @ fjzrNiYyv8"" checks",2023-05-13T20:37:30.504Z,168401025050400
"""Aiden A @ XREWYWn-gd"" checks",2023-05-13T20:37:29.052Z,168401024905200
"Turn: 2♠, 3♦, K♥ [8♥]",2023-05-13T20:37:27.792Z,168401024779200
"""mp @ -DkySTil6a"" folds",2023-05-13T20:37:26.939Z,168401024693900
"""Aiden A @ XREWYWn-gd"" calls 4.87",2023-05-13T20:37:25.972Z,168401024597200
"""JV @ mxbmy34bn7"" folds",2023-05-13T20:37:24.135Z,168401024413500
"""Phil @ fjzrNiYyv8"" bets 4.87",2023-05-13T20:37:20.009Z,168401024000900
"""mp @ -DkySTil6a"" checks",2023-05-13T20:37:17.426Z,168401023742600
"""Aiden A @ XREWYWn-gd"" checks",2023-05-13T20:37:16.537Z,168401023653700
"Flop:  [2♠, 3♦, K♥]",2023-05-13T20:37:10.527Z,168401023052700
"""mp @ -DkySTil6a"" calls 3.00",2023-05-13T20:37:09.685Z,168401022968500
"""Aiden A @ XREWYWn-gd"" calls 3.00",2023-05-13T20:37:08.655Z,168401022865500
"""JV @ mxbmy34bn7"" calls 3.00",2023-05-13T20:37:05.314Z,168401022531400
"""Goml @ Bod7b088c-"" folds",2023-05-13T20:37:01.902Z,168401022190200
"""Dp @ YyWpODWXWx"" folds",2023-05-13T20:37:00.850Z,168401022085000
"""Phil @ fjzrNiYyv8"" raises to 3.00",2023-05-13T20:36:46.299Z,168401020629900
"""mp @ -DkySTil6a"" posts a big blind of 1.00",2023-05-13T20:36:43.703Z,168401020370309
"""Aiden A @ XREWYWn-gd"" posts a small blind of 0.50",2023-05-13T20:36:43.703Z,168401020370308
"Player stacks: #2 ""Dp @ YyWpODWXWx"" (81.25) | #5 ""Goml @ Bod7b088c-"" (182.12) | #6 ""JV @ mxbmy34bn7"" (238.98) | #8 ""Aiden A @ XREWYWn-gd"" (385.62) | #9 ""mp @ -DkySTil6a"" (204.26) | #10 ""Phil @ fjzrNiYyv8"" (153.50)",2023-05-13T20:36:43.703Z,168401020370301
"-- starting hand #136 (id: gpm0lxm964xg)  (No Limit Texas Hold'em) (dealer: ""JV @ mxbmy34bn7"") --",2023-05-13T20:36:43.703Z,168401020370300
"-- ending hand #135 --",2023-05-13T20:36:37.768Z,168401019776802
"""mp @ -DkySTil6a"" collected 2.50 from pot",2023-05-13T20:36:37.768Z,168401019776801
"Uncalled bet of 2.50 returned to ""mp @ -DkySTil6a""",2023-05-13T20:36:37.768Z,168401019776800
"""Aiden A @ XREWYWn-gd"" folds",2023-05-13T20:36:36.960Z,168401019696000
"""mp @ -DkySTil6a"" bets 2.50",2023-05-13T20:36:35.829Z,168401019582900
"""Aiden A @ XREWYWn-gd"" checks",2023-05-13T20:36:32.910Z,168401019291000
"Flop:  [4♠, 4♣, 10♣]",2023-05-13T20:36:31.767Z,168401019176700
"""Aiden A @ XREWYWn-gd"" checks",2023-05-13T20:36:30.900Z,168401019090000
"""JV @ mxbmy34bn7"" folds",2023-05-13T20:36:29.809Z,168401018980900
"""Goml @ Bod7b088c-"" folds",2023-05-13T20:36:27.790Z,168401018779000
"""Dp @ YyWpODWXWx"" folds",2023-05-13T20:36:26.846Z,168401018684600
"""Phil @ fjzrNiYyv8"" folds",2023-05-13T20:36:25.884Z,168401018588400
"""mp @ -DkySTil6a"" calls 1.00",2023-05-13T20:36:25.053Z,168401018505300
"""Aiden A @ XREWYWn-gd"" posts a big blind of 1.00",2023-05-13T20:36:22.451Z,168401018245109
"""JV @ mxbmy34bn7"" posts a small blind of 0.50",2023-05-13T20:36:22.451Z,168401018245108
"Player stacks: #2 ""Dp @ YyWpODWXWx"" (81.25) | #5 ""Goml @ Bod7b088c-"" (182.12) | #6 ""JV @ mxbmy34bn7"" (239.48) | #8 ""Aiden A @ XREWYWn-gd"" (386.62) | #9 ""mp @ -DkySTil6a"" (202.76) | #10 ""Phil @ fjzrNiYyv8"" (153.50)",2023-05-13T20:36:22.451Z,168401018245101
"-- starting hand #135 (id: a8wdq63yjh1o)  (No Limit Texas Hold'em) (dealer: ""Goml @ Bod7b088c-"") --",2023-05-13T20:36:22.451Z,168401018245100
"-- ending hand #134 --",2023-05-13T20:36:16.449Z,168401017644902
"""mp @ -DkySTil6a"" collected 7.00 from pot",2023-05-13T20:36:16.449Z,168401017644901
"Uncalled bet of 5.25 returned to ""mp @ -DkySTil6a""",2023-05-13T20:36:16.449Z,168401017644900
"""Goml @ Bod7b088c-"" folds",2023-05-13T20:36:15.625Z,168401017562500
"""mp @ -DkySTil6a"" bets 5.25",2023-05-13T20:36:13.253Z,168401017325300
"""Goml @ Bod7b088c-"" checks",2023-05-13T20:36:10.606Z,168401017060600
"Flop:  [A♠, 2♣, 7♥]",2023-05-13T20:36:09.122Z,168401016912200
"""mp @ -DkySTil6a"" calls 3.00",2023-05-13T20:36:08.253Z,168401016825300
"""JV @ mxbmy34bn7"" folds",2023-05-13T20:36:06.938Z,168401016693800
"""Goml @ Bod7b088c-"" raises to 3.00",2023-05-13T20:36:03.361Z,168401016336100
"""Dp @ YyWpODWXWx"" folds",2023-05-13T20:36:00.029Z,168401016002900
"""Phil @ fjzrNiYyv8"" folds",2023-05-13T20:35:59.044Z,168401015904400
"""mp @ -DkySTil6a"" calls 1.00",2023-05-13T20:35:58.054Z,168401015805400
"""Aiden A @ XREWYWn-gd"" folds",2023-05-13T20:35:55.582Z,168401015558200
"""JV @ mxbmy34bn7"" posts a big blind of 1.00",2023-05-13T20:35:54.088Z,168401015408809
"""Goml @ Bod7b088c-"" posts a small blind of 0.50",2023-05-13T20:35:54.088Z,168401015408808
"Player stacks: #2 ""Dp @ YyWpODWXWx"" (81.25) | #5 ""Goml @ Bod7b088c-"" (185.12) | #6 ""JV @ mxbmy34bn7"" (240.48) | #8 ""Aiden A @ XREWYWn-gd"" (386.62) | #9 ""mp @ -DkySTil6a"" (198.76) | #10 ""Phil @ fjzrNiYyv8"" (153.50)",2023-05-13T20:35:54.088Z,168401015408801
"-- starting hand #134 (id: fxr5xcfmxr6r)  (No Limit Texas Hold'em) (dealer: ""Dp @ YyWpODWXWx"") --",2023-05-13T20:35:54.088Z,168401015408800
"-- ending hand #133 --",2023-05-13T20:35:48.086Z,168401014808603
"""Goml @ Bod7b088c-"" shows a K♥, 6♠.",2023-05-13T20:35:48.086Z,168401014808602
"""JV @ mxbmy34bn7"" collected 5.00 from pot with Two Pair, A's & 7's (combination: A♠, A♥, 7♥, 7♠, 4♥)",2023-05-13T20:35:48.086Z,168401014808601
"""JV @ mxbmy34bn7"" shows a 4♥, 7♥.",2023-05-13T20:35:48.086Z,168401014808600
"""JV @ mxbmy34bn7"" calls 1.00",2023-05-13T20:35:47.263Z,168401014726300
"""Goml @ Bod7b088c-"" bets 1.00",2023-05-13T20:35:45.187Z,168401014518700
"River: 7♠, 3♣, A♠, A♥ [3♦]",2023-05-13T20:35:41.810Z,168401014181000
"""JV @ mxbmy34bn7"" checks",2023-05-13T20:35:40.990Z,168401014099000
"""Goml @ Bod7b088c-"" checks",2023-05-13T20:35:39.847Z,168401013984700
"Turn: 7♠, 3♣, A♠ [A♥]",2023-05-13T20:35:38.455Z,168401013845500
"""JV @ mxbmy34bn7"" checks",2023-05-13T20:35:37.613Z,168401013761300
"""Goml @ Bod7b088c-"" checks",2023-05-13T20:35:35.477Z,168401013547700
"Flop:  [7♠, 3♣, A♠]",2023-05-13T20:35:33.724Z,168401013372400
"""Goml @ Bod7b088c-"" checks",2023-05-13T20:35:32.914Z,168401013291400
"""Dp @ YyWpODWXWx"" folds",2023-05-13T20:35:32.015Z,168401013201500
"""Phil @ fjzrNiYyv8"" folds",2023-05-13T20:35:31.092Z,168401013109200
"""mp @ -DkySTil6a"" folds",2023-05-13T20:35:29.930Z,168401012993000
"""Aiden A @ XREWYWn-gd"" folds",2023-05-13T20:35:28.758Z,168401012875800
"""JV @ mxbmy34bn7"" checks",2023-05-13T20:35:27.751Z,168401012775100
"""JV @ mxbmy34bn7"" posts a missed big blind of 1.00",2023-05-13T20:35:25.383Z,168401012538312
"""JV @ mxbmy34bn7"" posts a missing small blind of 0.50",2023-05-13T20:35:25.383Z,168401012538311
"""Goml @ Bod7b088c-"" posts a big blind of 1.00",2023-05-13T20:35:25.383Z,168401012538310
"""Dp @ YyWpODWXWx"" posts a small blind of 0.50",2023-05-13T20:35:25.383Z,168401012538309
"Player stacks: #2 ""Dp @ YyWpODWXWx"" (81.75) | #5 ""Goml @ Bod7b088c-"" (187.12) | #6 ""JV @ mxbmy34bn7"" (237.98) | #8 ""Aiden A @ XREWYWn-gd"" (386.62) | #9 ""mp @ -DkySTil6a"" (198.76) | #10 ""Phil @ fjzrNiYyv8"" (153.50)",2023-05-13T20:35:25.383Z,168401012538302
"-- starting hand #133 (id: w8f2brwr0ctt)  (No Limit Texas Hold'em) (dealer: ""Phil @ fjzrNiYyv8"") --",2023-05-13T20:35:25.383Z,168401012538301
"The player ""JV @ mxbmy34bn7"" joined the game with a stack of 237.98.",2023-05-13T20:35:25.383Z,168401012538300
"The player ""JV @ mxbmy34bn7"" sit back with the stack of 237.98.",2023-05-13T20:35:22.564Z,168401012256400
"-- ending hand #132 --",2023-05-13T20:35:22.448Z,168401012244802
"""Goml @ Bod7b088c-"" collected 46.00 from pot",2023-05-13T20:35:22.448Z,168401012244801
"Uncalled bet of 20.00 returned to ""Goml @ Bod7b088c-""",2023-05-13T20:35:22.448Z,168401012244800
"""Dp @ YyWpODWXWx"" folds",2023-05-13T20:35:21.605Z,168401012160500
"""Goml @ Bod7b088c-"" bets 20.00",2023-05-13T20:34:37.976Z,168401007797600
"""Dp @ YyWpODWXWx"" checks",2023-05-13T20:34:33.034Z,168401007303400
"River: 7♥, A♣, J♠, A♦ [3♦]",2023-05-13T20:34:27.918Z,168401006791800
"""Dp @ YyWpODWXWx"" calls 10.50",2023-05-13T20:34:27.085Z,168401006708500
"""Goml @ Bod7b088c-"" bets 10.50",2023-05-13T20:34:25.373Z,168401006537300
"""Dp @ YyWpODWXWx"" checks",2023-05-13T20:34:20.415Z,168401006041500
"Turn: 7♥, A♣, J♠ [A♦]",2023-05-13T20:34:18.623Z,168401005862300
"""Dp @ YyWpODWXWx"" calls 6.25",2023-05-13T20:34:17.806Z,168401005780600
"""mp @ -DkySTil6a"" folds",2023-05-13T20:34:16.584Z,168401005658400
"""Goml @ Bod7b088c-"" bets 6.25",2023-05-13T20:34:15.017Z,168401005501700
"""Dp @ YyWpODWXWx"" checks",2023-05-13T20:34:11.407Z,168401005140700
"Flop:  [7♥, A♣, J♠]",2023-05-13T20:34:09.007Z,168401004900700
"""Dp @ YyWpODWXWx"" calls 4.00",2023-05-13T20:34:08.174Z,168401004817400
"""Phil @ fjzrNiYyv8"" folds",2023-05-13T20:34:06.920Z,168401004692000
"""mp @ -DkySTil6a"" calls 4.00",2023-05-13T20:34:05.844Z,168401004584400
"""Aiden A @ XREWYWn-gd"" folds",2023-05-13T20:34:03.264Z,168401004326400
"""Goml @ Bod7b088c-"" raises to 4.00",2023-05-13T20:34:02.240Z,168401004224000
"""Dp @ YyWpODWXWx"" posts a big blind of 1.00",2023-05-13T20:33:57.506Z,168401003750608
"""Phil @ fjzrNiYyv8"" posts a small blind of 0.50",2023-05-13T20:33:57.506Z,168401003750607
"Player stacks: #2 ""Dp @ YyWpODWXWx"" (102.50) | #5 ""Goml @ Bod7b088c-"" (161.87) | #8 ""Aiden A @ XREWYWn-gd"" (386.62) | #9 ""mp @ -DkySTil6a"" (202.76) | #10 ""Phil @ fjzrNiYyv8"" (154.00)",2023-05-13T20:33:57.506Z,168401003750601
"-- starting hand #132 (id: huodz2q9mhgu)  (No Limit Texas Hold'em) (dealer: ""mp @ -DkySTil6a"") --",2023-05-13T20:33:57.506Z,168401003750600
"-- ending hand #131 --",2023-05-13T20:33:54.588Z,168401003458802
"""Phil @ fjzrNiYyv8"" collected 7.50 from pot",2023-05-13T20:33:54.588Z,168401003458801
"Uncalled bet of 8.50 returned to ""Phil @ fjzrNiYyv8""",2023-05-13T20:33:54.588Z,168401003458800
"""Aiden A @ XREWYWn-gd"" folds",2023-05-13T20:33:53.736Z,168401003373600
"""Phil @ fjzrNiYyv8"" bets 8.50",2023-05-13T20:33:52.136Z,168401003213600
"River: 7♦, 3♥, 5♦, 6♣ [8♣]",2023-05-13T20:33:47.892Z,168401002789200
"""Aiden A @ XREWYWn-gd"" checks",2023-05-13T20:33:47.046Z,168401002704600
"""Phil @ fjzrNiYyv8"" checks",2023-05-13T20:33:45.849Z,168401002584900
"Turn: 7♦, 3♥, 5♦ [6♣]",2023-05-13T20:33:44.964Z,168401002496400
"""Aiden A @ XREWYWn-gd"" checks",2023-05-13T20:33:44.115Z,168401002411500
"""Phil @ fjzrNiYyv8"" checks",2023-05-13T20:33:43.022Z,168401002302200
"Flop:  [7♦, 3♥, 5♦]",2023-05-13T20:33:41.995Z,168401002199500
"""Phil @ fjzrNiYyv8"" calls 3.50",2023-05-13T20:33:41.172Z,168401002117200
"""mp @ -DkySTil6a"" folds",2023-05-13T20:33:39.613Z,168401001961300
"""Aiden A @ XREWYWn-gd"" raises to 3.50",2023-05-13T20:33:38.587Z,168401001858700
"""Goml @ Bod7b088c-"" folds",2023-05-13T20:33:35.812Z,168401001581200
"""Dp @ YyWpODWXWx"" folds",2023-05-13T20:33:32.527Z,168401001252700
"""Phil @ fjzrNiYyv8"" posts a big blind of 1.00",2023-05-13T20:33:30.136Z,168401001013608
"""mp @ -DkySTil6a"" posts a small blind of 0.50",2023-05-13T20:33:30.136Z,168401001013607
"Player stacks: #2 ""Dp @ YyWpODWXWx"" (102.50) | #5 ""Goml @ Bod7b088c-"" (161.87) | #8 ""Aiden A @ XREWYWn-gd"" (390.12) | #9 ""mp @ -DkySTil6a"" (203.26) | #10 ""Phil @ fjzrNiYyv8"" (150.00)",2023-05-13T20:33:30.136Z,168401001013601
"-- starting hand #131 (id: rkk6hawmfl5i)  (No Limit Texas Hold'em) (dealer: ""Aiden A @ XREWYWn-gd"") --",2023-05-13T20:33:30.136Z,168401001013600
"-- ending hand #130 --",2023-05-13T20:33:24.178Z,168401000417802
"""Phil @ fjzrNiYyv8"" collected 12.00 from pot",2023-05-13T20:33:24.178Z,168401000417801
"Uncalled bet of 6.00 returned to ""Phil @ fjzrNiYyv8""",2023-05-13T20:33:24.178Z,168401000417800
"""mp @ -DkySTil6a"" folds",2023-05-13T20:33:23.372Z,168401000337200
"""Aiden A @ XREWYWn-gd"" folds",2023-05-13T20:33:20.045Z,168401000004500
"""Goml @ Bod7b088c-"" folds",2023-05-13T20:33:17.813Z,168400999781300
"""Phil @ fjzrNiYyv8"" bets 6.00",2023-05-13T20:33:16.858Z,168400999685800
"""mp @ -DkySTil6a"" checks",2023-05-13T20:33:14.306Z,168400999430600
"""Aiden A @ XREWYWn-gd"" checks",2023-05-13T20:33:13.416Z,168400999341600
"Flop:  [2♥, 7♣, J♠]",2023-05-13T20:33:11.773Z,168400999177300
"""mp @ -DkySTil6a"" calls 3.00",2023-05-13T20:33:10.927Z,168400999092700
"""Aiden A @ XREWYWn-gd"" calls 3.00",2023-05-13T20:33:09.586Z,168400998958600
"""Goml @ Bod7b088c-"" calls 3.00",2023-05-13T20:33:07.611Z,168400998761100
"""Dp @ YyWpODWXWx"" folds",2023-05-13T20:33:05.846Z,168400998584600
"""Phil @ fjzrNiYyv8"" raises to 3.00",2023-05-13T20:33:02.616Z,168400998261600
"""mp @ -DkySTil6a"" posts a big blind of 1.00",2023-05-13T20:33:00.081Z,168400998008108
"""Aiden A @ XREWYWn-gd"" posts a small blind of 0.50",2023-05-13T20:33:00.081Z,168400998008107
"Player stacks: #2 ""Dp @ YyWpODWXWx"" (102.50) | #5 ""Goml @ Bod7b088c-"" (164.87) | #8 ""Aiden A @ XREWYWn-gd"" (393.12) | #9 ""mp @ -DkySTil6a"" (206.26) | #10 ""Phil @ fjzrNiYyv8"" (141.00)",2023-05-13T20:33:00.081Z,168400998008101
"-- starting hand #130 (id: znpeexj9owhv)  (No Limit Texas Hold'em) (dealer: ""Goml @ Bod7b088c-"") --",2023-05-13T20:33:00.081Z,168400998008100
"-- ending hand #129 --",2023-05-13T20:32:54.163Z,168400997416302
"""Goml @ Bod7b088c-"" collected 69.00 from pot",2023-05-13T20:32:54.163Z,168400997416301
"Uncalled bet of 35.50 returned to ""Goml @ Bod7b088c-""",2023-05-13T20:32:54.163Z,168400997416300
"""Phil @ fjzrNiYyv8"" folds",2023-05-13T20:32:53.354Z,168400997335400
"""Goml @ Bod7b088c-"" bets 35.50",2023-05-13T20:32:43.493Z,168400996349300
"Flop:  [5♣, 10♦, 4♥]",2023-05-13T20:32:37.948Z,168400995794800
"""Goml @ Bod7b088c-"" calls 34.00",2023-05-13T20:32:37.048Z,168400995704800
"""Phil @ fjzrNiYyv8"" raises to 34.00",2023-05-13T20:32:33.463Z,168400995346300
"""Aiden A @ XREWYWn-gd"" folds",2023-05-13T20:32:28.576Z,168400994857600
"""Goml @ Bod7b088c-"" raises to 12.00",2023-05-13T20:32:27.523Z,168400994752300
"""Dp @ YyWpODWXWx"" folds",2023-05-13T20:32:24.286Z,168400994428600
"""Phil @ fjzrNiYyv8"" raises to 3.00",2023-05-13T20:32:20.166Z,168400994016600
"""mp @ -DkySTil6a"" folds",2023-05-13T20:32:17.884Z,168400993788400
"""Aiden A @ XREWYWn-gd"" posts a big blind of 1.00",2023-05-13T20:32:16.733Z,168400993673308
"""Goml @ Bod7b088c-"" posts a small blind of 0.50",2023-05-13T20:32:16.733Z,168400993673307
"Player stacks: #2 ""Dp @ YyWpODWXWx"" (102.50) | #5 ""Goml @ Bod7b088c-"" (129.87) | #8 ""Aiden A @ XREWYWn-gd"" (394.12) | #9 ""mp @ -DkySTil6a"" (206.26) | #10 ""Phil @ fjzrNiYyv8"" (175.00)",2023-05-13T20:32:16.733Z,168400993673301
"-- starting hand #129 (id: dlzomkk9vfp2)  (No Limit Texas Hold'em) (dealer: ""Dp @ YyWpODWXWx"") --",2023-05-13T20:32:16.733Z,168400993673300
"-- ending hand #128 --",2023-05-13T20:32:10.815Z,168400993081502
"""Phil @ fjzrNiYyv8"" collected 2.50 from pot",2023-05-13T20:32:10.815Z,168400993081501
"Uncalled bet of 2.00 returned to ""Phil @ fjzrNiYyv8""",2023-05-13T20:32:10.815Z,168400993081500
"""Goml @ Bod7b088c-"" folds",2023-05-13T20:32:09.977Z,168400992997700
"""Dp @ YyWpODWXWx"" folds",2023-05-13T20:32:09.046Z,168400992904600
"""Phil @ fjzrNiYyv8"" raises to 3.00",2023-05-13T20:32:08.097Z,168400992809700
"""mp @ -DkySTil6a"" folds",2023-05-13T20:32:05.919Z,168400992591900
"""Aiden A @ XREWYWn-gd"" folds",2023-05-13T20:32:04.955Z,168400992495500
"""Goml @ Bod7b088c-"" posts a big blind of 1.00",2023-05-13T20:32:03.589Z,168400992358908
"""Dp @ YyWpODWXWx"" posts a small blind of 0.50",2023-05-13T20:32:03.589Z,168400992358907
"Player stacks: #2 ""Dp @ YyWpODWXWx"" (103.00) | #5 ""Goml @ Bod7b088c-"" (130.87) | #8 ""Aiden A @ XREWYWn-gd"" (394.12) | #9 ""mp @ -DkySTil6a"" (206.26) | #10 ""Phil @ fjzrNiYyv8"" (173.50)",2023-05-13T20:32:03.589Z,168400992358901
"-- starting hand #128 (id: am5tzmmljiwj)  (No Limit Texas Hold'em) (dealer: ""Phil @ fjzrNiYyv8"") --",2023-05-13T20:32:03.589Z,168400992358900
"-- ending hand #127 --",2023-05-13T20:32:00.670Z,168400992067002
"""mp @ -DkySTil6a"" collected 66.00 from pot",2023-05-13T20:32:00.670Z,168400992067001
"Uncalled bet of 100.00 returned to ""mp @ -DkySTil6a""",2023-05-13T20:32:00.670Z,168400992067000
"""Phil @ fjzrNiYyv8"" folds",2023-05-13T20:31:59.785Z,168400991978500
"""mp @ -DkySTil6a"" bets 100.00",2023-05-13T20:31:58.147Z,168400991814700
"""Phil @ fjzrNiYyv8"" checks",2023-05-13T20:31:47.156Z,168400990715600
"River: Q♦, 10♣, 5♠, 9♦ [K♦]",2023-05-13T20:31:45.261Z,168400990526100
"""mp @ -DkySTil6a"" checks",2023-05-13T20:31:44.446Z,168400990444600
"""Phil @ fjzrNiYyv8"" checks",2023-05-13T20:31:26.549Z,168400988654900
"Turn: Q♦, 10♣, 5♠ [9♦]",2023-05-13T20:31:24.122Z,168400988412200
"""mp @ -DkySTil6a"" calls 16.50",2023-05-13T20:31:23.294Z,168400988329400
"""Phil @ fjzrNiYyv8"" bets 16.50",2023-05-13T20:31:19.374Z,168400987937400
"Flop:  [Q♦, 10♣, 5♠]",2023-05-13T20:31:15.711Z,168400987571100
"""mp @ -DkySTil6a"" calls 15.50",2023-05-13T20:31:14.852Z,168400987485200
"""Goml @ Bod7b088c-"" folds",2023-05-13T20:31:10.768Z,168400987076800
"""Dp @ YyWpODWXWx"" folds",2023-05-13T20:31:08.915Z,168400986891500
"""Phil @ fjzrNiYyv8"" raises to 15.50",2023-05-13T20:31:07.991Z,168400986799100
"""mp @ -DkySTil6a"" raises to 4.50",2023-05-13T20:31:03.205Z,168400986320500
"""Aiden A @ XREWYWn-gd"" folds",2023-05-13T20:30:59.069Z,168400985906900
"""Goml @ Bod7b088c-"" calls 1.00",2023-05-13T20:30:58.028Z,168400985802800
"""Dp @ YyWpODWXWx"" posts a big blind of 1.00",2023-05-13T20:30:55.880Z,168400985588008
"""Phil @ fjzrNiYyv8"" posts a small blind of 0.50",2023-05-13T20:30:55.880Z,168400985588007
"Player stacks: #2 ""Dp @ YyWpODWXWx"" (104.00) | #5 ""Goml @ Bod7b088c-"" (131.87) | #8 ""Aiden A @ XREWYWn-gd"" (394.12) | #9 ""mp @ -DkySTil6a"" (172.26) | #10 ""Phil @ fjzrNiYyv8"" (205.50)",2023-05-13T20:30:55.880Z,168400985588001
"-- starting hand #127 (id: euiygy0c6zed)  (No Limit Texas Hold'em) (dealer: ""mp @ -DkySTil6a"") --",2023-05-13T20:30:55.880Z,168400985588000
"-- ending hand #126 --",2023-05-13T20:30:49.959Z,168400984995902
"""Dp @ YyWpODWXWx"" collected 24.50 from pot",2023-05-13T20:30:49.959Z,168400984995901
"Uncalled bet of 12.25 returned to ""Dp @ YyWpODWXWx""",2023-05-13T20:30:49.959Z,168400984995900
"""Phil @ fjzrNiYyv8"" folds",2023-05-13T20:30:49.088Z,168400984908800
"""Aiden A @ XREWYWn-gd"" folds",2023-05-13T20:30:48.109Z,168400984810900
"""Goml @ Bod7b088c-"" folds",2023-05-13T20:30:46.992Z,168400984699200
"""Dp @ YyWpODWXWx"" bets 12.25",2023-05-13T20:30:45.765Z,168400984576500
"""Phil @ fjzrNiYyv8"" checks",2023-05-13T20:30:41.498Z,168400984149800
"Flop:  [3♠, 6♦, J♣]",2023-05-13T20:30:39.668Z,168400983966800
"""Aiden A @ XREWYWn-gd"" calls 6.00",2023-05-13T20:30:38.839Z,168400983883900
"""Goml @ Bod7b088c-"" calls 6.00",2023-05-13T20:30:37.199Z,168400983719900
"""Dp @ YyWpODWXWx"" calls 6.00",2023-05-13T20:30:33.366Z,168400983336600
"""Phil @ fjzrNiYyv8"" raises to 6.00",2023-05-13T20:30:32.016Z,168400983201600
"""mp @ -DkySTil6a"" folds",2023-05-13T20:30:27.394Z,168400982739400
"""Aiden A @ XREWYWn-gd"" calls 1.00",2023-05-13T20:30:26.491Z,168400982649100
"""Goml @ Bod7b088c-"" calls 1.00",2023-05-13T20:30:24.515Z,168400982451500
"""Dp @ YyWpODWXWx"" calls 1.00",2023-05-13T20:30:17.580Z,168400981758000
"""Phil @ fjzrNiYyv8"" posts a big blind of 1.00",2023-05-13T20:30:16.136Z,168400981613608
"""mp @ -DkySTil6a"" posts a small blind of 0.50",2023-05-13T20:30:16.136Z,168400981613607
"Player stacks: #2 ""Dp @ YyWpODWXWx"" (85.50) | #5 ""Goml @ Bod7b088c-"" (137.87) | #8 ""Aiden A @ XREWYWn-gd"" (400.12) | #9 ""mp @ -DkySTil6a"" (172.76) | #10 ""Phil @ fjzrNiYyv8"" (211.50)",2023-05-13T20:30:16.136Z,168400981613601
"-- starting hand #126 (id: cd3nlgddyz2y)  (No Limit Texas Hold'em) (dealer: ""Aiden A @ XREWYWn-gd"") --",2023-05-13T20:30:16.136Z,168400981613600
"-- ending hand #125 --",2023-05-13T20:30:10.130Z,168400981013002
"""Dp @ YyWpODWXWx"" collected 8.00 from pot",2023-05-13T20:30:10.130Z,168400981013001
"Uncalled bet of 8.00 returned to ""Dp @ YyWpODWXWx""",2023-05-13T20:30:10.130Z,168400981013000
"""Aiden A @ XREWYWn-gd"" folds",2023-05-13T20:30:09.262Z,168400980926200
"""Dp @ YyWpODWXWx"" bets 8.00",2023-05-13T20:30:08.126Z,168400980812600
"""Aiden A @ XREWYWn-gd"" checks",2023-05-13T20:30:05.211Z,168400980521100
"Turn: K♥, 7♦, K♣ [2♦]",2023-05-13T20:30:02.754Z,168400980275400
"""Dp @ YyWpODWXWx"" checks",2023-05-13T20:30:01.859Z,168400980185900
"""Aiden A @ XREWYWn-gd"" checks",2023-05-13T20:29:58.181Z,168400979818100
"Flop:  [K♥, 7♦, K♣]",2023-05-13T20:29:56.623Z,168400979662300
"""mp @ -DkySTil6a"" folds",2023-05-13T20:29:55.763Z,168400979576300
"""Aiden A @ XREWYWn-gd"" calls 3.50",2023-05-13T20:29:54.796Z,168400979479600
"""Goml @ Bod7b088c-"" folds",2023-05-13T20:29:47.492Z,168400978749200
"""Dp @ YyWpODWXWx"" raises to 3.50",2023-05-13T20:29:46.527Z,168400978652700
"""Phil @ fjzrNiYyv8"" folds",2023-05-13T20:29:44.058Z,168400978405800
"""mp @ -DkySTil6a"" posts a big blind of 1.00",2023-05-13T20:29:42.009Z,168400978200908
"""Aiden A @ XREWYWn-gd"" posts a small blind of 0.50",2023-05-13T20:29:42.009Z,168400978200907
"Player stacks: #2 ""Dp @ YyWpODWXWx"" (81.00) | #5 ""Goml @ Bod7b088c-"" (137.87) | #8 ""Aiden A @ XREWYWn-gd"" (403.62) | #9 ""mp @ -DkySTil6a"" (173.76) | #10 ""Phil @ fjzrNiYyv8"" (211.50)",2023-05-13T20:29:42.009Z,168400978200901
"-- starting hand #125 (id: c9zayci7vz25)  (No Limit Texas Hold'em) (dealer: ""Goml @ Bod7b088c-"") --",2023-05-13T20:29:42.009Z,168400978200900
"-- ending hand #124 --",2023-05-13T20:29:36.000Z,168400977600002
"""Phil @ fjzrNiYyv8"" collected 2.50 from pot",2023-05-13T20:29:36.000Z,168400977600001
"Uncalled bet of 2.00 returned to ""Phil @ fjzrNiYyv8""",2023-05-13T20:29:36.000Z,168400977600000
"""Aiden A @ XREWYWn-gd"" folds",2023-05-13T20:29:35.159Z,168400977515900
"""Goml @ Bod7b088c-"" folds",2023-05-13T20:29:34.070Z,168400977407000
"""Dp @ YyWpODWXWx"" folds",2023-05-13T20:29:33.115Z,168400977311500
"""Phil @ fjzrNiYyv8"" raises to 3.00",2023-05-13T20:29:32.053Z,168400977205300
"""mp @ -DkySTil6a"" folds",2023-05-13T20:29:29.553Z,168400976955300
"""Aiden A @ XREWYWn-gd"" posts a big blind of 1.00",2023-05-13T20:29:28.160Z,168400976816009
"""Goml @ Bod7b088c-"" posts a small blind of 0.50",2023-05-13T20:29:28.160Z,168400976816008
"Player stacks: #2 ""Dp @ YyWpODWXWx"" (81.00) | #5 ""Goml @ Bod7b088c-"" (138.37) | #8 ""Aiden A @ XREWYWn-gd"" (404.62) | #9 ""mp @ -DkySTil6a"" (173.76) | #10 ""Phil @ fjzrNiYyv8"" (210.00)",2023-05-13T20:29:28.160Z,168400976816002
"-- starting hand #124 (id: gme1k1e4h8yd)  (No Limit Texas Hold'em) (dealer: ""Dp @ YyWpODWXWx"") --",2023-05-13T20:29:28.160Z,168400976816001
"The player ""Phil @ fjzrNiYyv8"" joined the game with a stack of 210.00.",2023-05-13T20:29:28.160Z,168400976816000
"-- ending hand #123 --",2023-05-13T20:29:22.155Z,168400976215502
"""Goml @ Bod7b088c-"" collected 1.00 from pot",2023-05-13T20:29:22.155Z,168400976215501
"Uncalled bet of 0.50 returned to ""Goml @ Bod7b088c-""",2023-05-13T20:29:22.155Z,168400976215500
"""Dp @ YyWpODWXWx"" folds",2023-05-13T20:29:21.335Z,168400976133500
"""mp @ -DkySTil6a"" folds",2023-05-13T20:29:06.664Z,168400974666400
"""Aiden A @ XREWYWn-gd"" folds",2023-05-13T20:29:05.750Z,168400974575000
"""Goml @ Bod7b088c-"" posts a big blind of 1.00",2023-05-13T20:29:04.618Z,168400974461807
"""Dp @ YyWpODWXWx"" posts a small blind of 0.50",2023-05-13T20:29:04.618Z,168400974461806
"Player stacks: #2 ""Dp @ YyWpODWXWx"" (81.50) | #5 ""Goml @ Bod7b088c-"" (137.87) | #8 ""Aiden A @ XREWYWn-gd"" (404.62) | #9 ""mp @ -DkySTil6a"" (173.76)",2023-05-13T20:29:04.618Z,168400974461801
"-- starting hand #123 (id: ga4lhgg2qx4n)  (No Limit Texas Hold'em) (dealer: ""mp @ -DkySTil6a"") --",2023-05-13T20:29:04.618Z,168400974461800
"-- ending hand #122 --",2023-05-13T20:28:58.670Z,168400973867002
"""Dp @ YyWpODWXWx"" collected 1.00 from pot",2023-05-13T20:28:58.670Z,168400973867001
"Uncalled bet of 0.50 returned to ""Dp @ YyWpODWXWx""",2023-05-13T20:28:58.670Z,168400973867000
"""mp @ -DkySTil6a"" folds",2023-05-13T20:28:57.855Z,168400973785500
"The admin approved the player ""Phil @ fjzrNiYyv8"" participation with a stack of 210.00.",2023-05-13T20:28:55.104Z,168400973510400
"The player ""Phil @ fjzrNiYyv8"" requested a seat.",2023-05-13T20:28:51.675Z,168400973167500
"""Aiden A @ XREWYWn-gd"" folds",2023-05-13T20:28:50.309Z,168400973030900
"""Goml @ Bod7b088c-"" folds",2023-05-13T20:28:49.346Z,168400972934600
"""Dp @ YyWpODWXWx"" posts a big blind of 1.00",2023-05-13T20:28:45.366Z,168400972536607
"""mp @ -DkySTil6a"" posts a small blind of 0.50",2023-05-13T20:28:45.366Z,168400972536606
"Player stacks: #2 ""Dp @ YyWpODWXWx"" (81.00) | #5 ""Goml @ Bod7b088c-"" (137.87) | #8 ""Aiden A @ XREWYWn-gd"" (404.62) | #9 ""mp @ -DkySTil6a"" (174.26)",2023-05-13T20:28:45.366Z,168400972536601
"-- starting hand #122 (id: ifwc4171xmij)  (No Limit Texas Hold'em) (dealer: ""Aiden A @ XREWYWn-gd"") --",2023-05-13T20:28:45.366Z,168400972536600
"-- ending hand #121 --",2023-05-13T20:28:42.452Z,168400972245202
"""Dp @ YyWpODWXWx"" collected 3.00 from pot",2023-05-13T20:28:42.452Z,168400972245201
"Uncalled bet of 7.00 returned to ""Dp @ YyWpODWXWx""",2023-05-13T20:28:42.452Z,168400972245200
"""mp @ -DkySTil6a"" folds",2023-05-13T20:28:41.585Z,168400972158500
"""Aiden A @ XREWYWn-gd"" folds",2023-05-13T20:28:39.222Z,168400971922200
"""Dp @ YyWpODWXWx"" bets 7.00",2023-05-13T20:28:38.328Z,168400971832800
"""mp @ -DkySTil6a"" checks",2023-05-13T20:28:32.984Z,168400971298400
"""Aiden A @ XREWYWn-gd"" checks",2023-05-13T20:28:29.166Z,168400970916600
"River: 5♥, 5♦, 10♠, A♥ [Q♠]",2023-05-13T20:28:27.752Z,168400970775200
"""Dp @ YyWpODWXWx"" checks",2023-05-13T20:28:26.925Z,168400970692500
"""mp @ -DkySTil6a"" checks",2023-05-13T20:28:25.749Z,168400970574900
"""Aiden A @ XREWYWn-gd"" checks",2023-05-13T20:28:24.764Z,168400970476400
"Turn: 5♥, 5♦, 10♠ [A♥]",2023-05-13T20:28:22.748Z,168400970274800
"""Dp @ YyWpODWXWx"" checks",2023-05-13T20:28:21.897Z,168400970189700
"""mp @ -DkySTil6a"" checks",2023-05-13T20:28:15.813Z,168400969581300
"""Aiden A @ XREWYWn-gd"" checks",2023-05-13T20:28:14.866Z,168400969486600
"Flop:  [5♥, 5♦, 10♠]",2023-05-13T20:28:13.460Z,168400969346000
"""mp @ -DkySTil6a"" checks",2023-05-13T20:28:12.642Z,168400969264200
"""Aiden A @ XREWYWn-gd"" calls 1.00",2023-05-13T20:28:09.587Z,168400968958700
"""Goml @ Bod7b088c-"" folds",2023-05-13T20:28:06.319Z,168400968631900
"""Dp @ YyWpODWXWx"" calls 1.00",2023-05-13T20:28:05.407Z,168400968540700
"""mp @ -DkySTil6a"" posts a big blind of 1.00",2023-05-13T20:27:31.811Z,168400965181109
"""Aiden A @ XREWYWn-gd"" posts a small blind of 0.50",2023-05-13T20:27:31.811Z,168400965181108
"Player stacks: #2 ""Dp @ YyWpODWXWx"" (79.00) | #5 ""Goml @ Bod7b088c-"" (137.87) | #8 ""Aiden A @ XREWYWn-gd"" (405.62) | #9 ""mp @ -DkySTil6a"" (175.26)",2023-05-13T20:27:31.811Z,168400965181103
"-- starting hand #121 (id: bsne9hbgsqtl)  (No Limit Texas Hold'em) (dead button) --",2023-05-13T20:27:31.811Z,168400965181102
"The player ""Phil @ fjzrNiYyv8"" quits the game with a stack of 0.00.",2023-05-13T20:27:31.811Z,168400965181101
"The player ""JV @ mxbmy34bn7"" stand up with the stack of 237.98.",2023-05-13T20:27:31.811Z,168400965181100
"-- ending hand #120 --",2023-05-13T20:27:25.804Z,168400964580403
"""Phil @ fjzrNiYyv8"" shows a 10♥, 10♣.",2023-05-13T20:27:25.804Z,168400964580402
"""Aiden A @ XREWYWn-gd"" collected 348.00 from pot with Full House, Q's over 3's (combination: Q♣, Q♠, Q♦, 3♦, 3♥)",2023-05-13T20:27:25.804Z,168400964580401
"""Aiden A @ XREWYWn-gd"" shows a Q♣, Q♠.",2023-05-13T20:27:25.804Z,168400964580400
"""Aiden A @ XREWYWn-gd"" calls 138.13",2023-05-13T20:27:24.994Z,168400964499400
"""Phil @ fjzrNiYyv8"" raises to 138.13 and go all in",2023-05-13T20:27:23.538Z,168400964353800
"""Aiden A @ XREWYWn-gd"" bets 88.97",2023-05-13T20:27:16.232Z,168400963623200
"River: 8♥, 3♦, 3♥, Q♦ [10♦]",2023-05-13T20:27:08.321Z,168400962832100
"""Phil @ fjzrNiYyv8"" checks",2023-05-13T20:27:07.466Z,168400962746600
"""Aiden A @ XREWYWn-gd"" checks",2023-05-13T20:27:02.493Z,168400962249300
"Turn: 8♥, 3♦, 3♥ [Q♦]",2023-05-13T20:26:59.894Z,168400961989400
"""Phil @ fjzrNiYyv8"" calls 21.12",2023-05-13T20:26:59.068Z,168400961906800
"""Aiden A @ XREWYWn-gd"" bets 21.12",2023-05-13T20:26:52.894Z,168400961289400
"Flop:  [8♥, 3♦, 3♥]",2023-05-13T20:26:46.971Z,168400960697100
"""Phil @ fjzrNiYyv8"" calls 14.50",2023-05-13T20:26:46.074Z,168400960607400
"""Aiden A @ XREWYWn-gd"" raises to 14.50",2023-05-13T20:26:42.593Z,168400960259300
"""JV @ mxbmy34bn7"" folds",2023-05-13T20:26:36.235Z,168400959623500
"""Goml @ Bod7b088c-"" folds",2023-05-13T20:26:35.427Z,168400959542700
"""Dp @ YyWpODWXWx"" folds",2023-05-13T20:26:34.438Z,168400959443800
"""Phil @ fjzrNiYyv8"" raises to 3.00",2023-05-13T20:26:24.568Z,168400958456800
"""mp @ -DkySTil6a"" folds",2023-05-13T20:26:22.164Z,168400958216400
"""Aiden A @ XREWYWn-gd"" posts a big blind of 1.00",2023-05-13T20:26:20.753Z,168400958075309
"""JV @ mxbmy34bn7"" posts a small blind of 0.50",2023-05-13T20:26:20.753Z,168400958075308
"Player stacks: #2 ""Dp @ YyWpODWXWx"" (79.00) | #5 ""Goml @ Bod7b088c-"" (137.87) | #6 ""JV @ mxbmy34bn7"" (238.48) | #8 ""Aiden A @ XREWYWn-gd"" (231.37) | #9 ""mp @ -DkySTil6a"" (175.26) | #10 ""Phil @ fjzrNiYyv8"" (173.75)",2023-05-13T20:26:20.753Z,168400958075301
"-- starting hand #120 (id: ipegzddwzhad)  (No Limit Texas Hold'em) (dealer: ""Goml @ Bod7b088c-"") --",2023-05-13T20:26:20.753Z,168400958075300
"-- ending hand #119 --",2023-05-13T20:26:14.812Z,168400957481202
"""JV @ mxbmy34bn7"" collected 9.00 from pot",2023-05-13T20:26:14.812Z,168400957481201
"Uncalled bet of 8.75 returned to ""JV @ mxbmy34bn7""",2023-05-13T20:26:14.812Z,168400957481200
"""Goml @ Bod7b088c-"" folds",2023-05-13T20:26:14.006Z,168400957400600
"""Phil @ fjzrNiYyv8"" folds",2023-05-13T20:26:11.397Z,168400957139700
"""JV @ mxbmy34bn7"" raises to 11.75",2023-05-13T20:26:09.786Z,168400956978600
"""Goml @ Bod7b088c-"" calls 3.00",2023-05-13T20:26:01.644Z,168400956164400
"""Dp @ YyWpODWXWx"" folds",2023-05-13T20:25:55.335Z,168400955533500
"""Phil @ fjzrNiYyv8"" raises to 3.00",2023-05-13T20:25:54.434Z,168400955443400
"""mp @ -DkySTil6a"" folds",2023-05-13T20:25:52.099Z,168400955209900
"""Aiden A @ XREWYWn-gd"" folds",2023-05-13T20:25:51.240Z,168400955124000
"""JV @ mxbmy34bn7"" posts a big blind of 1.00",2023-05-13T20:25:50.047Z,168400955004709
"""Goml @ Bod7b088c-"" posts a small blind of 0.50",2023-05-13T20:25:50.047Z,168400955004708
"Player stacks: #2 ""Dp @ YyWpODWXWx"" (79.00) | #5 ""Goml @ Bod7b088c-"" (140.87) | #6 ""JV @ mxbmy34bn7"" (232.48) | #8 ""Aiden A @ XREWYWn-gd"" (231.37) | #9 ""mp @ -DkySTil6a"" (175.26) | #10 ""Phil @ fjzrNiYyv8"" (176.75)",2023-05-13T20:25:50.047Z,168400955004701
"-- starting hand #119 (id: ihtr9dvkdalj)  (No Limit Texas Hold'em) (dealer: ""Dp @ YyWpODWXWx"") --",2023-05-13T20:25:50.047Z,168400955004700
"-- ending hand #118 --",2023-05-13T20:25:44.112Z,168400954411202
"""Phil @ fjzrNiYyv8"" collected 2.50 from pot",2023-05-13T20:25:44.112Z,168400954411201
"Uncalled bet of 2.00 returned to ""Phil @ fjzrNiYyv8""",2023-05-13T20:25:44.112Z,168400954411200
"""Goml @ Bod7b088c-"" folds",2023-05-13T20:25:43.282Z,168400954328200
"""Dp @ YyWpODWXWx"" folds",2023-05-13T20:25:42.240Z,168400954224000
"""Phil @ fjzrNiYyv8"" raises to 3.00",2023-05-13T20:25:41.277Z,168400954127700
"""mp @ -DkySTil6a"" folds",2023-05-13T20:25:38.631Z,168400953863100
"""Aiden A @ XREWYWn-gd"" folds",2023-05-13T20:25:37.669Z,168400953766900
"""JV @ mxbmy34bn7"" folds",2023-05-13T20:25:36.675Z,168400953667500
"""Goml @ Bod7b088c-"" posts a big blind of 1.00",2023-05-13T20:25:33.222Z,168400953322209
"""Dp @ YyWpODWXWx"" posts a small blind of 0.50",2023-05-13T20:25:33.222Z,168400953322208
"Player stacks: #2 ""Dp @ YyWpODWXWx"" (79.50) | #5 ""Goml @ Bod7b088c-"" (141.87) | #6 ""JV @ mxbmy34bn7"" (232.48) | #8 ""Aiden A @ XREWYWn-gd"" (231.37) | #9 ""mp @ -DkySTil6a"" (175.26) | #10 ""Phil @ fjzrNiYyv8"" (175.25)",2023-05-13T20:25:33.222Z,168400953322201
"-- starting hand #118 (id: mpp7rt3sdbch)  (No Limit Texas Hold'em) (dealer: ""Phil @ fjzrNiYyv8"") --",2023-05-13T20:25:33.222Z,168400953322200
"-- ending hand #117 --",2023-05-13T20:25:27.247Z,168400952724702
"""Aiden A @ XREWYWn-gd"" collected 9.50 from pot",2023-05-13T20:25:27.247Z,168400952724701
"Uncalled bet of 4.75 returned to ""Aiden A @ XREWYWn-gd""",2023-05-13T20:25:27.247Z,168400952724700
"""JV @ mxbmy34bn7"" folds",2023-05-13T20:25:26.444Z,168400952644400
"""Aiden A @ XREWYWn-gd"" bets 4.75",2023-05-13T20:25:25.036Z,168400952503600
"""JV @ mxbmy34bn7"" checks",2023-05-13T20:25:20.660Z,168400952066000
"Flop:  [8♠, Q♠, 6♥]",2023-05-13T20:25:19.032Z,168400951903200
"""JV @ mxbmy34bn7"" calls 4.00",2023-05-13T20:25:18.223Z,168400951822300
"""Dp @ YyWpODWXWx"" folds",2023-05-13T20:25:16.689Z,168400951668900
"""Phil @ fjzrNiYyv8"" folds",2023-05-13T20:25:15.763Z,168400951576300
"""mp @ -DkySTil6a"" folds",2023-05-13T20:25:14.874Z,168400951487400
"""Aiden A @ XREWYWn-gd"" raises to 4.00",2023-05-13T20:25:14.016Z,168400951401600
"""JV @ mxbmy34bn7"" calls 1.00",2023-05-13T20:25:10.641Z,168400951064100
"""Goml @ Bod7b088c-"" folds",2023-05-13T20:25:08.248Z,168400950824800
"""Dp @ YyWpODWXWx"" posts a big blind of 1.00",2023-05-13T20:24:53.281Z,168400949328109
"""Phil @ fjzrNiYyv8"" posts a small blind of 0.50",2023-05-13T20:24:53.281Z,168400949328108
"Player stacks: #2 ""Dp @ YyWpODWXWx"" (80.50) | #5 ""Goml @ Bod7b088c-"" (141.87) | #6 ""JV @ mxbmy34bn7"" (236.48) | #8 ""Aiden A @ XREWYWn-gd"" (225.87) | #9 ""mp @ -DkySTil6a"" (175.26) | #10 ""Phil @ fjzrNiYyv8"" (175.75)",2023-05-13T20:24:53.281Z,168400949328101
"-- starting hand #117 (id: arogzmnfcqor)  (No Limit Texas Hold'em) (dealer: ""mp @ -DkySTil6a"") --",2023-05-13T20:24:53.281Z,168400949328100
"-- ending hand #116 --",2023-05-13T20:24:47.264Z,168400948726402
"""JV @ mxbmy34bn7"" collected 28.00 from pot with Pair, A's (combination: A♦, A♥, K♣, J♥, 10♠)",2023-05-13T20:24:47.264Z,168400948726401
"""JV @ mxbmy34bn7"" shows a A♦, J♥.",2023-05-13T20:24:47.264Z,168400948726400
"""Phil @ fjzrNiYyv8"" calls 7.50",2023-05-13T20:24:46.404Z,168400948640400
"""JV @ mxbmy34bn7"" bets 7.50",2023-05-13T20:24:44.530Z,168400948453000
"""Phil @ fjzrNiYyv8"" checks",2023-05-13T20:24:38.158Z,168400947815800
"River: 10♠, K♣, 8♣, 3♠ [A♥]",2023-05-13T20:24:36.513Z,168400947651300
"""JV @ mxbmy34bn7"" checks",2023-05-13T20:24:35.682Z,168400947568200
"""Phil @ fjzrNiYyv8"" checks",2023-05-13T20:24:31.600Z,168400947160000
"Turn: 10♠, K♣, 8♣ [3♠]",2023-05-13T20:24:30.360Z,168400947036000
"""Phil @ fjzrNiYyv8"" calls 3.25",2023-05-13T20:24:29.519Z,168400946951900
"""JV @ mxbmy34bn7"" bets 3.25",2023-05-13T20:24:26.862Z,168400946686200
"""Phil @ fjzrNiYyv8"" checks",2023-05-13T20:24:19.472Z,168400945947200
"Flop:  [10♠, K♣, 8♣]",2023-05-13T20:24:18.412Z,168400945841200
"""Phil @ fjzrNiYyv8"" calls 3.00",2023-05-13T20:24:17.563Z,168400945756300
"""mp @ -DkySTil6a"" folds",2023-05-13T20:24:11.184Z,168400945118400
"""Aiden A @ XREWYWn-gd"" folds",2023-05-13T20:24:10.318Z,168400945031800
"""JV @ mxbmy34bn7"" raises to 3.00",2023-05-13T20:24:09.198Z,168400944919800
"""Goml @ Bod7b088c-"" folds",2023-05-13T20:24:04.998Z,168400944499800
"""Dp @ YyWpODWXWx"" folds",2023-05-13T20:24:04.130Z,168400944413000
"""Phil @ fjzrNiYyv8"" posts a big blind of 1.00",2023-05-13T20:23:58.683Z,168400943868309
"""mp @ -DkySTil6a"" posts a small blind of 0.50",2023-05-13T20:23:58.683Z,168400943868308
"Player stacks: #2 ""Dp @ YyWpODWXWx"" (80.50) | #5 ""Goml @ Bod7b088c-"" (141.87) | #6 ""JV @ mxbmy34bn7"" (222.23) | #8 ""Aiden A @ XREWYWn-gd"" (225.87) | #9 ""mp @ -DkySTil6a"" (175.76) | #10 ""Phil @ fjzrNiYyv8"" (189.50)",2023-05-13T20:23:58.683Z,168400943868301
"-- starting hand #116 (id: jmffaa45x93o)  (No Limit Texas Hold'em) (dealer: ""Aiden A @ XREWYWn-gd"") --",2023-05-13T20:23:58.683Z,168400943868300
"-- ending hand #115 --",2023-05-13T20:23:52.726Z,168400943272602
"""Aiden A @ XREWYWn-gd"" collected 2.00 from pot",2023-05-13T20:23:52.726Z,168400943272601
"Uncalled bet of 2.00 returned to ""Aiden A @ XREWYWn-gd""",2023-05-13T20:23:52.726Z,168400943272600
"""mp @ -DkySTil6a"" folds",2023-05-13T20:23:51.900Z,168400943190000
"""Aiden A @ XREWYWn-gd"" raises to 3.00",2023-05-13T20:23:48.790Z,168400942879000
"""JV @ mxbmy34bn7"" folds",2023-05-13T20:23:45.426Z,168400942542600
"""Goml @ Bod7b088c-"" folds",2023-05-13T20:23:44.464Z,168400942446400
"""Dp @ YyWpODWXWx"" folds",2023-05-13T20:23:43.573Z,168400942357300
"""Phil @ fjzrNiYyv8"" folds",2023-05-13T20:23:20.519Z,168400940051900
"""mp @ -DkySTil6a"" posts a big blind of 1.00",2023-05-13T20:23:15.961Z,168400939596109
"""Aiden A @ XREWYWn-gd"" posts a small blind of 0.50",2023-05-13T20:23:15.961Z,168400939596108
"Player stacks: #2 ""Dp @ YyWpODWXWx"" (80.50) | #5 ""Goml @ Bod7b088c-"" (141.87) | #6 ""JV @ mxbmy34bn7"" (222.23) | #8 ""Aiden A @ XREWYWn-gd"" (224.87) | #9 ""mp @ -DkySTil6a"" (176.76) | #10 ""Phil @ fjzrNiYyv8"" (189.50)",2023-05-13T20:23:15.961Z,168400939596101
"-- starting hand #115 (id: ym2emxcs3zmj)  (No Limit Texas Hold'em) (dealer: ""JV @ mxbmy34bn7"") --",2023-05-13T20:23:15.961Z,168400939596100
"-- ending hand #114 --",2023-05-13T20:23:13.024Z,168400939302402
"""Aiden A @ XREWYWn-gd"" collected 2.50 from pot",2023-05-13T20:23:13.024Z,168400939302401
"Uncalled bet of 1.00 returned to ""Aiden A @ XREWYWn-gd""",2023-05-13T20:23:13.024Z,168400939302400
"""Goml @ Bod7b088c-"" folds",2023-05-13T20:23:12.167Z,168400939216700
"""Aiden A @ XREWYWn-gd"" bets 1.00",2023-05-13T20:23:11.274Z,168400939127400
"River: 4♠, 10♥, Q♥, 2♣ [K♥]",2023-05-13T20:23:08.800Z,168400938880000
"""Goml @ Bod7b088c-"" checks",2023-05-13T20:23:07.957Z,168400938795700
"""Aiden A @ XREWYWn-gd"" checks",2023-05-13T20:23:06.489Z,168400938648900
"Turn: 4♠, 10♥, Q♥ [2♣]",2023-05-13T20:23:05.151Z,168400938515100
"""Goml @ Bod7b088c-"" checks",2023-05-13T20:23:04.273Z,168400938427300
"""Aiden A @ XREWYWn-gd"" checks",2023-05-13T20:23:01.532Z,168400938153200
"Flop:  [4♠, 10♥, Q♥]",2023-05-13T20:22:59.946Z,168400937994600
"""Aiden A @ XREWYWn-gd"" checks",2023-05-13T20:22:59.104Z,168400937910400
"""JV @ mxbmy34bn7"" folds",2023-05-13T20:22:55.157Z,168400937515700
"""Goml @ Bod7b088c-"" calls 1.00",2023-05-13T20:22:54.239Z,168400937423900
"""Dp @ YyWpODWXWx"" folds",2023-05-13T20:22:53.362Z,168400937336200
"""Phil @ fjzrNiYyv8"" folds",2023-05-13T20:22:48.000Z,168400936800000
"""mp @ -DkySTil6a"" folds",2023-05-13T20:22:47.014Z,168400936701400
"""Aiden A @ XREWYWn-gd"" posts a big blind of 1.00",2023-05-13T20:22:45.339Z,168400936533909
"""JV @ mxbmy34bn7"" posts a small blind of 0.50",2023-05-13T20:22:45.339Z,168400936533908
"Player stacks: #2 ""Dp @ YyWpODWXWx"" (80.50) | #5 ""Goml @ Bod7b088c-"" (142.87) | #6 ""JV @ mxbmy34bn7"" (222.73) | #8 ""Aiden A @ XREWYWn-gd"" (223.37) | #9 ""mp @ -DkySTil6a"" (176.76) | #10 ""Phil @ fjzrNiYyv8"" (189.50)",2023-05-13T20:22:45.339Z,168400936533901
"-- starting hand #114 (id: bn2d6aad9syd)  (No Limit Texas Hold'em) (dealer: ""Goml @ Bod7b088c-"") --",2023-05-13T20:22:45.339Z,168400936533900
"-- ending hand #113 --",2023-05-13T20:22:39.326Z,168400935932603
"""Goml @ Bod7b088c-"" shows a A♦, J♣.",2023-05-13T20:22:39.326Z,168400935932602
"""mp @ -DkySTil6a"" collected 60.00 from pot with Two Pair, A's & 7's (combination: A♣, A♠, 7♣, 7♦, 10♦)",2023-05-13T20:22:39.326Z,168400935932601
"""mp @ -DkySTil6a"" shows a A♣, 7♣.",2023-05-13T20:22:39.326Z,168400935932600
"""Phil @ fjzrNiYyv8"" folds",2023-05-13T20:22:38.472Z,168400935847200
"""mp @ -DkySTil6a"" calls 16.00",2023-05-13T20:22:37.482Z,168400935748200
"""Goml @ Bod7b088c-"" bets 16.00",2023-05-13T20:22:31.207Z,168400935120700
"River: A♠, 4♣, 5♠, 10♦ [7♦]",2023-05-13T20:22:27.255Z,168400934725500
"""Phil @ fjzrNiYyv8"" checks",2023-05-13T20:22:26.394Z,168400934639400
"""mp @ -DkySTil6a"" checks",2023-05-13T20:22:25.346Z,168400934534600
"""Goml @ Bod7b088c-"" checks",2023-05-13T20:22:21.308Z,168400934130800
"Turn: A♠, 4♣, 5♠ [10♦]",2023-05-13T20:22:20.255Z,168400934025500
"""mp @ -DkySTil6a"" calls 5.00",2023-05-13T20:22:19.398Z,168400933939800
"""Goml @ Bod7b088c-"" calls 5.00",2023-05-13T20:22:17.853Z,168400933785300
"""Phil @ fjzrNiYyv8"" bets 5.00",2023-05-13T20:22:16.229Z,168400933622900
"""mp @ -DkySTil6a"" checks",2023-05-13T20:22:13.807Z,168400933380700
"""Goml @ Bod7b088c-"" checks",2023-05-13T20:22:12.249Z,168400933224900
"Flop:  [A♠, 4♣, 5♠]",2023-05-13T20:22:10.324Z,168400933032400
"""mp @ -DkySTil6a"" calls 4.00",2023-05-13T20:22:09.459Z,168400932945900
"""JV @ mxbmy34bn7"" folds",2023-05-13T20:22:08.049Z,168400932804900
"""Goml @ Bod7b088c-"" calls 4.00",2023-05-13T20:22:06.680Z,168400932668000
"""Dp @ YyWpODWXWx"" folds",2023-05-13T20:22:04.960Z,168400932496000
"""Phil @ fjzrNiYyv8"" raises to 4.00",2023-05-13T20:22:03.916Z,168400932391600
"""mp @ -DkySTil6a"" calls 1.00",2023-05-13T20:22:00.577Z,168400932057700
"""Aiden A @ XREWYWn-gd"" folds",2023-05-13T20:21:57.824Z,168400931782400
"""JV @ mxbmy34bn7"" posts a big blind of 1.00",2023-05-13T20:21:56.731Z,168400931673109
"""Goml @ Bod7b088c-"" posts a small blind of 0.50",2023-05-13T20:21:56.731Z,168400931673108
"Player stacks: #2 ""Dp @ YyWpODWXWx"" (80.50) | #5 ""Goml @ Bod7b088c-"" (167.87) | #6 ""JV @ mxbmy34bn7"" (223.73) | #8 ""Aiden A @ XREWYWn-gd"" (223.37) | #9 ""mp @ -DkySTil6a"" (141.76) | #10 ""Phil @ fjzrNiYyv8"" (198.50)",2023-05-13T20:21:56.731Z,168400931673101
"-- starting hand #113 (id: iwknj7q70ovr)  (No Limit Texas Hold'em) (dealer: ""Dp @ YyWpODWXWx"") --",2023-05-13T20:21:56.731Z,168400931673100
"-- ending hand #112 --",2023-05-13T20:21:50.822Z,168400931082202
"""JV @ mxbmy34bn7"" collected 18.00 from pot",2023-05-13T20:21:50.822Z,168400931082201
"Uncalled bet of 9.00 returned to ""JV @ mxbmy34bn7""",2023-05-13T20:21:50.822Z,168400931082200
"""Goml @ Bod7b088c-"" folds",2023-05-13T20:21:49.946Z,168400930994600
"""JV @ mxbmy34bn7"" bets 9.00",2023-05-13T20:21:49.045Z,168400930904500
"""Goml @ Bod7b088c-"" checks",2023-05-13T20:21:41.722Z,168400930172200
"Turn: J♣, 3♦, 2♣ [6♠]",2023-05-13T20:21:40.620Z,168400930062000
"""Goml @ Bod7b088c-"" calls 4.50",2023-05-13T20:21:39.773Z,168400929977300
"""Dp @ YyWpODWXWx"" folds",2023-05-13T20:21:38.569Z,168400929856900
"""JV @ mxbmy34bn7"" bets 4.50",2023-05-13T20:21:21.933Z,168400928193300
"""Goml @ Bod7b088c-"" checks",2023-05-13T20:21:15.951Z,168400927595100
"""Dp @ YyWpODWXWx"" checks",2023-05-13T20:21:14.929Z,168400927492900
"Flop:  [J♣, 3♦, 2♣]",2023-05-13T20:21:12.882Z,168400927288200
"""Goml @ Bod7b088c-"" calls 3.00",2023-05-13T20:21:12.052Z,168400927205200
"""Dp @ YyWpODWXWx"" calls 3.00",2023-05-13T20:21:10.606Z,168400927060600
"""Phil @ fjzrNiYyv8"" folds",2023-05-13T20:21:09.383Z,168400926938300
"""mp @ -DkySTil6a"" folds",2023-05-13T20:21:08.286Z,168400926828600
"""Aiden A @ XREWYWn-gd"" folds",2023-05-13T20:21:07.250Z,168400926725000
"""JV @ mxbmy34bn7"" raises to 3.00",2023-05-13T20:21:05.983Z,168400926598300
"""Goml @ Bod7b088c-"" posts a big blind of 1.00",2023-05-13T20:21:02.149Z,168400926214909
"""Dp @ YyWpODWXWx"" posts a small blind of 0.50",2023-05-13T20:21:02.149Z,168400926214908
"Player stacks: #2 ""Dp @ YyWpODWXWx"" (83.50) | #5 ""Goml @ Bod7b088c-"" (175.37) | #6 ""JV @ mxbmy34bn7"" (213.23) | #8 ""Aiden A @ XREWYWn-gd"" (223.37) | #9 ""mp @ -DkySTil6a"" (141.76) | #10 ""Phil @ fjzrNiYyv8"" (198.50)",2023-05-13T20:21:02.149Z,168400926214901
"-- starting hand #112 (id: 7m8daw78duij)  (No Limit Texas Hold'em) (dealer: ""Phil @ fjzrNiYyv8"") --",2023-05-13T20:21:02.149Z,168400926214900
"-- ending hand #111 --",2023-05-13T20:20:56.139Z,168400925613903
"""Goml @ Bod7b088c-"" shows a 8♣, 9♣.",2023-05-13T20:20:56.139Z,168400925613902
"""Aiden A @ XREWYWn-gd"" collected 21.00 from pot with Pair, 10's (combination: 10♥, 10♣, K♠, Q♦, 9♠)",2023-05-13T20:20:56.139Z,168400925613901
"""Aiden A @ XREWYWn-gd"" shows a Q♦, 10♥.",2023-05-13T20:20:56.139Z,168400925613900
"""Aiden A @ XREWYWn-gd"" checks",2023-05-13T20:20:55.310Z,168400925531000
"""Goml @ Bod7b088c-"" checks",2023-05-13T20:20:54.173Z,168400925417300
"River: 10♣, 2♦, 4♠, K♠ [9♠]",2023-05-13T20:20:50.664Z,168400925066400
"""Aiden A @ XREWYWn-gd"" checks",2023-05-13T20:20:49.840Z,168400924984000
"""Goml @ Bod7b088c-"" checks",2023-05-13T20:20:48.723Z,168400924872300
"Turn: 10♣, 2♦, 4♠ [K♠]",2023-05-13T20:20:47.526Z,168400924752600
"""JV @ mxbmy34bn7"" folds",2023-05-13T20:20:46.684Z,168400924668400
"""Goml @ Bod7b088c-"" calls 5.25",2023-05-13T20:20:45.388Z,168400924538800
"""Aiden A @ XREWYWn-gd"" bets 5.25",2023-05-13T20:20:43.847Z,168400924384700
"""JV @ mxbmy34bn7"" checks",2023-05-13T20:20:41.353Z,168400924135300
"""Goml @ Bod7b088c-"" checks",2023-05-13T20:20:39.044Z,168400923904400
"Flop:  [10♣, 2♦, 4♠]",2023-05-13T20:20:37.722Z,168400923772200
"""Goml @ Bod7b088c-"" calls 3.00",2023-05-13T20:20:36.865Z,168400923686500
"""Dp @ YyWpODWXWx"" folds",2023-05-13T20:20:35.649Z,168400923564900
"""Phil @ fjzrNiYyv8"" folds",2023-05-13T20:20:34.675Z,168400923467500
"""mp @ -DkySTil6a"" folds",2023-05-13T20:20:33.794Z,168400923379400
"""Aiden A @ XREWYWn-gd"" calls 3.00",2023-05-13T20:20:32.771Z,168400923277100
"""JV @ mxbmy34bn7"" raises to 3.00",2023-05-13T20:20:26.587Z,168400922658700
"""Goml @ Bod7b088c-"" calls 1.00",2023-05-13T20:20:23.340Z,168400922334000
"""Dp @ YyWpODWXWx"" posts a big blind of 1.00",2023-05-13T20:20:21.718Z,168400922171809
"""Phil @ fjzrNiYyv8"" posts a small blind of 0.50",2023-05-13T20:20:21.718Z,168400922171808
"Player stacks: #2 ""Dp @ YyWpODWXWx"" (84.50) | #5 ""Goml @ Bod7b088c-"" (183.62) | #6 ""JV @ mxbmy34bn7"" (216.23) | #8 ""Aiden A @ XREWYWn-gd"" (210.62) | #9 ""mp @ -DkySTil6a"" (141.76) | #10 ""Phil @ fjzrNiYyv8"" (199.00)",2023-05-13T20:20:21.718Z,168400922171801
"-- starting hand #111 (id: v68dlouotw4h)  (No Limit Texas Hold'em) (dealer: ""mp @ -DkySTil6a"") --",2023-05-13T20:20:21.718Z,168400922171800
"-- ending hand #110 --",2023-05-13T20:20:15.714Z,168400921571403
"""JV @ mxbmy34bn7"" shows a 9♣, Q♣.",2023-05-13T20:20:15.714Z,168400921571402
"""Aiden A @ XREWYWn-gd"" collected 48.00 from pot with Flush, Qs High (combination: Q♠, 9♠, 8♠, 6♠, 2♠)",2023-05-13T20:20:15.714Z,168400921571401
"""Aiden A @ XREWYWn-gd"" shows a Q♠, J♥.",2023-05-13T20:20:15.714Z,168400921571400
"""mp @ -DkySTil6a"" folds",2023-05-13T20:20:14.895Z,168400921489500
"""Aiden A @ XREWYWn-gd"" calls 11.50",2023-05-13T20:20:13.574Z,168400921357400
"""JV @ mxbmy34bn7"" bets 11.50",2023-05-13T20:20:11.374Z,168400921137400
"""mp @ -DkySTil6a"" checks",2023-05-13T20:20:00.081Z,168400920008100
"River: 9♦, 6♠, 8♠, 2♠ [9♠]",2023-05-13T20:19:58.424Z,168400919842400
"""Aiden A @ XREWYWn-gd"" calls 5.00",2023-05-13T20:19:57.594Z,168400919759400
"""JV @ mxbmy34bn7"" calls 5.00",2023-05-13T20:19:55.985Z,168400919598500
"""mp @ -DkySTil6a"" bets 5.00",2023-05-13T20:19:52.935Z,168400919293500
"Turn: 9♦, 6♠, 8♠ [2♠]",2023-05-13T20:19:48.819Z,168400918881900
"""Aiden A @ XREWYWn-gd"" checks",2023-05-13T20:19:48.014Z,168400918801400
"""JV @ mxbmy34bn7"" checks",2023-05-13T20:19:46.564Z,168400918656400
"""mp @ -DkySTil6a"" checks",2023-05-13T20:19:44.551Z,168400918455100
"Flop:  [9♦, 6♠, 8♠]",2023-05-13T20:19:43.012Z,168400918301200
"""Phil @ fjzrNiYyv8"" folds",2023-05-13T20:19:42.192Z,168400918219200
"""mp @ -DkySTil6a"" calls 3.00",2023-05-13T20:19:38.659Z,168400917865900
"""Aiden A @ XREWYWn-gd"" calls 3.00",2023-05-13T20:19:37.364Z,168400917736400
"""JV @ mxbmy34bn7"" raises to 3.00",2023-05-13T20:19:34.644Z,168400917464400
"""Goml @ Bod7b088c-"" folds",2023-05-13T20:19:29.409Z,168400916940900
"""Dp @ YyWpODWXWx"" folds",2023-05-13T20:19:27.871Z,168400916787100
"""Phil @ fjzrNiYyv8"" posts a big blind of 1.00",2023-05-13T20:19:26.596Z,168400916659609
"""mp @ -DkySTil6a"" posts a small blind of 0.50",2023-05-13T20:19:26.596Z,168400916659608
"Player stacks: #2 ""Dp @ YyWpODWXWx"" (84.50) | #5 ""Goml @ Bod7b088c-"" (183.62) | #6 ""JV @ mxbmy34bn7"" (235.73) | #8 ""Aiden A @ XREWYWn-gd"" (182.12) | #9 ""mp @ -DkySTil6a"" (149.76) | #10 ""Phil @ fjzrNiYyv8"" (200.00)",2023-05-13T20:19:26.596Z,168400916659601
"-- starting hand #110 (id: 35pz4cp11u2o)  (No Limit Texas Hold'em) (dealer: ""Aiden A @ XREWYWn-gd"") --",2023-05-13T20:19:26.596Z,168400916659600
"-- ending hand #109 --",2023-05-13T20:19:23.621Z,168400916362102
"""Aiden A @ XREWYWn-gd"" collected 15.00 from pot",2023-05-13T20:19:23.621Z,168400916362101
"Uncalled bet of 15.00 returned to ""Aiden A @ XREWYWn-gd""",2023-05-13T20:19:23.621Z,168400916362100
"""mp @ -DkySTil6a"" folds",2023-05-13T20:19:22.797Z,168400916279700
"""Aiden A @ XREWYWn-gd"" bets 15.00",2023-05-13T20:19:18.694Z,168400915869400
"River: 7♣, Q♥, J♣, 10♦ [2♠]",2023-05-13T20:19:15.388Z,168400915538800
"""mp @ -DkySTil6a"" checks",2023-05-13T20:19:14.550Z,168400915455000
"""Aiden A @ XREWYWn-gd"" checks",2023-05-13T20:19:13.164Z,168400915316400
"Turn: 7♣, Q♥, J♣ [10♦]",2023-05-13T20:19:11.621Z,168400915162100
"""Aiden A @ XREWYWn-gd"" calls 4.50",2023-05-13T20:19:10.787Z,168400915078700
"""mp @ -DkySTil6a"" bets 4.50",2023-05-13T20:19:08.829Z,168400914882900
"""Aiden A @ XREWYWn-gd"" checks",2023-05-13T20:19:06.452Z,168400914645200
"Flop:  [7♣, Q♥, J♣]",2023-05-13T20:19:04.859Z,168400914485900
"""Aiden A @ XREWYWn-gd"" calls 3.00",2023-05-13T20:19:04.012Z,168400914401200
"""mp @ -DkySTil6a"" raises to 3.00",2023-05-13T20:19:02.646Z,168400914264600
"""Aiden A @ XREWYWn-gd"" calls 1.00",2023-05-13T20:19:00.474Z,168400914047400
"""JV @ mxbmy34bn7"" folds",2023-05-13T20:18:58.314Z,168400913831400
"""Goml @ Bod7b088c-"" folds",2023-05-13T20:18:53.425Z,168400913342500
"""Dp @ YyWpODWXWx"" folds",2023-05-13T20:18:48.335Z,168400912833500
"""Phil @ fjzrNiYyv8"" folds",2023-05-13T20:18:44.733Z,168400912473300
"""mp @ -DkySTil6a"" posts a big blind of 1.00",2023-05-13T20:18:43.159Z,168400912315909
"""Aiden A @ XREWYWn-gd"" posts a small blind of 0.50",2023-05-13T20:18:43.159Z,168400912315908
"Player stacks: #2 ""Dp @ YyWpODWXWx"" (84.50) | #5 ""Goml @ Bod7b088c-"" (183.62) | #6 ""JV @ mxbmy34bn7"" (235.73) | #8 ""Aiden A @ XREWYWn-gd"" (174.62) | #9 ""mp @ -DkySTil6a"" (157.26) | #10 ""Phil @ fjzrNiYyv8"" (200.00)",2023-05-13T20:18:43.159Z,168400912315901
"-- starting hand #109 (id: kpkhgxmmj48o)  (No Limit Texas Hold'em) (dealer: ""JV @ mxbmy34bn7"") --",2023-05-13T20:18:43.159Z,168400912315900
"-- ending hand #108 --",2023-05-13T20:18:37.119Z,168400911711902
"""JV @ mxbmy34bn7"" collected 43.00 from pot with Full House, K's over 5's (combination: K♦, K♣, K♠, 5♦, 5♠)",2023-05-13T20:18:37.119Z,168400911711901
"""JV @ mxbmy34bn7"" shows a 5♦, K♦.",2023-05-13T20:18:37.119Z,168400911711900
"""Goml @ Bod7b088c-"" checks",2023-05-13T20:18:36.302Z,168400911630200
"""JV @ mxbmy34bn7"" checks",2023-05-13T20:18:34.846Z,168400911484600
"River: 9♦, 5♠, J♦, K♣ [K♠]",2023-05-13T20:18:29.431Z,168400910943100
"""Aiden A @ XREWYWn-gd"" folds",2023-05-13T20:18:28.608Z,168400910860800
"""JV @ mxbmy34bn7"" calls 10.25",2023-05-13T20:18:27.312Z,168400910731200
"""Goml @ Bod7b088c-"" bets 10.25",2023-05-13T20:18:21.120Z,168400910112000
"""Aiden A @ XREWYWn-gd"" checks",2023-05-13T20:18:17.210Z,168400909721000
"""JV @ mxbmy34bn7"" checks",2023-05-13T20:18:15.098Z,168400909509800
"Turn: 9♦, 5♠, J♦ [K♣]",2023-05-13T20:18:13.333Z,168400909333300
"""Aiden A @ XREWYWn-gd"" calls 4.50",2023-05-13T20:18:12.491Z,168400909249100
"""JV @ mxbmy34bn7"" calls 4.50",2023-05-13T20:18:09.875Z,168400908987500
"""Goml @ Bod7b088c-"" bets 4.50",2023-05-13T20:18:03.666Z,168400908366600
"""Aiden A @ XREWYWn-gd"" checks",2023-05-13T20:18:00.882Z,168400908088200
"""JV @ mxbmy34bn7"" checks",2023-05-13T20:17:57.386Z,168400907738600
"Flop:  [9♦, 5♠, J♦]",2023-05-13T20:17:55.856Z,168400907585600
"""Aiden A @ XREWYWn-gd"" calls 3.00",2023-05-13T20:17:55.024Z,168400907502400
"""JV @ mxbmy34bn7"" calls 3.00",2023-05-13T20:17:53.533Z,168400907353300
"""Goml @ Bod7b088c-"" raises to 3.00",2023-05-13T20:17:48.394Z,168400906839400
"""Dp @ YyWpODWXWx"" folds",2023-05-13T20:17:46.095Z,168400906609500
"""Phil @ fjzrNiYyv8"" folds",2023-05-13T20:17:04.281Z,168400902428100
"""mp @ -DkySTil6a"" folds",2023-05-13T20:17:03.409Z,168400902340900
"""Aiden A @ XREWYWn-gd"" posts a big blind of 1.00",2023-05-13T20:16:59.969Z,168400901996909
"""JV @ mxbmy34bn7"" posts a small blind of 0.50",2023-05-13T20:16:59.969Z,168400901996908
"Player stacks: #2 ""Dp @ YyWpODWXWx"" (84.50) | #5 ""Goml @ Bod7b088c-"" (201.37) | #6 ""JV @ mxbmy34bn7"" (210.48) | #8 ""Aiden A @ XREWYWn-gd"" (182.12) | #9 ""mp @ -DkySTil6a"" (157.26) | #10 ""Phil @ fjzrNiYyv8"" (200.00)",2023-05-13T20:16:59.969Z,168400901996901
"-- starting hand #108 (id: 1ekdrpgcs1qy)  (No Limit Texas Hold'em) (dealer: ""Goml @ Bod7b088c-"") --",2023-05-13T20:16:59.969Z,168400901996900
"-- ending hand #107 --",2023-05-13T20:16:54.046Z,168400901404602
"""JV @ mxbmy34bn7"" collected 5.00 from pot",2023-05-13T20:16:54.046Z,168400901404601
"Uncalled bet of 3.00 returned to ""JV @ mxbmy34bn7""",2023-05-13T20:16:54.046Z,168400901404600
"""Aiden A @ XREWYWn-gd"" folds",2023-05-13T20:16:53.224Z,168400901322400
"""JV @ mxbmy34bn7"" bets 3.00",2023-05-13T20:16:52.034Z,168400901203400
"Turn: J♣, 2♠, A♦ [10♣]",2023-05-13T20:16:45.835Z,168400900583500
"""Goml @ Bod7b088c-"" folds",2023-05-13T20:16:44.962Z,168400900496200
"""Aiden A @ XREWYWn-gd"" calls 1.00",2023-05-13T20:16:43.962Z,168400900396200
"""JV @ mxbmy34bn7"" bets 1.00",2023-05-13T20:16:42.193Z,168400900219300
"""Goml @ Bod7b088c-"" checks",2023-05-13T20:16:36.498Z,168400899649800
"Flop:  [J♣, 2♠, A♦]",2023-05-13T20:16:35.018Z,168400899501800
"""JV @ mxbmy34bn7"" checks",2023-05-13T20:16:34.183Z,168400899418300
"""Goml @ Bod7b088c-"" calls 1.00",2023-05-13T20:16:31.793Z,168400899179300
"""Dp @ YyWpODWXWx"" folds",2023-05-13T20:16:30.155Z,168400899015500
"""Phil @ fjzrNiYyv8"" folds",2023-05-13T20:16:29.116Z,168400898911600
"""mp @ -DkySTil6a"" folds",2023-05-13T20:16:28.114Z,168400898811400
"""Aiden A @ XREWYWn-gd"" calls 1.00",2023-05-13T20:16:27.171Z,168400898717100
"""JV @ mxbmy34bn7"" posts a big blind of 1.00",2023-05-13T20:16:25.715Z,168400898571510
"""Goml @ Bod7b088c-"" posts a small blind of 0.50",2023-05-13T20:16:25.715Z,168400898571509
"Player stacks: #2 ""Dp @ YyWpODWXWx"" (84.50) | #5 ""Goml @ Bod7b088c-"" (202.37) | #6 ""JV @ mxbmy34bn7"" (207.48) | #8 ""Aiden A @ XREWYWn-gd"" (184.12) | #9 ""mp @ -DkySTil6a"" (157.26) | #10 ""Phil @ fjzrNiYyv8"" (200.00)",2023-05-13T20:16:25.715Z,168400898571502
"-- starting hand #107 (id: o7fod4acdu1z)  (No Limit Texas Hold'em) (dealer: ""Dp @ YyWpODWXWx"") --",2023-05-13T20:16:25.715Z,168400898571501
"The player ""Phil @ fjzrNiYyv8"" joined the game with a stack of 200.00.",2023-05-13T20:16:25.715Z,168400898571500
"-- ending hand #106 --",2023-05-13T20:16:19.805Z,168400897980502
"""Goml @ Bod7b088c-"" collected 1.00 from pot",2023-05-13T20:16:19.805Z,168400897980501
"Uncalled bet of 0.50 returned to ""Goml @ Bod7b088c-""",2023-05-13T20:16:19.805Z,168400897980500
"""Dp @ YyWpODWXWx"" folds",2023-05-13T20:16:18.950Z,168400897895000
"""mp @ -DkySTil6a"" folds",2023-05-13T20:16:04.009Z,168400896400900
"""Aiden A @ XREWYWn-gd"" folds",2023-05-13T20:16:03.090Z,168400896309000
"""JV @ mxbmy34bn7"" folds",2023-05-13T20:16:00.923Z,168400896092300
"""Goml @ Bod7b088c-"" posts a big blind of 1.00",2023-05-13T20:15:59.869Z,168400895986908
"""Dp @ YyWpODWXWx"" posts a small blind of 0.50",2023-05-13T20:15:59.869Z,168400895986907
"Player stacks: #2 ""Dp @ YyWpODWXWx"" (85.00) | #5 ""Goml @ Bod7b088c-"" (201.87) | #6 ""JV @ mxbmy34bn7"" (207.48) | #8 ""Aiden A @ XREWYWn-gd"" (184.12) | #9 ""mp @ -DkySTil6a"" (157.26)",2023-05-13T20:15:59.869Z,168400895986901
"-- starting hand #106 (id: fvl7jnzuoyqo)  (No Limit Texas Hold'em) (dealer: ""mp @ -DkySTil6a"") --",2023-05-13T20:15:59.869Z,168400895986900
"-- ending hand #105 --",2023-05-13T20:15:53.912Z,168400895391202
"""JV @ mxbmy34bn7"" collected 2.50 from pot",2023-05-13T20:15:53.912Z,168400895391201
"Uncalled bet of 2.00 returned to ""JV @ mxbmy34bn7""",2023-05-13T20:15:53.912Z,168400895391200
"""Dp @ YyWpODWXWx"" folds",2023-05-13T20:15:53.073Z,168400895307300
"The admin approved the player ""Phil @ fjzrNiYyv8"" participation with a stack of 200.00.",2023-05-13T20:15:42.214Z,168400894221400
"The player ""Phil @ fjzrNiYyv8"" requested a seat.",2023-05-13T20:15:38.288Z,168400893828800
"""mp @ -DkySTil6a"" folds",2023-05-13T20:15:37.737Z,168400893773700
"""Aiden A @ XREWYWn-gd"" folds",2023-05-13T20:15:36.763Z,168400893676300
"""JV @ mxbmy34bn7"" raises to 3.00",2023-05-13T20:15:34.914Z,168400893491400
"""Goml @ Bod7b088c-"" folds",2023-05-13T20:15:26.137Z,168400892613700
"""Dp @ YyWpODWXWx"" posts a big blind of 1.00",2023-05-13T20:15:25.136Z,168400892513608
"""mp @ -DkySTil6a"" posts a small blind of 0.50",2023-05-13T20:15:25.136Z,168400892513607
"Player stacks: #2 ""Dp @ YyWpODWXWx"" (86.00) | #5 ""Goml @ Bod7b088c-"" (201.87) | #6 ""JV @ mxbmy34bn7"" (205.98) | #8 ""Aiden A @ XREWYWn-gd"" (184.12) | #9 ""mp @ -DkySTil6a"" (157.76)",2023-05-13T20:15:25.136Z,168400892513601
"-- starting hand #105 (id: kslz4jcaeb6d)  (No Limit Texas Hold'em) (dealer: ""Aiden A @ XREWYWn-gd"") --",2023-05-13T20:15:25.136Z,168400892513600
"-- ending hand #104 --",2023-05-13T20:15:22.219Z,168400892221902
"""Aiden A @ XREWYWn-gd"" collected 32.00 from pot",2023-05-13T20:15:22.219Z,168400892221901
"Uncalled bet of 15.00 returned to ""Aiden A @ XREWYWn-gd""",2023-05-13T20:15:22.219Z,168400892221900
"""Goml @ Bod7b088c-"" folds",2023-05-13T20:15:21.334Z,168400892133400
"""Aiden A @ XREWYWn-gd"" bets 15.00",2023-05-13T20:15:13.591Z,168400891359100
"River: 2♣, 4♦, 2♦, J♣ [3♣]",2023-05-13T20:15:09.280Z,168400890928000
"""Goml @ Bod7b088c-"" calls 11.00",2023-05-13T20:15:08.428Z,168400890842800
"""mp @ -DkySTil6a"" folds",2023-05-13T20:15:06.594Z,168400890659400
"""Aiden A @ XREWYWn-gd"" raises to 11.00",2023-05-13T20:15:05.242Z,168400890524200
"""Goml @ Bod7b088c-"" bets 5.00",2023-05-13T20:15:02.550Z,168400890255000
"""mp @ -DkySTil6a"" checks",2023-05-13T20:14:59.715Z,168400889971500
"""Aiden A @ XREWYWn-gd"" checks",2023-05-13T20:14:58.722Z,168400889872200
"Turn: 2♣, 4♦, 2♦ [J♣]",2023-05-13T20:14:57.356Z,168400889735600
"""mp @ -DkySTil6a"" calls 2.00",2023-05-13T20:14:56.508Z,168400889650800
"""Aiden A @ XREWYWn-gd"" calls 2.00",2023-05-13T20:14:55.291Z,168400889529100
"""JV @ mxbmy34bn7"" folds",2023-05-13T20:14:53.724Z,168400889372400
"""Goml @ Bod7b088c-"" bets 2.00",2023-05-13T20:14:51.652Z,168400889165200
"""mp @ -DkySTil6a"" checks",2023-05-13T20:14:49.421Z,168400888942100
"""Aiden A @ XREWYWn-gd"" checks",2023-05-13T20:14:45.890Z,168400888589000
"Flop:  [2♣, 4♦, 2♦]",2023-05-13T20:14:44.233Z,168400888423300
"""mp @ -DkySTil6a"" checks",2023-05-13T20:14:43.357Z,168400888335700
"""Aiden A @ XREWYWn-gd"" calls 1.00",2023-05-13T20:14:42.411Z,168400888241100
"""JV @ mxbmy34bn7"" calls 1.00",2023-05-13T20:14:40.743Z,168400888074300
"""Goml @ Bod7b088c-"" calls 1.00",2023-05-13T20:14:36.964Z,168400887696400
"""Dp @ YyWpODWXWx"" folds",2023-05-13T20:14:32.312Z,168400887231200
"""mp @ -DkySTil6a"" posts a big blind of 1.00",2023-05-13T20:14:31.066Z,168400887106608
"""Aiden A @ XREWYWn-gd"" posts a small blind of 0.50",2023-05-13T20:14:31.066Z,168400887106607
"Player stacks: #2 ""Dp @ YyWpODWXWx"" (86.00) | #5 ""Goml @ Bod7b088c-"" (215.87) | #6 ""JV @ mxbmy34bn7"" (206.98) | #8 ""Aiden A @ XREWYWn-gd"" (166.12) | #9 ""mp @ -DkySTil6a"" (160.76)",2023-05-13T20:14:31.066Z,168400887106601
"-- starting hand #104 (id: 4xx8boamugrf)  (No Limit Texas Hold'em) (dealer: ""JV @ mxbmy34bn7"") --",2023-05-13T20:14:31.066Z,168400887106600
"-- ending hand #103 --",2023-05-13T20:14:25.020Z,168400886502003
"""Aiden A @ XREWYWn-gd"" shows a K♥, 2♠.",2023-05-13T20:14:25.020Z,168400886502002
"""mp @ -DkySTil6a"" collected 7.50 from pot with Two Pair, 9's & 5's (combination: 9♦, 9♥, 5♠, 5♥, A♦)",2023-05-13T20:14:25.020Z,168400886502001
"""mp @ -DkySTil6a"" shows a 9♦, 9♥.",2023-05-13T20:14:25.020Z,168400886502000
"""mp @ -DkySTil6a"" checks",2023-05-13T20:14:24.154Z,168400886415400
"""Aiden A @ XREWYWn-gd"" checks",2023-05-13T20:14:23.095Z,168400886309500
"River: A♦, 4♠, 5♠, Q♠ [5♥]",2023-05-13T20:14:21.016Z,168400886101600
"""mp @ -DkySTil6a"" checks",2023-05-13T20:14:20.170Z,168400886017000
"""Aiden A @ XREWYWn-gd"" checks",2023-05-13T20:14:19.261Z,168400885926100
"Turn: A♦, 4♠, 5♠ [Q♠]",2023-05-13T20:14:18.121Z,168400885812100
"""Aiden A @ XREWYWn-gd"" calls 2.50",2023-05-13T20:14:17.279Z,168400885727900
"""mp @ -DkySTil6a"" bets 2.50",2023-05-13T20:14:15.719Z,168400885571900
"""Aiden A @ XREWYWn-gd"" checks",2023-05-13T20:14:13.614Z,168400885361400
"Flop:  [A♦, 4♠, 5♠]",2023-05-13T20:14:12.257Z,168400885225700
"""Aiden A @ XREWYWn-gd"" checks",2023-05-13T20:14:11.406Z,168400885140600
"""JV @ mxbmy34bn7"" folds",2023-05-13T20:14:10.275Z,168400885027500
"""Goml @ Bod7b088c-"" folds",2023-05-13T20:14:05.297Z,168400884529700
"""Dp @ YyWpODWXWx"" folds",2023-05-13T20:14:04.417Z,168400884441700
"""mp @ -DkySTil6a"" calls 1.00",2023-05-13T20:14:01.051Z,168400884105100
"""Aiden A @ XREWYWn-gd"" posts a big blind of 1.00",2023-05-13T20:13:58.899Z,168400883889908
"""JV @ mxbmy34bn7"" posts a small blind of 0.50",2023-05-13T20:13:58.899Z,168400883889907
"Player stacks: #2 ""Dp @ YyWpODWXWx"" (86.00) | #5 ""Goml @ Bod7b088c-"" (215.87) | #6 ""JV @ mxbmy34bn7"" (207.48) | #8 ""Aiden A @ XREWYWn-gd"" (169.62) | #9 ""mp @ -DkySTil6a"" (156.76)",2023-05-13T20:13:58.899Z,168400883889901
"-- starting hand #103 (id: ujvc7cwjoxbn)  (No Limit Texas Hold'em) (dealer: ""Goml @ Bod7b088c-"") --",2023-05-13T20:13:58.899Z,168400883889900
"-- ending hand #102 --",2023-05-13T20:13:52.994Z,168400883299402
"""JV @ mxbmy34bn7"" collected 3.00 from pot",2023-05-13T20:13:52.994Z,168400883299401
"Uncalled bet of 1.00 returned to ""JV @ mxbmy34bn7""",2023-05-13T20:13:52.994Z,168400883299400
"""Goml @ Bod7b088c-"" folds",2023-05-13T20:13:52.157Z,168400883215700
"""Aiden A @ XREWYWn-gd"" folds",2023-05-13T20:13:51.225Z,168400883122500
"""JV @ mxbmy34bn7"" bets 1.00",2023-05-13T20:13:49.744Z,168400882974400
"""Goml @ Bod7b088c-"" checks",2023-05-13T20:13:45.739Z,168400882573900
"Turn: 4♣, 3♦, 8♦ [8♥]",2023-05-13T20:13:44.377Z,168400882437700
"""Aiden A @ XREWYWn-gd"" checks",2023-05-13T20:13:43.534Z,168400882353400
"""JV @ mxbmy34bn7"" checks",2023-05-13T20:13:42.355Z,168400882235500
"""Goml @ Bod7b088c-"" checks",2023-05-13T20:13:39.928Z,168400881992800
"Flop:  [4♣, 3♦, 8♦]",2023-05-13T20:13:38.281Z,168400881828100
"""JV @ mxbmy34bn7"" checks",2023-05-13T20:13:37.395Z,168400881739500
"""Goml @ Bod7b088c-"" calls 1.00",2023-05-13T20:13:34.644Z,168400881464400
"""Dp @ YyWpODWXWx"" folds",2023-05-13T20:13:25.039Z,168400880503900
"""mp @ -DkySTil6a"" folds",2023-05-13T20:13:24.098Z,168400880409800
"""Aiden A @ XREWYWn-gd"" calls 1.00",2023-05-13T20:13:23.115Z,168400880311500
"""JV @ mxbmy34bn7"" posts a big blind of 1.00",2023-05-13T20:13:21.468Z,168400880146808
"""Goml @ Bod7b088c-"" posts a small blind of 0.50",2023-05-13T20:13:21.468Z,168400880146807
"Player stacks: #2 ""Dp @ YyWpODWXWx"" (86.00) | #5 ""Goml @ Bod7b088c-"" (216.87) | #6 ""JV @ mxbmy34bn7"" (205.48) | #8 ""Aiden A @ XREWYWn-gd"" (170.62) | #9 ""mp @ -DkySTil6a"" (156.76)",2023-05-13T20:13:21.468Z,168400880146801
"-- starting hand #102 (id: qmuvvjlzjlnt)  (No Limit Texas Hold'em) (dealer: ""Dp @ YyWpODWXWx"") --",2023-05-13T20:13:21.468Z,168400880146800
"-- ending hand #101 --",2023-05-13T20:13:15.463Z,168400879546302
"""Goml @ Bod7b088c-"" collected 1.00 from pot",2023-05-13T20:13:15.463Z,168400879546301
"Uncalled bet of 0.50 returned to ""Goml @ Bod7b088c-""",2023-05-13T20:13:15.463Z,168400879546300
"""Dp @ YyWpODWXWx"" folds",2023-05-13T20:13:14.639Z,168400879463900
"""mp @ -DkySTil6a"" folds",2023-05-13T20:13:11.762Z,168400879176200
"""Aiden A @ XREWYWn-gd"" folds",2023-05-13T20:13:10.864Z,168400879086400
"""JV @ mxbmy34bn7"" folds",2023-05-13T20:13:09.773Z,168400878977300
"""Goml @ Bod7b088c-"" posts a big blind of 1.00",2023-05-13T20:13:08.256Z,168400878825608
"""Dp @ YyWpODWXWx"" posts a small blind of 0.50",2023-05-13T20:13:08.256Z,168400878825607
"Player stacks: #2 ""Dp @ YyWpODWXWx"" (86.50) | #5 ""Goml @ Bod7b088c-"" (216.37) | #6 ""JV @ mxbmy34bn7"" (205.48) | #8 ""Aiden A @ XREWYWn-gd"" (170.62) | #9 ""mp @ -DkySTil6a"" (156.76)",2023-05-13T20:13:08.256Z,168400878825601
"-- starting hand #101 (id: k2ls1nnvyz9u)  (No Limit Texas Hold'em) (dealer: ""mp @ -DkySTil6a"") --",2023-05-13T20:13:08.256Z,168400878825600
"-- ending hand #100 --",2023-05-13T20:13:05.251Z,168400878525102
"""JV @ mxbmy34bn7"" collected 39.48 from pot",2023-05-13T20:13:05.251Z,168400878525101
"Uncalled bet of 29.61 returned to ""JV @ mxbmy34bn7""",2023-05-13T20:13:05.251Z,168400878525100
"""Goml @ Bod7b088c-"" folds",2023-05-13T20:13:04.385Z,168400878438500
"""JV @ mxbmy34bn7"" bets 29.61",2023-05-13T20:13:02.742Z,168400878274200
"""Goml @ Bod7b088c-"" checks",2023-05-13T20:12:51.425Z,168400877142500
"River: 10♣, 4♠, 9♠, 8♦ [K♠]",2023-05-13T20:12:49.638Z,168400876963800
"""Goml @ Bod7b088c-"" calls 9.37",2023-05-13T20:12:48.763Z,168400876876300
"""JV @ mxbmy34bn7"" bets 9.37",2023-05-13T20:12:47.224Z,168400876722400
"""Goml @ Bod7b088c-"" checks",2023-05-13T20:12:40.162Z,168400876016200
"Turn: 10♣, 4♠, 9♠ [8♦]",2023-05-13T20:12:37.666Z,168400875766600
"""JV @ mxbmy34bn7"" checks",2023-05-13T20:12:36.824Z,168400875682400
"""Goml @ Bod7b088c-"" checks",2023-05-13T20:12:31.190Z,168400875119000
"Flop:  [10♣, 4♠, 9♠]",2023-05-13T20:12:29.660Z,168400874966000
"""Goml @ Bod7b088c-"" calls 9.62",2023-05-13T20:12:28.840Z,168400874884000
"""Dp @ YyWpODWXWx"" folds",2023-05-13T20:12:27.081Z,168400874708100
"""mp @ -DkySTil6a"" folds",2023-05-13T20:12:22.473Z,168400874247300
"""Aiden A @ XREWYWn-gd"" folds",2023-05-13T20:12:19.696Z,168400873969600
"""JV @ mxbmy34bn7"" raises to 9.62",2023-05-13T20:12:18.613Z,168400873861300
"""Goml @ Bod7b088c-"" raises to 3.00",2023-05-13T20:12:08.956Z,168400872895600
"""Dp @ YyWpODWXWx"" posts a big blind of 1.00",2023-05-13T20:12:00.226Z,168400872022608
"""mp @ -DkySTil6a"" posts a small blind of 0.50",2023-05-13T20:12:00.226Z,168400872022607
"Player stacks: #2 ""Dp @ YyWpODWXWx"" (87.50) | #5 ""Goml @ Bod7b088c-"" (235.36) | #6 ""JV @ mxbmy34bn7"" (184.99) | #8 ""Aiden A @ XREWYWn-gd"" (170.62) | #9 ""mp @ -DkySTil6a"" (157.26)",2023-05-13T20:12:00.226Z,168400872022601
"-- starting hand #100 (id: gin4sx7lk0gy)  (No Limit Texas Hold'em) (dealer: ""Aiden A @ XREWYWn-gd"") --",2023-05-13T20:12:00.226Z,168400872022600
"""mp @ -DkySTil6a"" shows a 5♦, Q♦.",2023-05-13T20:11:57.009Z,168400871700900
"-- ending hand #99 --",2023-05-13T20:11:56.588Z,168400871658802
"""mp @ -DkySTil6a"" collected 6.00 from pot",2023-05-13T20:11:56.588Z,168400871658801
"Uncalled bet of 4.50 returned to ""mp @ -DkySTil6a""",2023-05-13T20:11:56.588Z,168400871658800
"""Aiden A @ XREWYWn-gd"" folds",2023-05-13T20:11:55.719Z,168400871571900
"""mp @ -DkySTil6a"" bets 4.50",2023-05-13T20:11:54.468Z,168400871446800
"""Aiden A @ XREWYWn-gd"" checks",2023-05-13T20:11:49.390Z,168400870939000
"River: 9♣, A♥, 2♣, 2♥ [9♥]",2023-05-13T20:11:48.379Z,168400870837900
"""Aiden A @ XREWYWn-gd"" calls 2.00",2023-05-13T20:11:47.510Z,168400870751000
"""mp @ -DkySTil6a"" bets 2.00",2023-05-13T20:11:46.069Z,168400870606900
"""Aiden A @ XREWYWn-gd"" checks",2023-05-13T20:11:44.020Z,168400870402000
"Turn: 9♣, A♥, 2♣ [2♥]",2023-05-13T20:11:43.220Z,168400870322000
"""mp @ -DkySTil6a"" checks",2023-05-13T20:11:42.417Z,168400870241700
"""Aiden A @ XREWYWn-gd"" checks",2023-05-13T20:11:41.555Z,168400870155500
"Flop:  [9♣, A♥, 2♣]",2023-05-13T20:11:40.076Z,168400870007600
"""mp @ -DkySTil6a"" checks",2023-05-13T20:11:39.269Z,168400869926900
"""Aiden A @ XREWYWn-gd"" calls 1.00",2023-05-13T20:11:35.088Z,168400869508800
"""JV @ mxbmy34bn7"" folds",2023-05-13T20:11:33.824Z,168400869382400
"""Goml @ Bod7b088c-"" folds",2023-05-13T20:11:31.829Z,168400869182900
"""Dp @ YyWpODWXWx"" folds",2023-05-13T20:11:30.906Z,168400869090600
"""mp @ -DkySTil6a"" posts a big blind of 1.00",2023-05-13T20:11:29.566Z,168400868956608
"""Aiden A @ XREWYWn-gd"" posts a small blind of 0.50",2023-05-13T20:11:29.566Z,168400868956607
"Player stacks: #2 ""Dp @ YyWpODWXWx"" (87.50) | #5 ""Goml @ Bod7b088c-"" (235.36) | #6 ""JV @ mxbmy34bn7"" (184.99) | #8 ""Aiden A @ XREWYWn-gd"" (173.62) | #9 ""mp @ -DkySTil6a"" (154.26)",2023-05-13T20:11:29.566Z,168400868956601
"-- starting hand #99 (id: otffud1viqii)  (No Limit Texas Hold'em) (dealer: ""JV @ mxbmy34bn7"") --",2023-05-13T20:11:29.566Z,168400868956600
"-- ending hand #98 --",2023-05-13T20:11:23.558Z,168400868355803
"""JV @ mxbmy34bn7"" shows a 3♠, 4♦.",2023-05-13T20:11:23.558Z,168400868355802
"""Aiden A @ XREWYWn-gd"" collected 4.00 from pot with Two Pair, 9's & 8's (combination: 9♥, 9♠, 8♠, 8♥, 10♦)",2023-05-13T20:11:23.558Z,168400868355801
"""Aiden A @ XREWYWn-gd"" shows a 10♦, 9♥.",2023-05-13T20:11:23.558Z,168400868355800
"""Aiden A @ XREWYWn-gd"" checks",2023-05-13T20:11:22.746Z,168400868274600
"""JV @ mxbmy34bn7"" checks",2023-05-13T20:11:21.254Z,168400868125400
"River: 9♠, 5♦, 6♦, 8♠ [8♥]",2023-05-13T20:11:17.953Z,168400867795300
"""Aiden A @ XREWYWn-gd"" checks",2023-05-13T20:11:17.063Z,168400867706300
"""JV @ mxbmy34bn7"" checks",2023-05-13T20:11:15.894Z,168400867589400
"Turn: 9♠, 5♦, 6♦ [8♠]",2023-05-13T20:11:15.551Z,168400867555100
"""JV @ mxbmy34bn7"" calls 1.00",2023-05-13T20:11:14.694Z,168400867469400
"""Aiden A @ XREWYWn-gd"" bets 1.00",2023-05-13T20:11:11.880Z,168400867188000
"""JV @ mxbmy34bn7"" checks",2023-05-13T20:11:10.534Z,168400867053400
"Flop:  [9♠, 5♦, 6♦]",2023-05-13T20:11:09.998Z,168400866999800
"""Aiden A @ XREWYWn-gd"" checks",2023-05-13T20:11:09.168Z,168400866916800
"""JV @ mxbmy34bn7"" calls 1.00",2023-05-13T20:11:07.654Z,168400866765400
"""Goml @ Bod7b088c-"" folds",2023-05-13T20:11:06.086Z,168400866608600
"""Dp @ YyWpODWXWx"" folds",2023-05-13T20:11:03.075Z,168400866307500
"""mp @ -DkySTil6a"" folds",2023-05-13T20:11:02.165Z,168400866216500
"""Aiden A @ XREWYWn-gd"" posts a big blind of 1.00",2023-05-13T20:11:00.731Z,168400866073108
"""JV @ mxbmy34bn7"" posts a small blind of 0.50",2023-05-13T20:11:00.731Z,168400866073107
"Player stacks: #2 ""Dp @ YyWpODWXWx"" (87.50) | #5 ""Goml @ Bod7b088c-"" (235.36) | #6 ""JV @ mxbmy34bn7"" (186.99) | #8 ""Aiden A @ XREWYWn-gd"" (171.62) | #9 ""mp @ -DkySTil6a"" (154.26)",2023-05-13T20:11:00.731Z,168400866073101
"-- starting hand #98 (id: prt9rpubxk3t)  (No Limit Texas Hold'em) (dealer: ""Goml @ Bod7b088c-"") --",2023-05-13T20:11:00.731Z,168400866073100
"-- ending hand #97 --",2023-05-13T20:10:54.726Z,168400865472602
"""Dp @ YyWpODWXWx"" collected 4.50 from pot",2023-05-13T20:10:54.726Z,168400865472601
"Uncalled bet of 3.50 returned to ""Dp @ YyWpODWXWx""",2023-05-13T20:10:54.726Z,168400865472600
"""mp @ -DkySTil6a"" folds",2023-05-13T20:10:53.821Z,168400865382100
"""Aiden A @ XREWYWn-gd"" folds",2023-05-13T20:10:52.330Z,168400865233000
"""JV @ mxbmy34bn7"" folds",2023-05-13T20:10:49.954Z,168400864995400
"""Goml @ Bod7b088c-"" folds",2023-05-13T20:10:48.299Z,168400864829900
"""Dp @ YyWpODWXWx"" raises to 4.50",2023-05-13T20:10:47.224Z,168400864722400
"""mp @ -DkySTil6a"" calls 1.00",2023-05-13T20:10:43.177Z,168400864317700
"""Aiden A @ XREWYWn-gd"" calls 1.00",2023-05-13T20:10:39.186Z,168400863918600
"""JV @ mxbmy34bn7"" posts a big blind of 1.00",2023-05-13T20:10:37.692Z,168400863769209
"""Goml @ Bod7b088c-"" posts a small blind of 0.50",2023-05-13T20:10:37.692Z,168400863769208
"Player stacks: #2 ""Dp @ YyWpODWXWx"" (84.00) | #5 ""Goml @ Bod7b088c-"" (235.86) | #6 ""JV @ mxbmy34bn7"" (187.99) | #8 ""Aiden A @ XREWYWn-gd"" (172.62) | #9 ""mp @ -DkySTil6a"" (155.26)",2023-05-13T20:10:37.692Z,168400863769202
"-- starting hand #97 (id: gyr0bu3wfsfl)  (No Limit Texas Hold'em) (dealer: ""Dp @ YyWpODWXWx"") --",2023-05-13T20:10:37.692Z,168400863769201
"The player ""Mamo @ abVmUlEwy_"" stand up with the stack of 147.13.",2023-05-13T20:10:37.692Z,168400863769200
"-- ending hand #96 --",2023-05-13T20:10:34.686Z,168400863468602
"""Goml @ Bod7b088c-"" collected 5.00 from pot",2023-05-13T20:10:34.686Z,168400863468601
"Uncalled bet of 2.50 returned to ""Goml @ Bod7b088c-""",2023-05-13T20:10:34.686Z,168400863468600
"""Aiden A @ XREWYWn-gd"" folds",2023-05-13T20:10:33.856Z,168400863385600
"""Goml @ Bod7b088c-"" bets 2.50",2023-05-13T20:10:32.121Z,168400863212100
"River: 10♥, J♣, 6♣, 7♣ [5♣]",2023-05-13T20:10:28.935Z,168400862893500
"""Aiden A @ XREWYWn-gd"" calls 1.25",2023-05-13T20:10:28.117Z,168400862811700
"""Goml @ Bod7b088c-"" bets 1.25",2023-05-13T20:10:26.358Z,168400862635800
"Turn: 10♥, J♣, 6♣ [7♣]",2023-05-13T20:10:23.473Z,168400862347300
"""Aiden A @ XREWYWn-gd"" checks",2023-05-13T20:10:22.596Z,168400862259600
"""Goml @ Bod7b088c-"" checks",2023-05-13T20:10:21.458Z,168400862145800
"Flop:  [10♥, J♣, 6♣]",2023-05-13T20:10:20.066Z,168400862006600
"""Goml @ Bod7b088c-"" checks",2023-05-13T20:10:19.153Z,168400861915300
"""Dp @ YyWpODWXWx"" folds",2023-05-13T20:10:16.865Z,168400861686500
"""Mamo @ abVmUlEwy_"" folds",2023-05-13T20:10:06.419Z,168400860641900
"""mp @ -DkySTil6a"" folds",2023-05-13T20:10:05.132Z,168400860513200
"""Aiden A @ XREWYWn-gd"" calls 1.00",2023-05-13T20:10:04.156Z,168400860415600
"""JV @ mxbmy34bn7"" folds",2023-05-13T20:10:02.855Z,168400860285500
"""Goml @ Bod7b088c-"" posts a big blind of 1.00",2023-05-13T20:10:01.052Z,168400860105209
"""Dp @ YyWpODWXWx"" posts a small blind of 0.50",2023-05-13T20:10:01.052Z,168400860105208
"Player stacks: #1 ""Mamo @ abVmUlEwy_"" (147.13) | #2 ""Dp @ YyWpODWXWx"" (84.50) | #5 ""Goml @ Bod7b088c-"" (233.11) | #6 ""JV @ mxbmy34bn7"" (187.99) | #8 ""Aiden A @ XREWYWn-gd"" (174.87) | #9 ""mp @ -DkySTil6a"" (155.26)",2023-05-13T20:10:01.052Z,168400860105201
"-- starting hand #96 (id: unvxyhtf3jlm)  (No Limit Texas Hold'em) (dealer: ""Mamo @ abVmUlEwy_"") --",2023-05-13T20:10:01.052Z,168400860105200
"-- ending hand #95 --",2023-05-13T20:09:55.110Z,168400859511002
"""Aiden A @ XREWYWn-gd"" collected 2.50 from pot",2023-05-13T20:09:55.110Z,168400859511001
"Uncalled bet of 2.50 returned to ""Aiden A @ XREWYWn-gd""",2023-05-13T20:09:55.110Z,168400859511000
"""Dp @ YyWpODWXWx"" folds",2023-05-13T20:09:54.260Z,168400859426000
"""Mamo @ abVmUlEwy_"" folds",2023-05-13T20:09:53.301Z,168400859330100
"""mp @ -DkySTil6a"" folds",2023-05-13T20:09:52.227Z,168400859222700
"""Aiden A @ XREWYWn-gd"" raises to 3.50",2023-05-13T20:09:51.315Z,168400859131500
"""JV @ mxbmy34bn7"" folds",2023-05-13T20:09:47.813Z,168400858781300
"""Goml @ Bod7b088c-"" folds",2023-05-13T20:09:43.808Z,168400858380800
"""Dp @ YyWpODWXWx"" posts a big blind of 1.00",2023-05-13T20:09:41.134Z,168400858113409
"""Mamo @ abVmUlEwy_"" posts a small blind of 0.50",2023-05-13T20:09:41.134Z,168400858113408
"Player stacks: #1 ""Mamo @ abVmUlEwy_"" (147.63) | #2 ""Dp @ YyWpODWXWx"" (85.50) | #5 ""Goml @ Bod7b088c-"" (233.11) | #6 ""JV @ mxbmy34bn7"" (187.99) | #8 ""Aiden A @ XREWYWn-gd"" (173.37) | #9 ""mp @ -DkySTil6a"" (155.26)",2023-05-13T20:09:41.134Z,168400858113401
"-- starting hand #95 (id: ohoolgsr8oa7)  (No Limit Texas Hold'em) (dealer: ""mp @ -DkySTil6a"") --",2023-05-13T20:09:41.134Z,168400858113400
"-- ending hand #94 --",2023-05-13T20:09:35.102Z,168400857510203
"""Mamo @ abVmUlEwy_"" shows a K♦, 9♦.",2023-05-13T20:09:35.102Z,168400857510202
"""Aiden A @ XREWYWn-gd"" collected 18.74 from pot with Pair, J's (combination: J♠, J♥, A♦, K♣, Q♦)",2023-05-13T20:09:35.102Z,168400857510201
"""Aiden A @ XREWYWn-gd"" shows a K♣, J♠.",2023-05-13T20:09:35.102Z,168400857510200
"""Aiden A @ XREWYWn-gd"" checks",2023-05-13T20:09:34.258Z,168400857425800
"""Mamo @ abVmUlEwy_"" checks",2023-05-13T20:09:33.156Z,168400857315600
"River: Q♦, A♦, 5♥, J♥ [2♣]",2023-05-13T20:09:31.404Z,168400857140400
"""Mamo @ abVmUlEwy_"" calls 5.62",2023-05-13T20:09:30.582Z,168400857058200
"""Aiden A @ XREWYWn-gd"" bets 5.62",2023-05-13T20:09:28.039Z,168400856803900
"""Mamo @ abVmUlEwy_"" checks",2023-05-13T20:09:22.906Z,168400856290600
"Turn: Q♦, A♦, 5♥ [J♥]",2023-05-13T20:09:19.267Z,168400855926700
"""Aiden A @ XREWYWn-gd"" checks",2023-05-13T20:09:18.401Z,168400855840100
"""Mamo @ abVmUlEwy_"" checks",2023-05-13T20:09:16.296Z,168400855629600
"Flop:  [Q♦, A♦, 5♥]",2023-05-13T20:09:10.859Z,168400855085900
"""Mamo @ abVmUlEwy_"" calls 3.50",2023-05-13T20:09:10.018Z,168400855001800
"""mp @ -DkySTil6a"" folds",2023-05-13T20:09:09.020Z,168400854902000
"""Aiden A @ XREWYWn-gd"" raises to 3.50",2023-05-13T20:09:08.021Z,168400854802100
"""JV @ mxbmy34bn7"" folds",2023-05-13T20:09:04.312Z,168400854431200
"""Goml @ Bod7b088c-"" folds",2023-05-13T20:09:00.079Z,168400854007900
"""Dp @ YyWpODWXWx"" folds",2023-05-13T20:08:58.794Z,168400853879400
"""Mamo @ abVmUlEwy_"" posts a big blind of 1.00",2023-05-13T20:08:55.952Z,168400853595209
"""mp @ -DkySTil6a"" posts a small blind of 0.50",2023-05-13T20:08:55.952Z,168400853595208
"Player stacks: #1 ""Mamo @ abVmUlEwy_"" (156.75) | #2 ""Dp @ YyWpODWXWx"" (85.50) | #5 ""Goml @ Bod7b088c-"" (233.11) | #6 ""JV @ mxbmy34bn7"" (187.99) | #8 ""Aiden A @ XREWYWn-gd"" (163.75) | #9 ""mp @ -DkySTil6a"" (155.76)",2023-05-13T20:08:55.952Z,168400853595201
"-- starting hand #94 (id: cxtithhpxkwj)  (No Limit Texas Hold'em) (dealer: ""Aiden A @ XREWYWn-gd"") --",2023-05-13T20:08:55.952Z,168400853595200
"-- ending hand #93 --",2023-05-13T20:08:50.036Z,168400853003602
"""JV @ mxbmy34bn7"" collected 10.50 from pot",2023-05-13T20:08:50.036Z,168400853003601
"Uncalled bet of 4.25 returned to ""JV @ mxbmy34bn7""",2023-05-13T20:08:50.036Z,168400853003600
"""Goml @ Bod7b088c-"" folds",2023-05-13T20:08:49.206Z,168400852920600
"""JV @ mxbmy34bn7"" bets 4.25",2023-05-13T20:08:48.293Z,168400852829300
"""Goml @ Bod7b088c-"" checks",2023-05-13T20:08:42.011Z,168400852201100
"Turn: 3♣, 5♥, K♦ [Q♠]",2023-05-13T20:08:39.427Z,168400851942700
"""JV @ mxbmy34bn7"" checks",2023-05-13T20:08:38.593Z,168400851859300
"""Goml @ Bod7b088c-"" checks",2023-05-13T20:08:34.423Z,168400851442300
"Flop:  [3♣, 5♥, K♦]",2023-05-13T20:08:32.914Z,168400851291400
"""Goml @ Bod7b088c-"" calls 4.50",2023-05-13T20:08:32.039Z,168400851203900
"""mp @ -DkySTil6a"" folds",2023-05-13T20:08:30.926Z,168400851092600
"""Aiden A @ XREWYWn-gd"" folds",2023-05-13T20:08:29.920Z,168400850992000
"""JV @ mxbmy34bn7"" raises to 4.50",2023-05-13T20:08:28.793Z,168400850879300
"""Goml @ Bod7b088c-"" calls 1.00",2023-05-13T20:08:22.266Z,168400850226600
"""Dp @ YyWpODWXWx"" folds",2023-05-13T20:08:21.052Z,168400850105200
"""Mamo @ abVmUlEwy_"" folds",2023-05-13T20:08:11.814Z,168400849181400
"""mp @ -DkySTil6a"" posts a big blind of 1.00",2023-05-13T20:08:10.804Z,168400849080409
"""Aiden A @ XREWYWn-gd"" posts a small blind of 0.50",2023-05-13T20:08:10.804Z,168400849080408
"Player stacks: #1 ""Mamo @ abVmUlEwy_"" (156.75) | #2 ""Dp @ YyWpODWXWx"" (85.50) | #5 ""Goml @ Bod7b088c-"" (237.61) | #6 ""JV @ mxbmy34bn7"" (181.99) | #8 ""Aiden A @ XREWYWn-gd"" (164.25) | #9 ""mp @ -DkySTil6a"" (156.76)",2023-05-13T20:08:10.804Z,168400849080401
"-- starting hand #93 (id: 2q1nm3cwsvpw)  (No Limit Texas Hold'em) (dealer: ""JV @ mxbmy34bn7"") --",2023-05-13T20:08:10.804Z,168400849080400
"-- ending hand #92 --",2023-05-13T20:08:04.866Z,168400848486602
"""mp @ -DkySTil6a"" collected 12.00 from pot",2023-05-13T20:08:04.866Z,168400848486601
"Uncalled bet of 8.00 returned to ""mp @ -DkySTil6a""",2023-05-13T20:08:04.866Z,168400848486600
"""Goml @ Bod7b088c-"" folds",2023-05-13T20:08:04.009Z,168400848400900
"""Mamo @ abVmUlEwy_"" folds",2023-05-13T20:08:03.133Z,168400848313300
"""mp @ -DkySTil6a"" bets 8.00",2023-05-13T20:07:55.826Z,168400847582600
"Flop:  [K♦, 10♥, 7♦]",2023-05-13T20:07:38.918Z,168400845891800
"""Aiden A @ XREWYWn-gd"" folds",2023-05-13T20:07:38.095Z,168400845809500
"""JV @ mxbmy34bn7"" folds",2023-05-13T20:07:36.942Z,168400845694200
"""Goml @ Bod7b088c-"" calls 3.50",2023-05-13T20:07:35.963Z,168400845596300
"""Dp @ YyWpODWXWx"" folds",2023-05-13T20:07:33.798Z,168400845379800
"""Mamo @ abVmUlEwy_"" calls 3.50",2023-05-13T20:07:32.855Z,168400845285500
"""mp @ -DkySTil6a"" raises to 3.50",2023-05-13T20:07:31.570Z,168400845157000
"""Aiden A @ XREWYWn-gd"" posts a big blind of 1.00",2023-05-13T20:07:28.217Z,168400844821709
"""JV @ mxbmy34bn7"" posts a small blind of 0.50",2023-05-13T20:07:28.217Z,168400844821708
"Player stacks: #1 ""Mamo @ abVmUlEwy_"" (160.25) | #2 ""Dp @ YyWpODWXWx"" (85.50) | #5 ""Goml @ Bod7b088c-"" (241.11) | #6 ""JV @ mxbmy34bn7"" (182.49) | #8 ""Aiden A @ XREWYWn-gd"" (165.25) | #9 ""mp @ -DkySTil6a"" (148.26)",2023-05-13T20:07:28.217Z,168400844821701
"-- starting hand #92 (id: uaeicxwyc8ar)  (No Limit Texas Hold'em) (dealer: ""Goml @ Bod7b088c-"") --",2023-05-13T20:07:28.217Z,168400844821700
"-- ending hand #91 --",2023-05-13T20:07:22.311Z,168400844231102
"""JV @ mxbmy34bn7"" collected 1.00 from pot",2023-05-13T20:07:22.311Z,168400844231101
"Uncalled bet of 0.50 returned to ""JV @ mxbmy34bn7""",2023-05-13T20:07:22.311Z,168400844231100
"""Goml @ Bod7b088c-"" folds",2023-05-13T20:07:21.465Z,168400844146500
"""Dp @ YyWpODWXWx"" folds",2023-05-13T20:07:20.576Z,168400844057600
"""Mamo @ abVmUlEwy_"" folds",2023-05-13T20:07:18.213Z,168400843821300
"""mp @ -DkySTil6a"" folds",2023-05-13T20:07:17.190Z,168400843719000
"""Aiden A @ XREWYWn-gd"" folds",2023-05-13T20:07:16.292Z,168400843629200
"""JV @ mxbmy34bn7"" posts a big blind of 1.00",2023-05-13T20:07:14.499Z,168400843449909
"""Goml @ Bod7b088c-"" posts a small blind of 0.50",2023-05-13T20:07:14.499Z,168400843449908
"Player stacks: #1 ""Mamo @ abVmUlEwy_"" (160.25) | #2 ""Dp @ YyWpODWXWx"" (85.50) | #5 ""Goml @ Bod7b088c-"" (241.61) | #6 ""JV @ mxbmy34bn7"" (181.99) | #8 ""Aiden A @ XREWYWn-gd"" (165.25) | #9 ""mp @ -DkySTil6a"" (148.26)",2023-05-13T20:07:14.499Z,168400843449901
"-- starting hand #91 (id: 4bsuzgjiod6d)  (No Limit Texas Hold'em) (dealer: ""Dp @ YyWpODWXWx"") --",2023-05-13T20:07:14.499Z,168400843449900
"-- ending hand #90 --",2023-05-13T20:07:08.590Z,168400842859002
"""Goml @ Bod7b088c-"" collected 1.00 from pot",2023-05-13T20:07:08.590Z,168400842859001
"Uncalled bet of 0.50 returned to ""Goml @ Bod7b088c-""",2023-05-13T20:07:08.590Z,168400842859000
"""Dp @ YyWpODWXWx"" folds",2023-05-13T20:07:07.777Z,168400842777700
"""Mamo @ abVmUlEwy_"" folds",2023-05-13T20:07:04.928Z,168400842492800
"""mp @ -DkySTil6a"" folds",2023-05-13T20:07:03.773Z,168400842377300
"""Aiden A @ XREWYWn-gd"" folds",2023-05-13T20:07:02.895Z,168400842289500
"""JV @ mxbmy34bn7"" folds",2023-05-13T20:07:01.961Z,168400842196100
"""Goml @ Bod7b088c-"" posts a big blind of 1.00",2023-05-13T20:07:00.691Z,168400842069109
"""Dp @ YyWpODWXWx"" posts a small blind of 0.50",2023-05-13T20:07:00.691Z,168400842069108
"Player stacks: #1 ""Mamo @ abVmUlEwy_"" (160.25) | #2 ""Dp @ YyWpODWXWx"" (86.00) | #5 ""Goml @ Bod7b088c-"" (241.11) | #6 ""JV @ mxbmy34bn7"" (181.99) | #8 ""Aiden A @ XREWYWn-gd"" (165.25) | #9 ""mp @ -DkySTil6a"" (148.26)",2023-05-13T20:07:00.691Z,168400842069101
"-- starting hand #90 (id: vgsdx9oah0i9)  (No Limit Texas Hold'em) (dealer: ""Mamo @ abVmUlEwy_"") --",2023-05-13T20:07:00.691Z,168400842069100
"-- ending hand #89 --",2023-05-13T20:06:54.680Z,168400841468003
"""Mamo @ abVmUlEwy_"" shows a 7♦, K♣.",2023-05-13T20:06:54.680Z,168400841468002
"""mp @ -DkySTil6a"" collected 35.00 from pot with Two Pair, 10's & 8's (combination: 10♥, 10♠, 8♥, 8♠, Q♦)",2023-05-13T20:06:54.680Z,168400841468001
"""mp @ -DkySTil6a"" shows a Q♦, 10♥.",2023-05-13T20:06:54.680Z,168400841468000
"""mp @ -DkySTil6a"" calls 9.00",2023-05-13T20:06:53.837Z,168400841383700
"""Mamo @ abVmUlEwy_"" bets 9.00",2023-05-13T20:06:52.897Z,168400841289700
"River: 8♥, 10♠, 7♥, 8♠ [3♠]",2023-05-13T20:06:45.964Z,168400840596400
"""mp @ -DkySTil6a"" checks",2023-05-13T20:06:45.104Z,168400840510400
"""Mamo @ abVmUlEwy_"" checks",2023-05-13T20:06:39.974Z,168400839997400
"Turn: 8♥, 10♠, 7♥ [8♠]",2023-05-13T20:06:36.421Z,168400839642100
"""mp @ -DkySTil6a"" calls 4.00",2023-05-13T20:06:35.597Z,168400839559700
"""Dp @ YyWpODWXWx"" folds",2023-05-13T20:06:33.986Z,168400839398600
"""Mamo @ abVmUlEwy_"" bets 4.00",2023-05-13T20:06:32.868Z,168400839286800
"Flop:  [8♥, 10♠, 7♥]",2023-05-13T20:06:27.807Z,168400838780700
"""mp @ -DkySTil6a"" calls 3.00",2023-05-13T20:06:26.974Z,168400838697400
"""Dp @ YyWpODWXWx"" calls 3.00",2023-05-13T20:06:25.597Z,168400838559700
"""Mamo @ abVmUlEwy_"" raises to 3.00",2023-05-13T20:06:24.140Z,168400838414000
"""mp @ -DkySTil6a"" calls 1.00",2023-05-13T20:06:15.593Z,168400837559300
"""Aiden A @ XREWYWn-gd"" folds",2023-05-13T20:06:14.559Z,168400837455900
"""JV @ mxbmy34bn7"" folds",2023-05-13T20:06:13.354Z,168400837335400
"""Goml @ Bod7b088c-"" folds",2023-05-13T20:06:06.899Z,168400836689900
"""Dp @ YyWpODWXWx"" posts a big blind of 1.00",2023-05-13T20:06:05.427Z,168400836542709
"""Mamo @ abVmUlEwy_"" posts a small blind of 0.50",2023-05-13T20:06:05.427Z,168400836542708
"Player stacks: #1 ""Mamo @ abVmUlEwy_"" (176.25) | #2 ""Dp @ YyWpODWXWx"" (89.00) | #5 ""Goml @ Bod7b088c-"" (241.11) | #6 ""JV @ mxbmy34bn7"" (181.99) | #8 ""Aiden A @ XREWYWn-gd"" (165.25) | #9 ""mp @ -DkySTil6a"" (129.26)",2023-05-13T20:06:05.427Z,168400836542701
"-- starting hand #89 (id: 9i3wxb4oq5zu)  (No Limit Texas Hold'em) (dealer: ""mp @ -DkySTil6a"") --",2023-05-13T20:06:05.427Z,168400836542700
"-- ending hand #88 --",2023-05-13T20:05:59.520Z,168400835952002
"""Mamo @ abVmUlEwy_"" collected 1.00 from pot",2023-05-13T20:05:59.520Z,168400835952001
"Uncalled bet of 0.50 returned to ""Mamo @ abVmUlEwy_""",2023-05-13T20:05:59.520Z,168400835952000
"""mp @ -DkySTil6a"" folds",2023-05-13T20:05:58.647Z,168400835864700
"""Aiden A @ XREWYWn-gd"" folds",2023-05-13T20:05:57.592Z,168400835759200
"""JV @ mxbmy34bn7"" folds",2023-05-13T20:05:56.485Z,168400835648500
"""Goml @ Bod7b088c-"" folds",2023-05-13T20:05:55.228Z,168400835522800
"""Dp @ YyWpODWXWx"" folds",2023-05-13T20:05:54.347Z,168400835434700
"""Mamo @ abVmUlEwy_"" posts a big blind of 1.00",2023-05-13T20:05:52.917Z,168400835291709
"""mp @ -DkySTil6a"" posts a small blind of 0.50",2023-05-13T20:05:52.917Z,168400835291708
"Player stacks: #1 ""Mamo @ abVmUlEwy_"" (175.75) | #2 ""Dp @ YyWpODWXWx"" (89.00) | #5 ""Goml @ Bod7b088c-"" (241.11) | #6 ""JV @ mxbmy34bn7"" (181.99) | #8 ""Aiden A @ XREWYWn-gd"" (165.25) | #9 ""mp @ -DkySTil6a"" (129.76)",2023-05-13T20:05:52.917Z,168400835291701
"-- starting hand #88 (id: yvdy9sxwjh94)  (No Limit Texas Hold'em) (dealer: ""Aiden A @ XREWYWn-gd"") --",2023-05-13T20:05:52.917Z,168400835291700
"-- ending hand #87 --",2023-05-13T20:05:46.953Z,168400834695302
"""mp @ -DkySTil6a"" collected 1.00 from pot",2023-05-13T20:05:46.953Z,168400834695301
"Uncalled bet of 0.50 returned to ""mp @ -DkySTil6a""",2023-05-13T20:05:46.953Z,168400834695300
"""Aiden A @ XREWYWn-gd"" folds",2023-05-13T20:05:46.081Z,168400834608100
"""JV @ mxbmy34bn7"" folds",2023-05-13T20:05:32.458Z,168400833245800
"""Goml @ Bod7b088c-"" folds",2023-05-13T20:05:29.971Z,168400832997100
"""Dp @ YyWpODWXWx"" folds",2023-05-13T20:05:29.057Z,168400832905700
"""Mamo @ abVmUlEwy_"" folds",2023-05-13T20:05:09.860Z,168400830986000
"""mp @ -DkySTil6a"" posts a big blind of 1.00",2023-05-13T20:05:08.084Z,168400830808409
"""Aiden A @ XREWYWn-gd"" posts a small blind of 0.50",2023-05-13T20:05:08.084Z,168400830808408
"Player stacks: #1 ""Mamo @ abVmUlEwy_"" (175.75) | #2 ""Dp @ YyWpODWXWx"" (89.00) | #5 ""Goml @ Bod7b088c-"" (241.11) | #6 ""JV @ mxbmy34bn7"" (181.99) | #8 ""Aiden A @ XREWYWn-gd"" (165.75) | #9 ""mp @ -DkySTil6a"" (129.26)",2023-05-13T20:05:08.084Z,168400830808401
"-- starting hand #87 (id: clc5phfkreg0)  (No Limit Texas Hold'em) (dealer: ""JV @ mxbmy34bn7"") --",2023-05-13T20:05:08.084Z,168400830808400
"-- ending hand #86 --",2023-05-13T20:05:02.074Z,168400830207403
"""Aiden A @ XREWYWn-gd"" shows a 9♠, 5♠.",2023-05-13T20:05:02.074Z,168400830207402
"""Goml @ Bod7b088c-"" collected 2.50 from pot with Pair, J's (combination: J♥, J♠, A♥, 10♦, 8♣)",2023-05-13T20:05:02.074Z,168400830207401
"""Goml @ Bod7b088c-"" shows a 3♦, 10♦.",2023-05-13T20:05:02.074Z,168400830207400
"""Goml @ Bod7b088c-"" checks",2023-05-13T20:05:01.203Z,168400830120300
"""Aiden A @ XREWYWn-gd"" checks",2023-05-13T20:05:00.294Z,168400830029400
"River: J♥, A♥, 8♣, J♠ [7♣]",2023-05-13T20:04:59.129Z,168400829912900
"""Goml @ Bod7b088c-"" checks",2023-05-13T20:04:58.301Z,168400829830100
"""Aiden A @ XREWYWn-gd"" checks",2023-05-13T20:04:56.603Z,168400829660300
"Turn: J♥, A♥, 8♣ [J♠]",2023-05-13T20:04:55.220Z,168400829522000
"""Goml @ Bod7b088c-"" checks",2023-05-13T20:04:54.376Z,168400829437600
"""Aiden A @ XREWYWn-gd"" checks",2023-05-13T20:04:52.699Z,168400829269900
"Flop:  [J♥, A♥, 8♣]",2023-05-13T20:04:51.131Z,168400829113100
"""Aiden A @ XREWYWn-gd"" checks",2023-05-13T20:04:50.313Z,168400829031300
"""JV @ mxbmy34bn7"" folds",2023-05-13T20:04:48.646Z,168400828864600
"""Goml @ Bod7b088c-"" calls 1.00",2023-05-13T20:04:47.432Z,168400828743200
"""Dp @ YyWpODWXWx"" folds",2023-05-13T20:04:46.019Z,168400828601900
"""Mamo @ abVmUlEwy_"" folds",2023-05-13T20:04:45.019Z,168400828501900
"""mp @ -DkySTil6a"" folds",2023-05-13T20:04:43.181Z,168400828318100
"""Aiden A @ XREWYWn-gd"" posts a big blind of 1.00",2023-05-13T20:04:41.716Z,168400828171609
"""JV @ mxbmy34bn7"" posts a small blind of 0.50",2023-05-13T20:04:41.716Z,168400828171608
"Player stacks: #1 ""Mamo @ abVmUlEwy_"" (175.75) | #2 ""Dp @ YyWpODWXWx"" (89.00) | #5 ""Goml @ Bod7b088c-"" (239.61) | #6 ""JV @ mxbmy34bn7"" (182.49) | #8 ""Aiden A @ XREWYWn-gd"" (166.75) | #9 ""mp @ -DkySTil6a"" (129.26)",2023-05-13T20:04:41.716Z,168400828171601
"-- starting hand #86 (id: kvisviskftir)  (No Limit Texas Hold'em) (dealer: ""Goml @ Bod7b088c-"") --",2023-05-13T20:04:41.716Z,168400828171600
"-- ending hand #85 --",2023-05-13T20:04:38.715Z,168400827871502
"""JV @ mxbmy34bn7"" collected 37.48 from pot",2023-05-13T20:04:38.715Z,168400827871501
"Uncalled bet of 37.48 returned to ""JV @ mxbmy34bn7""",2023-05-13T20:04:38.715Z,168400827871500
"""mp @ -DkySTil6a"" folds",2023-05-13T20:04:37.866Z,168400827786600
"""JV @ mxbmy34bn7"" bets 37.48",2023-05-13T20:04:33.444Z,168400827344400
"River: 10♦, 4♣, 6♠, 6♥ [5♣]",2023-05-13T20:04:19.379Z,168400825937900
"""JV @ mxbmy34bn7"" calls 9.37",2023-05-13T20:04:18.543Z,168400825854300
"""mp @ -DkySTil6a"" bets 9.37",2023-05-13T20:04:12.413Z,168400825241300
"""JV @ mxbmy34bn7"" checks",2023-05-13T20:04:07.893Z,168400824789300
"Turn: 10♦, 4♣, 6♠ [6♥]",2023-05-13T20:04:06.545Z,168400824654500
"""JV @ mxbmy34bn7"" calls 5.62",2023-05-13T20:04:05.735Z,168400824573500
"""mp @ -DkySTil6a"" bets 5.62",2023-05-13T20:04:00.320Z,168400824032000
"""JV @ mxbmy34bn7"" checks",2023-05-13T20:03:57.489Z,168400823748900
"Flop:  [10♦, 4♣, 6♠]",2023-05-13T20:03:55.023Z,168400823502300
"""JV @ mxbmy34bn7"" calls 3.50",2023-05-13T20:03:54.144Z,168400823414400
"""Goml @ Bod7b088c-"" folds",2023-05-13T20:03:51.075Z,168400823107500
"""Dp @ YyWpODWXWx"" folds",2023-05-13T20:03:50.164Z,168400823016400
"""Mamo @ abVmUlEwy_"" folds",2023-05-13T20:03:48.725Z,168400822872500
"""mp @ -DkySTil6a"" raises to 3.50",2023-05-13T20:03:47.511Z,168400822751100
"""Aiden A @ XREWYWn-gd"" folds",2023-05-13T20:03:45.284Z,168400822528400
"""JV @ mxbmy34bn7"" posts a big blind of 1.00",2023-05-13T20:03:43.999Z,168400822399909
"""Goml @ Bod7b088c-"" posts a small blind of 0.50",2023-05-13T20:03:43.999Z,168400822399908
"Player stacks: #1 ""Mamo @ abVmUlEwy_"" (175.75) | #2 ""Dp @ YyWpODWXWx"" (89.00) | #5 ""Goml @ Bod7b088c-"" (240.11) | #6 ""JV @ mxbmy34bn7"" (163.50) | #8 ""Aiden A @ XREWYWn-gd"" (166.75) | #9 ""mp @ -DkySTil6a"" (147.75)",2023-05-13T20:03:43.999Z,168400822399901
"-- starting hand #85 (id: jqllrdh6wotl)  (No Limit Texas Hold'em) (dealer: ""Dp @ YyWpODWXWx"") --",2023-05-13T20:03:43.999Z,168400822399900
"-- ending hand #84 --",2023-05-13T20:03:38.069Z,168400821806902
"""Mamo @ abVmUlEwy_"" collected 7.50 from pot",2023-05-13T20:03:38.069Z,168400821806901
"Uncalled bet of 3.00 returned to ""Mamo @ abVmUlEwy_""",2023-05-13T20:03:38.069Z,168400821806900
"""mp @ -DkySTil6a"" folds",2023-05-13T20:03:37.225Z,168400821722500
"""Mamo @ abVmUlEwy_"" bets 3.00",2023-05-13T20:03:34.301Z,168400821430100
"""mp @ -DkySTil6a"" checks",2023-05-13T20:03:31.183Z,168400821118300
"Turn: J♠, 8♣, 2♦ [4♠]",2023-05-13T20:03:28.352Z,168400820835200
"""Mamo @ abVmUlEwy_"" checks",2023-05-13T20:03:27.521Z,168400820752100
"""mp @ -DkySTil6a"" checks",2023-05-13T20:03:25.544Z,168400820554400
"Flop:  [J♠, 8♣, 2♦]",2023-05-13T20:03:23.709Z,168400820370900
"""mp @ -DkySTil6a"" calls 3.00",2023-05-13T20:03:22.890Z,168400820289000
"""Goml @ Bod7b088c-"" folds",2023-05-13T20:03:21.927Z,168400820192700
"""Dp @ YyWpODWXWx"" folds",2023-05-13T20:03:21.015Z,168400820101500
"""Mamo @ abVmUlEwy_"" raises to 3.00",2023-05-13T20:03:18.200Z,168400819820000
"""mp @ -DkySTil6a"" calls 1.00",2023-05-13T20:03:12.125Z,168400819212500
"""Aiden A @ XREWYWn-gd"" folds",2023-05-13T20:03:10.949Z,168400819094900
"""JV @ mxbmy34bn7"" folds",2023-05-13T20:03:09.753Z,168400818975300
"""Goml @ Bod7b088c-"" posts a big blind of 1.00",2023-05-13T20:03:08.693Z,168400818869309
"""Dp @ YyWpODWXWx"" posts a small blind of 0.50",2023-05-13T20:03:08.693Z,168400818869308
"Player stacks: #1 ""Mamo @ abVmUlEwy_"" (171.25) | #2 ""Dp @ YyWpODWXWx"" (89.50) | #5 ""Goml @ Bod7b088c-"" (241.11) | #6 ""JV @ mxbmy34bn7"" (163.50) | #8 ""Aiden A @ XREWYWn-gd"" (166.75) | #9 ""mp @ -DkySTil6a"" (150.75)",2023-05-13T20:03:08.693Z,168400818869301
"-- starting hand #84 (id: ehobsyevtzxt)  (No Limit Texas Hold'em) (dealer: ""Mamo @ abVmUlEwy_"") --",2023-05-13T20:03:08.693Z,168400818869300
"""mp @ -DkySTil6a"" shows a 3♦, Q♥.",2023-05-13T20:03:05.218Z,168400818521800
"-- ending hand #83 --",2023-05-13T20:03:02.038Z,168400818203802
"""Aiden A @ XREWYWn-gd"" collected 6.50 from pot",2023-05-13T20:03:02.038Z,168400818203801
"Uncalled bet of 3.25 returned to ""Aiden A @ XREWYWn-gd""",2023-05-13T20:03:02.038Z,168400818203800
"""Dp @ YyWpODWXWx"" folds",2023-05-13T20:03:01.179Z,168400818117900
"""Aiden A @ XREWYWn-gd"" bets 3.25",2023-05-13T20:02:56.763Z,168400817676300
"""Dp @ YyWpODWXWx"" checks",2023-05-13T20:02:53.334Z,168400817333400
"Flop:  [5♣, Q♦, 7♠]",2023-05-13T20:02:52.213Z,168400817221300
"""Dp @ YyWpODWXWx"" calls 3.00",2023-05-13T20:02:51.323Z,168400817132300
"""Mamo @ abVmUlEwy_"" folds",2023-05-13T20:02:49.574Z,168400816957400
"""mp @ -DkySTil6a"" folds",2023-05-13T20:02:44.596Z,168400816459600
"""Aiden A @ XREWYWn-gd"" raises to 3.00",2023-05-13T20:02:43.600Z,168400816360000
"""JV @ mxbmy34bn7"" folds",2023-05-13T20:02:40.968Z,168400816096800
"""Goml @ Bod7b088c-"" folds",2023-05-13T20:02:39.739Z,168400815973900
"""Dp @ YyWpODWXWx"" posts a big blind of 1.00",2023-05-13T20:02:38.591Z,168400815859109
"""Mamo @ abVmUlEwy_"" posts a small blind of 0.50",2023-05-13T20:02:38.591Z,168400815859108
"Player stacks: #1 ""Mamo @ abVmUlEwy_"" (171.75) | #2 ""Dp @ YyWpODWXWx"" (92.50) | #5 ""Goml @ Bod7b088c-"" (241.11) | #6 ""JV @ mxbmy34bn7"" (163.50) | #8 ""Aiden A @ XREWYWn-gd"" (163.25) | #9 ""mp @ -DkySTil6a"" (150.75)",2023-05-13T20:02:38.591Z,168400815859101
"-- starting hand #83 (id: 8ce1i958ixjv)  (No Limit Texas Hold'em) (dealer: ""mp @ -DkySTil6a"") --",2023-05-13T20:02:38.591Z,168400815859100
"""Dp @ YyWpODWXWx"" shows a 6♥, 2♠.",2023-05-13T20:02:35.635Z,168400815563500
"-- ending hand #82 --",2023-05-13T20:02:32.011Z,168400815201102
"""Goml @ Bod7b088c-"" collected 7.00 from pot with Pair, 10's (combination: 10♥, 10♣, Q♣, 9♠, 7♥)",2023-05-13T20:02:32.011Z,168400815201101
"""Goml @ Bod7b088c-"" shows a 10♥, 7♥.",2023-05-13T20:02:32.011Z,168400815201100
"""Aiden A @ XREWYWn-gd"" checks",2023-05-13T20:02:31.198Z,168400815119800
"""Goml @ Bod7b088c-"" checks",2023-05-13T20:02:30.075Z,168400815007500
"River: 10♣, 4♠, 5♥, Q♣ [9♠]",2023-05-13T20:02:28.287Z,168400814828700
"""Aiden A @ XREWYWn-gd"" checks",2023-05-13T20:02:27.470Z,168400814747000
"""Goml @ Bod7b088c-"" checks",2023-05-13T20:02:24.541Z,168400814454100
"Turn: 10♣, 4♠, 5♥ [Q♣]",2023-05-13T20:02:23.281Z,168400814328100
"""Mamo @ abVmUlEwy_"" folds",2023-05-13T20:02:22.366Z,168400814236600
"""Aiden A @ XREWYWn-gd"" calls 1.75",2023-05-13T20:02:20.572Z,168400814057200
"""Goml @ Bod7b088c-"" bets 1.75",2023-05-13T20:02:18.765Z,168400813876500
"""Mamo @ abVmUlEwy_"" checks",2023-05-13T20:02:16.014Z,168400813601400
"Flop:  [10♣, 4♠, 5♥]",2023-05-13T20:02:13.723Z,168400813372300
"""Mamo @ abVmUlEwy_"" checks",2023-05-13T20:02:12.907Z,168400813290700
"""mp @ -DkySTil6a"" folds",2023-05-13T20:02:07.358Z,168400812735800
"""Aiden A @ XREWYWn-gd"" calls 1.00",2023-05-13T20:02:06.471Z,168400812647100
"""JV @ mxbmy34bn7"" folds",2023-05-13T20:02:04.074Z,168400812407400
"""Goml @ Bod7b088c-"" calls 1.00",2023-05-13T20:02:02.042Z,168400812204200
"""Dp @ YyWpODWXWx"" folds",2023-05-13T20:01:59.727Z,168400811972700
"""Mamo @ abVmUlEwy_"" posts a big blind of 1.00",2023-05-13T20:01:58.645Z,168400811864509
"""mp @ -DkySTil6a"" posts a small blind of 0.50",2023-05-13T20:01:58.645Z,168400811864508
"Player stacks: #1 ""Mamo @ abVmUlEwy_"" (172.75) | #2 ""Dp @ YyWpODWXWx"" (92.50) | #5 ""Goml @ Bod7b088c-"" (236.86) | #6 ""JV @ mxbmy34bn7"" (163.50) | #8 ""Aiden A @ XREWYWn-gd"" (166.00) | #9 ""mp @ -DkySTil6a"" (151.25)",2023-05-13T20:01:58.645Z,168400811864501
"-- starting hand #82 (id: 0inpqxkmp7ml)  (No Limit Texas Hold'em) (dealer: ""Aiden A @ XREWYWn-gd"") --",2023-05-13T20:01:58.645Z,168400811864500
"-- ending hand #81 --",2023-05-13T20:01:52.636Z,168400811263604
"""Aiden A @ XREWYWn-gd"" collected 14.00 from pot with Straight, J High (combination: J♣, 10♥, 9♠, 8♠, 7♥)",2023-05-13T20:01:52.636Z,168400811263603
"""Aiden A @ XREWYWn-gd"" shows a A♣, J♣.",2023-05-13T20:01:52.636Z,168400811263602
"""Goml @ Bod7b088c-"" collected 14.00 from pot with Straight, J High (combination: J♦, 10♦, 9♠, 8♠, 7♥)",2023-05-13T20:01:52.636Z,168400811263601
"""Goml @ Bod7b088c-"" shows a J♦, 10♦.",2023-05-13T20:01:52.636Z,168400811263600
"""Goml @ Bod7b088c-"" calls 6.00",2023-05-13T20:01:51.735Z,168400811173500
"""Aiden A @ XREWYWn-gd"" bets 6.00",2023-05-13T20:01:50.012Z,168400811001200
"River: 8♠, 7♥, 5♥, 10♥ [9♠]",2023-05-13T20:01:44.890Z,168400810489000
"""Goml @ Bod7b088c-"" calls 3.50",2023-05-13T20:01:44.048Z,168400810404800
"""Aiden A @ XREWYWn-gd"" bets 3.50",2023-05-13T20:01:42.712Z,168400810271200
"Turn: 8♠, 7♥, 5♥ [10♥]",2023-05-13T20:01:37.618Z,168400809761800
"""Goml @ Bod7b088c-"" checks",2023-05-13T20:01:36.797Z,168400809679700
"""Aiden A @ XREWYWn-gd"" checks",2023-05-13T20:01:35.100Z,168400809510000
"Flop:  [8♠, 7♥, 5♥]",2023-05-13T20:01:32.860Z,168400809286000
"""Goml @ Bod7b088c-"" calls 4.00",2023-05-13T20:01:32.022Z,168400809202200
"""mp @ -DkySTil6a"" folds",2023-05-13T20:01:30.668Z,168400809066800
"""Aiden A @ XREWYWn-gd"" raises to 4.00",2023-05-13T20:01:28.780Z,168400808878000
"""JV @ mxbmy34bn7"" folds",2023-05-13T20:01:26.092Z,168400808609200
"""Goml @ Bod7b088c-"" calls 1.00",2023-05-13T20:01:23.731Z,168400808373100
"""Dp @ YyWpODWXWx"" folds",2023-05-13T20:01:20.788Z,168400808078800
"""Mamo @ abVmUlEwy_"" folds",2023-05-13T20:01:18.974Z,168400807897400
"""mp @ -DkySTil6a"" posts a big blind of 1.00",2023-05-13T20:01:16.665Z,168400807666509
"""Aiden A @ XREWYWn-gd"" posts a small blind of 0.50",2023-05-13T20:01:16.665Z,168400807666508
"Player stacks: #1 ""Mamo @ abVmUlEwy_"" (172.75) | #2 ""Dp @ YyWpODWXWx"" (92.50) | #5 ""Goml @ Bod7b088c-"" (236.36) | #6 ""JV @ mxbmy34bn7"" (163.50) | #8 ""Aiden A @ XREWYWn-gd"" (165.50) | #9 ""mp @ -DkySTil6a"" (152.25)",2023-05-13T20:01:16.665Z,168400807666501
"-- starting hand #81 (id: eyatmtgv0ilr)  (No Limit Texas Hold'em) (dealer: ""JV @ mxbmy34bn7"") --",2023-05-13T20:01:16.665Z,168400807666500
"-- ending hand #80 --",2023-05-13T20:01:10.751Z,168400807075102
"""Aiden A @ XREWYWn-gd"" collected 25.50 from pot",2023-05-13T20:01:10.751Z,168400807075101
"Uncalled bet of 12.75 returned to ""Aiden A @ XREWYWn-gd""",2023-05-13T20:01:10.751Z,168400807075100
"""Goml @ Bod7b088c-"" folds",2023-05-13T20:01:09.889Z,168400806988900
"""Aiden A @ XREWYWn-gd"" bets 12.75",2023-05-13T20:01:08.992Z,168400806899200
"Flop:  [K♥, A♣, 5♥]",2023-05-13T20:01:04.822Z,168400806482200
"""Goml @ Bod7b088c-"" calls 12.50",2023-05-13T20:01:03.939Z,168400806393900
"""Aiden A @ XREWYWn-gd"" raises to 12.50",2023-05-13T20:01:01.997Z,168400806199700
"""JV @ mxbmy34bn7"" folds",2023-05-13T20:00:57.921Z,168400805792100
"""Goml @ Bod7b088c-"" raises to 3.00",2023-05-13T20:00:56.993Z,168400805699300
"""Dp @ YyWpODWXWx"" folds",2023-05-13T20:00:54.238Z,168400805423800
"""Mamo @ abVmUlEwy_"" folds",2023-05-13T20:00:53.353Z,168400805335300
"""mp @ -DkySTil6a"" folds",2023-05-13T20:00:52.176Z,168400805217600
"""Aiden A @ XREWYWn-gd"" posts a big blind of 1.00",2023-05-13T20:00:50.763Z,168400805076309
"""JV @ mxbmy34bn7"" posts a small blind of 0.50",2023-05-13T20:00:50.763Z,168400805076308
"Player stacks: #1 ""Mamo @ abVmUlEwy_"" (172.75) | #2 ""Dp @ YyWpODWXWx"" (92.50) | #5 ""Goml @ Bod7b088c-"" (248.86) | #6 ""JV @ mxbmy34bn7"" (164.00) | #8 ""Aiden A @ XREWYWn-gd"" (152.50) | #9 ""mp @ -DkySTil6a"" (152.25)",2023-05-13T20:00:50.763Z,168400805076301
"-- starting hand #80 (id: 6wxtiacl6rah)  (No Limit Texas Hold'em) (dealer: ""Goml @ Bod7b088c-"") --",2023-05-13T20:00:50.763Z,168400805076300
"-- ending hand #79 --",2023-05-13T20:00:44.753Z,168400804475302
"""mp @ -DkySTil6a"" collected 4.00 from pot",2023-05-13T20:00:44.753Z,168400804475301
"Uncalled bet of 4.00 returned to ""mp @ -DkySTil6a""",2023-05-13T20:00:44.753Z,168400804475300
"""Aiden A @ XREWYWn-gd"" folds",2023-05-13T20:00:43.892Z,168400804389200
"""JV @ mxbmy34bn7"" folds",2023-05-13T20:00:42.887Z,168400804288700
"""Goml @ Bod7b088c-"" folds",2023-05-13T20:00:41.763Z,168400804176300
"""mp @ -DkySTil6a"" bets 4.00",2023-05-13T20:00:40.831Z,168400804083100
"""Aiden A @ XREWYWn-gd"" checks",2023-05-13T20:00:38.452Z,168400803845200
"""JV @ mxbmy34bn7"" checks",2023-05-13T20:00:37.125Z,168400803712500
"""Goml @ Bod7b088c-"" checks",2023-05-13T20:00:35.922Z,168400803592200
"Flop:  [5♣, 6♣, K♣]",2023-05-13T20:00:34.353Z,168400803435300
"""JV @ mxbmy34bn7"" checks",2023-05-13T20:00:33.525Z,168400803352500
"""Goml @ Bod7b088c-"" calls 1.00",2023-05-13T20:00:24.871Z,168400802487100
"""Dp @ YyWpODWXWx"" folds",2023-05-13T20:00:23.687Z,168400802368700
"""Mamo @ abVmUlEwy_"" folds",2023-05-13T20:00:21.034Z,168400802103400
"""mp @ -DkySTil6a"" calls 1.00",2023-05-13T20:00:19.972Z,168400801997200
"""Aiden A @ XREWYWn-gd"" calls 1.00",2023-05-13T20:00:18.311Z,168400801831100
"""JV @ mxbmy34bn7"" posts a big blind of 1.00",2023-05-13T20:00:16.885Z,168400801688509
"""Goml @ Bod7b088c-"" posts a small blind of 0.50",2023-05-13T20:00:16.885Z,168400801688508
"Player stacks: #1 ""Mamo @ abVmUlEwy_"" (172.75) | #2 ""Dp @ YyWpODWXWx"" (92.50) | #5 ""Goml @ Bod7b088c-"" (249.86) | #6 ""JV @ mxbmy34bn7"" (165.00) | #8 ""Aiden A @ XREWYWn-gd"" (153.50) | #9 ""mp @ -DkySTil6a"" (149.25)",2023-05-13T20:00:16.885Z,168400801688501
"-- starting hand #79 (id: xspr9z3ncthg)  (No Limit Texas Hold'em) (dealer: ""Dp @ YyWpODWXWx"") --",2023-05-13T20:00:16.885Z,168400801688500
"-- ending hand #78 --",2023-05-13T20:00:10.924Z,168400801092402
"""Mamo @ abVmUlEwy_"" collected 2.50 from pot",2023-05-13T20:00:10.924Z,168400801092401
"Uncalled bet of 3.00 returned to ""Mamo @ abVmUlEwy_""",2023-05-13T20:00:10.924Z,168400801092400
"""Goml @ Bod7b088c-"" folds",2023-05-13T20:00:10.086Z,168400801008600
"""Dp @ YyWpODWXWx"" folds",2023-05-13T20:00:09.160Z,168400800916000
"""Mamo @ abVmUlEwy_"" raises to 4.00",2023-05-13T20:00:08.259Z,168400800825900
"""mp @ -DkySTil6a"" folds",2023-05-13T20:00:00.053Z,168400800005300
"""Aiden A @ XREWYWn-gd"" folds",2023-05-13T19:59:59.112Z,168400799911200
"""JV @ mxbmy34bn7"" folds",2023-05-13T19:59:58.171Z,168400799817100
"""Goml @ Bod7b088c-"" posts a big blind of 1.00",2023-05-13T19:59:56.456Z,168400799645609
"""Dp @ YyWpODWXWx"" posts a small blind of 0.50",2023-05-13T19:59:56.456Z,168400799645608
"Player stacks: #1 ""Mamo @ abVmUlEwy_"" (171.25) | #2 ""Dp @ YyWpODWXWx"" (93.00) | #5 ""Goml @ Bod7b088c-"" (250.86) | #6 ""JV @ mxbmy34bn7"" (165.00) | #8 ""Aiden A @ XREWYWn-gd"" (153.50) | #9 ""mp @ -DkySTil6a"" (149.25)",2023-05-13T19:59:56.456Z,168400799645601
"-- starting hand #78 (id: aebtcvvyhnbl)  (No Limit Texas Hold'em) (dealer: ""Mamo @ abVmUlEwy_"") --",2023-05-13T19:59:56.456Z,168400799645600
"-- ending hand #77 --",2023-05-13T19:59:50.449Z,168400799044903
"""Aiden A @ XREWYWn-gd"" shows a 9♠, A♠.",2023-05-13T19:59:50.449Z,168400799044902
"""mp @ -DkySTil6a"" collected 15.00 from pot with Pair, 7's (combination: 7♦, 7♥, K♥, Q♠, 8♥)",2023-05-13T19:59:50.449Z,168400799044901
"""mp @ -DkySTil6a"" shows a 7♦, 7♥.",2023-05-13T19:59:50.449Z,168400799044900
"""mp @ -DkySTil6a"" checks",2023-05-13T19:59:49.579Z,168400798957900
"""Aiden A @ XREWYWn-gd"" checks",2023-05-13T19:59:47.334Z,168400798733400
"River: 8♥, Q♠, 6♦, 4♥ [K♥]",2023-05-13T19:59:39.031Z,168400797903100
"""mp @ -DkySTil6a"" checks",2023-05-13T19:59:38.198Z,168400797819800
"""Aiden A @ XREWYWn-gd"" checks",2023-05-13T19:59:28.574Z,168400796857400
"Turn: 8♥, Q♠, 6♦ [4♥]",2023-05-13T19:59:25.904Z,168400796590400
"""Aiden A @ XREWYWn-gd"" calls 3.75",2023-05-13T19:59:25.075Z,168400796507500
"""mp @ -DkySTil6a"" bets 3.75",2023-05-13T19:59:21.908Z,168400796190800
"""Aiden A @ XREWYWn-gd"" checks",2023-05-13T19:59:18.145Z,168400795814500
"Flop:  [8♥, Q♠, 6♦]",2023-05-13T19:59:16.088Z,168400795608800
"""Dp @ YyWpODWXWx"" folds",2023-05-13T19:59:15.206Z,168400795520600
"""Mamo @ abVmUlEwy_"" folds",2023-05-13T19:59:13.535Z,168400795353500
"""mp @ -DkySTil6a"" calls 3.00",2023-05-13T19:59:06.159Z,168400794615900
"""Aiden A @ XREWYWn-gd"" raises to 3.00",2023-05-13T19:59:00.093Z,168400794009300
"""JV @ mxbmy34bn7"" folds",2023-05-13T19:58:57.666Z,168400793766600
"""Goml @ Bod7b088c-"" folds",2023-05-13T19:58:56.502Z,168400793650200
"""Dp @ YyWpODWXWx"" posts a big blind of 1.00",2023-05-13T19:58:55.459Z,168400793545909
"""Mamo @ abVmUlEwy_"" posts a small blind of 0.50",2023-05-13T19:58:55.459Z,168400793545908
"Player stacks: #1 ""Mamo @ abVmUlEwy_"" (171.75) | #2 ""Dp @ YyWpODWXWx"" (94.00) | #5 ""Goml @ Bod7b088c-"" (250.86) | #6 ""JV @ mxbmy34bn7"" (165.00) | #8 ""Aiden A @ XREWYWn-gd"" (160.25) | #9 ""mp @ -DkySTil6a"" (141.00)",2023-05-13T19:58:55.459Z,168400793545901
"-- starting hand #77 (id: 82tdnrhf9sa7)  (No Limit Texas Hold'em) (dealer: ""mp @ -DkySTil6a"") --",2023-05-13T19:58:55.459Z,168400793545900
"-- ending hand #76 --",2023-05-13T19:58:49.527Z,168400792952702
"""Aiden A @ XREWYWn-gd"" collected 2.50 from pot",2023-05-13T19:58:49.527Z,168400792952701
"Uncalled bet of 2.00 returned to ""Aiden A @ XREWYWn-gd""",2023-05-13T19:58:49.527Z,168400792952700
"""Mamo @ abVmUlEwy_"" folds",2023-05-13T19:58:48.686Z,168400792868600
"""mp @ -DkySTil6a"" folds",2023-05-13T19:58:46.509Z,168400792650900
"""Aiden A @ XREWYWn-gd"" raises to 3.00",2023-05-13T19:58:45.595Z,168400792559500
"""JV @ mxbmy34bn7"" folds",2023-05-13T19:58:43.277Z,168400792327700
"""Goml @ Bod7b088c-"" folds",2023-05-13T19:58:42.107Z,168400792210700
"""Dp @ YyWpODWXWx"" folds",2023-05-13T19:58:41.176Z,168400792117600
"""Mamo @ abVmUlEwy_"" posts a big blind of 1.00",2023-05-13T19:58:39.949Z,168400791994909
"""mp @ -DkySTil6a"" posts a small blind of 0.50",2023-05-13T19:58:39.949Z,168400791994908
"Player stacks: #1 ""Mamo @ abVmUlEwy_"" (172.75) | #2 ""Dp @ YyWpODWXWx"" (94.00) | #5 ""Goml @ Bod7b088c-"" (250.86) | #6 ""JV @ mxbmy34bn7"" (165.00) | #8 ""Aiden A @ XREWYWn-gd"" (158.75) | #9 ""mp @ -DkySTil6a"" (141.50)",2023-05-13T19:58:39.949Z,168400791994901
"-- starting hand #76 (id: pfpxmvvbc7gc)  (No Limit Texas Hold'em) (dealer: ""Aiden A @ XREWYWn-gd"") --",2023-05-13T19:58:39.949Z,168400791994900
"-- ending hand #75 --",2023-05-13T19:58:34.040Z,168400791404002
"""Dp @ YyWpODWXWx"" collected 22.50 from pot",2023-05-13T19:58:34.040Z,168400791404001
"Uncalled bet of 11.25 returned to ""Dp @ YyWpODWXWx""",2023-05-13T19:58:34.040Z,168400791404000
"""Mamo @ abVmUlEwy_"" folds",2023-05-13T19:58:33.153Z,168400791315300
"""Dp @ YyWpODWXWx"" bets 11.25",2023-05-13T19:58:27.494Z,168400790749400
"""Mamo @ abVmUlEwy_"" checks",2023-05-13T19:58:19.302Z,168400789930200
"Flop:  [6♠, Q♦, 2♦]",2023-05-13T19:58:15.216Z,168400789521600
"""Mamo @ abVmUlEwy_"" calls 10.50",2023-05-13T19:58:14.338Z,168400789433800
"""mp @ -DkySTil6a"" folds",2023-05-13T19:58:11.814Z,168400789181400
"""Aiden A @ XREWYWn-gd"" folds",2023-05-13T19:58:07.113Z,168400788711300
"""JV @ mxbmy34bn7"" folds",2023-05-13T19:58:06.146Z,168400788614600
"""Goml @ Bod7b088c-"" folds",2023-05-13T19:58:05.044Z,168400788504400
"""Dp @ YyWpODWXWx"" raises to 10.50",2023-05-13T19:58:03.952Z,168400788395200
"""Mamo @ abVmUlEwy_"" raises to 3.00",2023-05-13T19:57:52.384Z,168400787238400
"""mp @ -DkySTil6a"" posts a big blind of 1.00",2023-05-13T19:57:49.429Z,168400786942909
"""Aiden A @ XREWYWn-gd"" posts a small blind of 0.50",2023-05-13T19:57:49.429Z,168400786942908
"Player stacks: #1 ""Mamo @ abVmUlEwy_"" (183.25) | #2 ""Dp @ YyWpODWXWx"" (82.00) | #5 ""Goml @ Bod7b088c-"" (250.86) | #6 ""JV @ mxbmy34bn7"" (165.00) | #8 ""Aiden A @ XREWYWn-gd"" (159.25) | #9 ""mp @ -DkySTil6a"" (142.50)",2023-05-13T19:57:49.429Z,168400786942901
"-- starting hand #75 (id: ntanndtcwfdp)  (No Limit Texas Hold'em) (dealer: ""JV @ mxbmy34bn7"") --",2023-05-13T19:57:49.429Z,168400786942900
"-- ending hand #74 --",2023-05-13T19:57:43.526Z,168400786352602
"""Aiden A @ XREWYWn-gd"" collected 24.50 from pot",2023-05-13T19:57:43.526Z,168400786352601
"Uncalled bet of 18.37 returned to ""Aiden A @ XREWYWn-gd""",2023-05-13T19:57:43.526Z,168400786352600
"""Goml @ Bod7b088c-"" folds",2023-05-13T19:57:42.639Z,168400786263900
"""Dp @ YyWpODWXWx"" folds",2023-05-13T19:57:41.763Z,168400786176300
"""Aiden A @ XREWYWn-gd"" raises to 22.87",2023-05-13T19:57:20.325Z,168400784032500
"""Goml @ Bod7b088c-"" calls 4.50",2023-05-13T19:57:15.798Z,168400783579800
"""Dp @ YyWpODWXWx"" bets 4.50",2023-05-13T19:57:12.254Z,168400783225400
"""Aiden A @ XREWYWn-gd"" checks",2023-05-13T19:57:05.393Z,168400782539300
"Flop:  [9♦, 2♠, 7♦]",2023-05-13T19:57:03.876Z,168400782387600
"""Aiden A @ XREWYWn-gd"" calls 3.50",2023-05-13T19:57:03.014Z,168400782301400
"""JV @ mxbmy34bn7"" folds",2023-05-13T19:57:01.286Z,168400782128600
"""Goml @ Bod7b088c-"" calls 3.50",2023-05-13T19:57:00.035Z,168400782003500
"""Dp @ YyWpODWXWx"" raises to 3.50",2023-05-13T19:56:49.558Z,168400780955800
"""Mamo @ abVmUlEwy_"" folds",2023-05-13T19:56:46.455Z,168400780645500
"""mp @ -DkySTil6a"" folds",2023-05-13T19:56:45.248Z,168400780524800
"""Aiden A @ XREWYWn-gd"" posts a big blind of 1.00",2023-05-13T19:56:43.582Z,168400780358209
"""JV @ mxbmy34bn7"" posts a small blind of 0.50",2023-05-13T19:56:43.582Z,168400780358208
"Player stacks: #1 ""Mamo @ abVmUlEwy_"" (183.25) | #2 ""Dp @ YyWpODWXWx"" (90.00) | #5 ""Goml @ Bod7b088c-"" (258.86) | #6 ""JV @ mxbmy34bn7"" (165.50) | #8 ""Aiden A @ XREWYWn-gd"" (142.75) | #9 ""mp @ -DkySTil6a"" (142.50)",2023-05-13T19:56:43.582Z,168400780358201
"-- starting hand #74 (id: krlnxm0tbkdj)  (No Limit Texas Hold'em) (dealer: ""Goml @ Bod7b088c-"") --",2023-05-13T19:56:43.582Z,168400780358200
"""Goml @ Bod7b088c-"" shows a 10♣, 9♣.",2023-05-13T19:56:41.683Z,168400780168300
"""Aiden A @ XREWYWn-gd"" shows a 7♠, A♥.",2023-05-13T19:56:40.481Z,168400780048100
"-- ending hand #73 --",2023-05-13T19:56:39.252Z,168400779925202
"""mp @ -DkySTil6a"" collected 62.00 from pot",2023-05-13T19:56:39.252Z,168400779925201
"Uncalled bet of 28.00 returned to ""mp @ -DkySTil6a""",2023-05-13T19:56:39.252Z,168400779925200
"""Goml @ Bod7b088c-"" folds",2023-05-13T19:56:38.401Z,168400779840100
"""mp @ -DkySTil6a"" raises to 45.00",2023-05-13T19:56:37.002Z,168400779700200
"""Goml @ Bod7b088c-"" bets 17.00",2023-05-13T19:55:59.568Z,168400775956800
"River: Q♠, J♦, 4♥, A♣ [7♣]",2023-05-13T19:55:52.191Z,168400775219100
"""mp @ -DkySTil6a"" calls 7.00",2023-05-13T19:55:51.384Z,168400775138400
"""Goml @ Bod7b088c-"" bets 7.00",2023-05-13T19:55:37.394Z,168400773739400
"Turn: Q♠, J♦, 4♥ [A♣]",2023-05-13T19:55:32.394Z,168400773239400
"""mp @ -DkySTil6a"" calls 3.50",2023-05-13T19:55:31.552Z,168400773155200
"""Goml @ Bod7b088c-"" bets 3.50",2023-05-13T19:55:29.305Z,168400772930500
"Flop:  [Q♠, J♦, 4♥]",2023-05-13T19:55:25.882Z,168400772588200
"""mp @ -DkySTil6a"" calls 3.00",2023-05-13T19:55:25.077Z,168400772507700
"""JV @ mxbmy34bn7"" folds",2023-05-13T19:55:24.102Z,168400772410200
"""Goml @ Bod7b088c-"" raises to 3.00",2023-05-13T19:55:20.638Z,168400772063800
"""Dp @ YyWpODWXWx"" folds",2023-05-13T19:55:18.485Z,168400771848500
"""Mamo @ abVmUlEwy_"" folds",2023-05-13T19:55:17.486Z,168400771748600
"""mp @ -DkySTil6a"" calls 1.00",2023-05-13T19:55:16.123Z,168400771612300
"""Aiden A @ XREWYWn-gd"" folds",2023-05-13T19:55:15.249Z,168400771524900
"""JV @ mxbmy34bn7"" posts a big blind of 1.00",2023-05-13T19:55:13.527Z,168400771352709
"""Goml @ Bod7b088c-"" posts a small blind of 0.50",2023-05-13T19:55:13.527Z,168400771352708
"Player stacks: #1 ""Mamo @ abVmUlEwy_"" (183.25) | #2 ""Dp @ YyWpODWXWx"" (90.00) | #5 ""Goml @ Bod7b088c-"" (289.36) | #6 ""JV @ mxbmy34bn7"" (166.50) | #8 ""Aiden A @ XREWYWn-gd"" (142.75) | #9 ""mp @ -DkySTil6a"" (111.00)",2023-05-13T19:55:13.527Z,168400771352701
"-- starting hand #73 (id: gvrukdxv3uca)  (No Limit Texas Hold'em) (dealer: ""Dp @ YyWpODWXWx"") --",2023-05-13T19:55:13.527Z,168400771352700
"-- ending hand #72 --",2023-05-13T19:55:07.566Z,168400770756602
"""JV @ mxbmy34bn7"" collected 6.50 from pot",2023-05-13T19:55:07.566Z,168400770756601
"Uncalled bet of 3.00 returned to ""JV @ mxbmy34bn7""",2023-05-13T19:55:07.566Z,168400770756600
"""Goml @ Bod7b088c-"" folds",2023-05-13T19:55:06.760Z,168400770676000
"""JV @ mxbmy34bn7"" bets 3.00",2023-05-13T19:55:05.160Z,168400770516000
"""Goml @ Bod7b088c-"" checks",2023-05-13T19:54:59.354Z,168400769935400
"Turn: 6♠, 4♥, 7♠ [6♥]",2023-05-13T19:54:57.284Z,168400769728400
"""JV @ mxbmy34bn7"" checks",2023-05-13T19:54:56.447Z,168400769644700
"""Goml @ Bod7b088c-"" checks",2023-05-13T19:54:54.157Z,168400769415700
"Flop:  [6♠, 4♥, 7♠]",2023-05-13T19:54:52.748Z,168400769274800
"""Goml @ Bod7b088c-"" calls 3.00",2023-05-13T19:54:51.915Z,168400769191500
"""Dp @ YyWpODWXWx"" folds",2023-05-13T19:54:50.377Z,168400769037700
"""Mamo @ abVmUlEwy_"" folds",2023-05-13T19:54:49.465Z,168400768946500
"""mp @ -DkySTil6a"" folds",2023-05-13T19:54:48.536Z,168400768853600
"""Aiden A @ XREWYWn-gd"" folds",2023-05-13T19:54:47.670Z,168400768767000
"""JV @ mxbmy34bn7"" raises to 3.00",2023-05-13T19:54:45.960Z,168400768596000
"""Goml @ Bod7b088c-"" posts a big blind of 1.00",2023-05-13T19:54:40.024Z,168400768002409
"""Dp @ YyWpODWXWx"" posts a small blind of 0.50",2023-05-13T19:54:40.024Z,168400768002408
"Player stacks: #1 ""Mamo @ abVmUlEwy_"" (183.25) | #2 ""Dp @ YyWpODWXWx"" (90.50) | #5 ""Goml @ Bod7b088c-"" (292.36) | #6 ""JV @ mxbmy34bn7"" (163.00) | #8 ""Aiden A @ XREWYWn-gd"" (142.75) | #9 ""mp @ -DkySTil6a"" (111.00)",2023-05-13T19:54:40.024Z,168400768002401
"-- starting hand #72 (id: jv45eif89zsf)  (No Limit Texas Hold'em) (dealer: ""Mamo @ abVmUlEwy_"") --",2023-05-13T19:54:40.024Z,168400768002400
"-- ending hand #71 --",2023-05-13T19:54:37.069Z,168400767706902
"""Goml @ Bod7b088c-"" collected 6.50 from pot",2023-05-13T19:54:37.069Z,168400767706901
"Uncalled bet of 5.50 returned to ""Goml @ Bod7b088c-""",2023-05-13T19:54:37.069Z,168400767706900
"""Dp @ YyWpODWXWx"" folds",2023-05-13T19:54:36.260Z,168400767626000
"""Goml @ Bod7b088c-"" raises to 6.50",2023-05-13T19:54:29.683Z,168400766968300
"""Dp @ YyWpODWXWx"" bets 1.00",2023-05-13T19:54:25.858Z,168400766585800
"River: J♥, 6♦, 5♠, 4♠ [7♠]",2023-05-13T19:54:23.198Z,168400766319800
"""Goml @ Bod7b088c-"" checks",2023-05-13T19:54:22.356Z,168400766235600
"""Dp @ YyWpODWXWx"" checks",2023-05-13T19:54:21.000Z,168400766100000
"Turn: J♥, 6♦, 5♠ [4♠]",2023-05-13T19:54:19.922Z,168400765992200
"""Dp @ YyWpODWXWx"" calls 1.00",2023-05-13T19:54:19.085Z,168400765908500
"""Goml @ Bod7b088c-"" bets 1.00",2023-05-13T19:54:16.846Z,168400765684600
"""Dp @ YyWpODWXWx"" checks",2023-05-13T19:54:15.294Z,168400765529400
"Flop:  [J♥, 6♦, 5♠]",2023-05-13T19:54:11.587Z,168400765158700
"""Dp @ YyWpODWXWx"" checks",2023-05-13T19:54:10.772Z,168400765077200
"""Mamo @ abVmUlEwy_"" folds",2023-05-13T19:54:08.455Z,168400764845500
"""mp @ -DkySTil6a"" folds",2023-05-13T19:54:01.663Z,168400764166300
"""Aiden A @ XREWYWn-gd"" folds",2023-05-13T19:54:00.709Z,168400764070900
"""JV @ mxbmy34bn7"" folds",2023-05-13T19:53:59.782Z,168400763978200
"""Goml @ Bod7b088c-"" calls 1.00",2023-05-13T19:53:58.693Z,168400763869300
"""Dp @ YyWpODWXWx"" posts a big blind of 1.00",2023-05-13T19:53:57.121Z,168400763712109
"""Mamo @ abVmUlEwy_"" posts a small blind of 0.50",2023-05-13T19:53:57.121Z,168400763712108
"Player stacks: #1 ""Mamo @ abVmUlEwy_"" (183.75) | #2 ""Dp @ YyWpODWXWx"" (93.50) | #5 ""Goml @ Bod7b088c-"" (288.86) | #6 ""JV @ mxbmy34bn7"" (163.00) | #8 ""Aiden A @ XREWYWn-gd"" (142.75) | #9 ""mp @ -DkySTil6a"" (111.00)",2023-05-13T19:53:57.121Z,168400763712101
"-- starting hand #71 (id: 0mqe6zwqiucj)  (No Limit Texas Hold'em) (dealer: ""mp @ -DkySTil6a"") --",2023-05-13T19:53:57.121Z,168400763712100
"""Goml @ Bod7b088c-"" shows a 10♦, Q♦.",2023-05-13T19:53:54.215Z,168400763421500
"""JV @ mxbmy34bn7"" shows a 4♦, 4♠.",2023-05-13T19:53:51.979Z,168400763197900
"""Aiden A @ XREWYWn-gd"" shows a 6♣, A♠.",2023-05-13T19:53:50.159Z,168400763015900
"-- ending hand #70 --",2023-05-13T19:53:49.100Z,168400762910002
"""Aiden A @ XREWYWn-gd"" collected 18.50 from pot",2023-05-13T19:53:49.100Z,168400762910001
"Uncalled bet of 6.00 returned to ""Aiden A @ XREWYWn-gd""",2023-05-13T19:53:49.100Z,168400762910000
"""JV @ mxbmy34bn7"" folds",2023-05-13T19:53:48.280Z,168400762828000
"""Goml @ Bod7b088c-"" folds",2023-05-13T19:53:47.020Z,168400762702000
"""Aiden A @ XREWYWn-gd"" raises to 10.00",2023-05-13T19:53:46.110Z,168400762611000
"""JV @ mxbmy34bn7"" bets 4.00",2023-05-13T19:53:42.080Z,168400762208000
"""Goml @ Bod7b088c-"" checks",2023-05-13T19:53:33.354Z,168400761335400
"Turn: 6♥, 5♥, A♥ [6♦]",2023-05-13T19:53:31.584Z,168400761158400
"""Aiden A @ XREWYWn-gd"" checks",2023-05-13T19:53:30.750Z,168400761075000
"""JV @ mxbmy34bn7"" checks",2023-05-13T19:53:29.411Z,168400760941100
"""Goml @ Bod7b088c-"" checks",2023-05-13T19:53:24.491Z,168400760449100
"Flop:  [6♥, 5♥, A♥]",2023-05-13T19:53:22.870Z,168400760287000
"""Mamo @ abVmUlEwy_"" folds",2023-05-13T19:53:22.025Z,168400760202500
"""mp @ -DkySTil6a"" folds",2023-05-13T19:53:20.972Z,168400760097200
"""Aiden A @ XREWYWn-gd"" calls 3.00",2023-05-13T19:53:20.121Z,168400760012100
"""JV @ mxbmy34bn7"" calls 3.00",2023-05-13T19:53:18.091Z,168400759809100
"""Goml @ Bod7b088c-"" raises to 3.00",2023-05-13T19:53:10.079Z,168400759007900
"""Dp @ YyWpODWXWx"" folds",2023-05-13T19:53:06.562Z,168400758656200
"""Mamo @ abVmUlEwy_"" posts a big blind of 1.00",2023-05-13T19:53:05.520Z,168400758552009
"""mp @ -DkySTil6a"" posts a small blind of 0.50",2023-05-13T19:53:05.520Z,168400758552008
"Player stacks: #1 ""Mamo @ abVmUlEwy_"" (184.75) | #2 ""Dp @ YyWpODWXWx"" (93.50) | #5 ""Goml @ Bod7b088c-"" (291.86) | #6 ""JV @ mxbmy34bn7"" (170.00) | #8 ""Aiden A @ XREWYWn-gd"" (131.25) | #9 ""mp @ -DkySTil6a"" (111.50)",2023-05-13T19:53:05.520Z,168400758552001
"-- starting hand #70 (id: 2c3ojszewaos)  (No Limit Texas Hold'em) (dealer: ""Aiden A @ XREWYWn-gd"") --",2023-05-13T19:53:05.520Z,168400758552000
"""Goml @ Bod7b088c-"" shows a 8♥, 8♠.",2023-05-13T19:53:02.090Z,168400758209000
"-- ending hand #69 --",2023-05-13T19:52:58.912Z,168400757891202
"""Goml @ Bod7b088c-"" collected 18.00 from pot",2023-05-13T19:52:58.912Z,168400757891201
"Uncalled bet of 8.00 returned to ""Goml @ Bod7b088c-""",2023-05-13T19:52:58.912Z,168400757891200
"""mp @ -DkySTil6a"" folds",2023-05-13T19:52:58.099Z,168400757809900
"""Goml @ Bod7b088c-"" bets 8.00",2023-05-13T19:52:57.146Z,168400757714600
"""mp @ -DkySTil6a"" checks",2023-05-13T19:52:50.770Z,168400757077000
"Turn: 2♣, A♥, 6♣ [10♦]",2023-05-13T19:52:49.609Z,168400756960900
"""mp @ -DkySTil6a"" calls 4.50",2023-05-13T19:52:48.787Z,168400756878700
"""Aiden A @ XREWYWn-gd"" folds",2023-05-13T19:52:47.000Z,168400756700000
"""Goml @ Bod7b088c-"" bets 4.50",2023-05-13T19:52:45.907Z,168400756590700
"""mp @ -DkySTil6a"" checks",2023-05-13T19:52:43.210Z,168400756321000
"""Aiden A @ XREWYWn-gd"" checks",2023-05-13T19:52:41.509Z,168400756150900
"Flop:  [2♣, A♥, 6♣]",2023-05-13T19:52:39.877Z,168400755987700
"""mp @ -DkySTil6a"" calls 3.00",2023-05-13T19:52:39.056Z,168400755905600
"""Aiden A @ XREWYWn-gd"" calls 3.00",2023-05-13T19:52:37.780Z,168400755778000
"""JV @ mxbmy34bn7"" folds",2023-05-13T19:52:36.329Z,168400755632900
"""Goml @ Bod7b088c-"" raises to 3.00",2023-05-13T19:52:34.952Z,168400755495200
"""Dp @ YyWpODWXWx"" folds",2023-05-13T19:52:32.803Z,168400755280300
"""Mamo @ abVmUlEwy_"" folds",2023-05-13T19:52:31.095Z,168400755109500
"""mp @ -DkySTil6a"" posts a big blind of 1.00",2023-05-13T19:52:29.865Z,168400754986509
"""Aiden A @ XREWYWn-gd"" posts a small blind of 0.50",2023-05-13T19:52:29.865Z,168400754986508
"Player stacks: #1 ""Mamo @ abVmUlEwy_"" (184.75) | #2 ""Dp @ YyWpODWXWx"" (93.50) | #5 ""Goml @ Bod7b088c-"" (281.36) | #6 ""JV @ mxbmy34bn7"" (170.00) | #8 ""Aiden A @ XREWYWn-gd"" (134.25) | #9 ""mp @ -DkySTil6a"" (119.00)",2023-05-13T19:52:29.865Z,168400754986501
"-- starting hand #69 (id: a2tpjb91216j)  (No Limit Texas Hold'em) (dealer: ""JV @ mxbmy34bn7"") --",2023-05-13T19:52:29.865Z,168400754986500
"""JV @ mxbmy34bn7"" shows a 3♠, 2♦.",2023-05-13T19:52:28.679Z,168400754867900
"""Goml @ Bod7b088c-"" shows a 2♣, 5♥.",2023-05-13T19:52:26.978Z,168400754697800
"""Dp @ YyWpODWXWx"" shows a 3♥, 10♣.",2023-05-13T19:52:24.968Z,168400754496800
"""Aiden A @ XREWYWn-gd"" shows a 9♠, 2♠.",2023-05-13T19:52:22.809Z,168400754280900
"-- ending hand #68 --",2023-05-13T19:52:21.154Z,168400754115402
"""Aiden A @ XREWYWn-gd"" collected 1.00 from pot",2023-05-13T19:52:21.154Z,168400754115401
"Uncalled bet of 0.50 returned to ""Aiden A @ XREWYWn-gd""",2023-05-13T19:52:21.154Z,168400754115400
"""JV @ mxbmy34bn7"" folds",2023-05-13T19:52:20.260Z,168400754026000
"""Goml @ Bod7b088c-"" folds",2023-05-13T19:52:19.318Z,168400753931800
"""Dp @ YyWpODWXWx"" folds",2023-05-13T19:52:18.445Z,168400753844500
"""Mamo @ abVmUlEwy_"" folds",2023-05-13T19:52:17.469Z,168400753746900
"""mp @ -DkySTil6a"" folds",2023-05-13T19:52:16.494Z,168400753649400
"""Aiden A @ XREWYWn-gd"" posts a big blind of 1.00",2023-05-13T19:52:14.538Z,168400753453809
"""JV @ mxbmy34bn7"" posts a small blind of 0.50",2023-05-13T19:52:14.538Z,168400753453808
"Player stacks: #1 ""Mamo @ abVmUlEwy_"" (184.75) | #2 ""Dp @ YyWpODWXWx"" (93.50) | #5 ""Goml @ Bod7b088c-"" (281.36) | #6 ""JV @ mxbmy34bn7"" (170.50) | #8 ""Aiden A @ XREWYWn-gd"" (133.75) | #9 ""mp @ -DkySTil6a"" (119.00)",2023-05-13T19:52:14.538Z,168400753453801
"-- starting hand #68 (id: vzqnlyfpigye)  (No Limit Texas Hold'em) (dealer: ""Goml @ Bod7b088c-"") --",2023-05-13T19:52:14.538Z,168400753453800
"-- ending hand #67 --",2023-05-13T19:52:08.605Z,168400752860502
"""Mamo @ abVmUlEwy_"" collected 9.50 from pot",2023-05-13T19:52:08.605Z,168400752860501
"Uncalled bet of 7.00 returned to ""Mamo @ abVmUlEwy_""",2023-05-13T19:52:08.605Z,168400752860500
"""Aiden A @ XREWYWn-gd"" folds",2023-05-13T19:52:07.750Z,168400752775000
"""JV @ mxbmy34bn7"" folds",2023-05-13T19:52:06.619Z,168400752661900
"""Mamo @ abVmUlEwy_"" bets 7.00",2023-05-13T19:51:54.460Z,168400751446000
"""Aiden A @ XREWYWn-gd"" checks",2023-05-13T19:51:48.809Z,168400750880900
"""JV @ mxbmy34bn7"" checks",2023-05-13T19:51:45.560Z,168400750556000
"Flop:  [9♦, J♥, Q♥]",2023-05-13T19:51:43.976Z,168400750397600
"""Aiden A @ XREWYWn-gd"" calls 3.00",2023-05-13T19:51:43.160Z,168400750316000
"""JV @ mxbmy34bn7"" calls 3.00",2023-05-13T19:51:40.702Z,168400750070200
"""Goml @ Bod7b088c-"" folds",2023-05-13T19:51:37.719Z,168400749771900
"""Dp @ YyWpODWXWx"" folds",2023-05-13T19:51:34.705Z,168400749470500
"""Mamo @ abVmUlEwy_"" raises to 3.00",2023-05-13T19:51:33.740Z,168400749374000
"""mp @ -DkySTil6a"" folds",2023-05-13T19:51:28.547Z,168400748854700
"""Aiden A @ XREWYWn-gd"" calls 1.00",2023-05-13T19:51:27.599Z,168400748759900
"""JV @ mxbmy34bn7"" posts a big blind of 1.00",2023-05-13T19:51:26.315Z,168400748631509
"""Goml @ Bod7b088c-"" posts a small blind of 0.50",2023-05-13T19:51:26.315Z,168400748631508
"Player stacks: #1 ""Mamo @ abVmUlEwy_"" (178.25) | #2 ""Dp @ YyWpODWXWx"" (93.50) | #5 ""Goml @ Bod7b088c-"" (281.86) | #6 ""JV @ mxbmy34bn7"" (173.50) | #8 ""Aiden A @ XREWYWn-gd"" (136.75) | #9 ""mp @ -DkySTil6a"" (119.00)",2023-05-13T19:51:26.315Z,168400748631501
"-- starting hand #67 (id: ulbwejt5jxfi)  (No Limit Texas Hold'em) (dealer: ""Dp @ YyWpODWXWx"") --",2023-05-13T19:51:26.315Z,168400748631500
"""Dp @ YyWpODWXWx"" shows a 3♠, 8♦.",2023-05-13T19:51:23.169Z,168400748316900
"""Goml @ Bod7b088c-"" shows a 7♠, 2♣.",2023-05-13T19:51:22.137Z,168400748213700
"-- ending hand #66 --",2023-05-13T19:51:18.979Z,168400747897902
"""Goml @ Bod7b088c-"" collected 1.00 from pot",2023-05-13T19:51:18.979Z,168400747897901
"Uncalled bet of 0.50 returned to ""Goml @ Bod7b088c-""",2023-05-13T19:51:18.979Z,168400747897900
"""Dp @ YyWpODWXWx"" folds",2023-05-13T19:51:18.140Z,168400747814000
"""Mamo @ abVmUlEwy_"" folds",2023-05-13T19:51:17.178Z,168400747717800
"""mp @ -DkySTil6a"" folds",2023-05-13T19:51:16.217Z,168400747621700
"""Aiden A @ XREWYWn-gd"" folds",2023-05-13T19:51:15.309Z,168400747530900
"""JV @ mxbmy34bn7"" folds",2023-05-13T19:51:14.157Z,168400747415700
"""Goml @ Bod7b088c-"" posts a big blind of 1.00",2023-05-13T19:51:11.852Z,168400747185209
"""Dp @ YyWpODWXWx"" posts a small blind of 0.50",2023-05-13T19:51:11.852Z,168400747185208
"Player stacks: #1 ""Mamo @ abVmUlEwy_"" (178.25) | #2 ""Dp @ YyWpODWXWx"" (94.00) | #5 ""Goml @ Bod7b088c-"" (281.36) | #6 ""JV @ mxbmy34bn7"" (173.50) | #8 ""Aiden A @ XREWYWn-gd"" (136.75) | #9 ""mp @ -DkySTil6a"" (119.00)",2023-05-13T19:51:11.852Z,168400747185201
"-- starting hand #66 (id: ejjyarihmpgd)  (No Limit Texas Hold'em) (dealer: ""Mamo @ abVmUlEwy_"") --",2023-05-13T19:51:11.852Z,168400747185200
"-- ending hand #65 --",2023-05-13T19:51:05.838Z,168400746583803
"""Goml @ Bod7b088c-"" shows a Q♥, K♦.",2023-05-13T19:51:05.838Z,168400746583802
"""JV @ mxbmy34bn7"" collected 23.00 from pot with Two Pair, 7's & 5's (combination: 7♥, 7♦, 5♣, 5♠, A♥)",2023-05-13T19:51:05.838Z,168400746583801
"""JV @ mxbmy34bn7"" shows a 5♣, 5♠.",2023-05-13T19:51:05.838Z,168400746583800
"""JV @ mxbmy34bn7"" checks",2023-05-13T19:51:05.019Z,168400746501900
"""Goml @ Bod7b088c-"" checks",2023-05-13T19:51:03.507Z,168400746350700
"River: A♥, 7♥, 4♠, 9♥ [7♦]",2023-05-13T19:51:00.027Z,168400746002700
"""mp @ -DkySTil6a"" folds",2023-05-13T19:50:59.159Z,168400745915900
"""JV @ mxbmy34bn7"" calls 6.25",2023-05-13T19:50:57.835Z,168400745783500
"""Goml @ Bod7b088c-"" bets 6.25",2023-05-13T19:50:45.219Z,168400744521900
"Turn: A♥, 7♥, 4♠ [9♥]",2023-05-13T19:50:41.735Z,168400744173500
"""mp @ -DkySTil6a"" checks",2023-05-13T19:50:40.868Z,168400744086800
"""JV @ mxbmy34bn7"" checks",2023-05-13T19:50:37.500Z,168400743750000
"""Goml @ Bod7b088c-"" checks",2023-05-13T19:50:32.107Z,168400743210700
"Flop:  [A♥, 7♥, 4♠]",2023-05-13T19:50:18.925Z,168400741892500
"""Dp @ YyWpODWXWx"" folds",2023-05-13T19:50:18.090Z,168400741809000
"""Mamo @ abVmUlEwy_"" folds",2023-05-13T19:50:15.325Z,168400741532500
"""mp @ -DkySTil6a"" calls 3.00",2023-05-13T19:50:14.369Z,168400741436900
"""Aiden A @ XREWYWn-gd"" folds",2023-05-13T19:50:13.195Z,168400741319500
"""JV @ mxbmy34bn7"" calls 3.00",2023-05-13T19:50:12.207Z,168400741220700
"""Goml @ Bod7b088c-"" raises to 3.00",2023-05-13T19:50:07.209Z,168400740720900
"""Dp @ YyWpODWXWx"" posts a big blind of 1.00",2023-05-13T19:50:04.581Z,168400740458109
"""Mamo @ abVmUlEwy_"" posts a small blind of 0.50",2023-05-13T19:50:04.581Z,168400740458108
"Player stacks: #1 ""Mamo @ abVmUlEwy_"" (178.75) | #2 ""Dp @ YyWpODWXWx"" (95.00) | #5 ""Goml @ Bod7b088c-"" (290.61) | #6 ""JV @ mxbmy34bn7"" (159.75) | #8 ""Aiden A @ XREWYWn-gd"" (136.75) | #9 ""mp @ -DkySTil6a"" (122.00)",2023-05-13T19:50:04.581Z,168400740458101
"-- starting hand #65 (id: nct1u77v8l4z)  (No Limit Texas Hold'em) (dealer: ""mp @ -DkySTil6a"") --",2023-05-13T19:50:04.581Z,168400740458100
"-- ending hand #64 --",2023-05-13T19:50:01.657Z,168400740165702
"""Aiden A @ XREWYWn-gd"" collected 37.50 from pot",2023-05-13T19:50:01.657Z,168400740165701
"Uncalled bet of 37.50 returned to ""Aiden A @ XREWYWn-gd""",2023-05-13T19:50:01.657Z,168400740165700
"""Mamo @ abVmUlEwy_"" folds",2023-05-13T19:50:00.775Z,168400740077500
"""mp @ -DkySTil6a"" folds",2023-05-13T19:49:59.007Z,168400739900700
"""Aiden A @ XREWYWn-gd"" raises to 46.50",2023-05-13T19:49:57.096Z,168400739709600
"""Mamo @ abVmUlEwy_"" bets 9.00",2023-05-13T19:49:54.154Z,168400739415400
"""mp @ -DkySTil6a"" checks",2023-05-13T19:49:46.799Z,168400738679900
"River: K♠, A♣, J♦, 2♥ [Q♦]",2023-05-13T19:49:44.654Z,168400738465400
"""Aiden A @ XREWYWn-gd"" calls 3.50",2023-05-13T19:49:43.785Z,168400738378500
"""Mamo @ abVmUlEwy_"" calls 3.50",2023-05-13T19:49:42.065Z,168400738206500
"""mp @ -DkySTil6a"" bets 3.50",2023-05-13T19:49:39.611Z,168400737961100
"Turn: K♠, A♣, J♦ [2♥]",2023-05-13T19:49:34.040Z,168400737404000
"""Aiden A @ XREWYWn-gd"" checks",2023-05-13T19:49:33.196Z,168400737319600
"""Mamo @ abVmUlEwy_"" checks",2023-05-13T19:49:32.125Z,168400737212500
"""mp @ -DkySTil6a"" checks",2023-05-13T19:49:29.920Z,168400736992000
"Flop:  [K♠, A♣, J♦]",2023-05-13T19:49:28.425Z,168400736842500
"""Mamo @ abVmUlEwy_"" calls 3.00",2023-05-13T19:49:27.605Z,168400736760500
"""mp @ -DkySTil6a"" calls 3.00",2023-05-13T19:49:22.796Z,168400736279600
"""Aiden A @ XREWYWn-gd"" raises to 3.00",2023-05-13T19:49:21.606Z,168400736160600
"""JV @ mxbmy34bn7"" folds",2023-05-13T19:49:18.585Z,168400735858500
"""Goml @ Bod7b088c-"" folds",2023-05-13T19:49:02.680Z,168400734268000
"""Dp @ YyWpODWXWx"" folds",2023-05-13T19:49:01.782Z,168400734178200
"""Mamo @ abVmUlEwy_"" posts a big blind of 1.00",2023-05-13T19:48:48.987Z,168400732898709
"""mp @ -DkySTil6a"" posts a small blind of 0.50",2023-05-13T19:48:48.987Z,168400732898708
"Player stacks: #1 ""Mamo @ abVmUlEwy_"" (194.25) | #2 ""Dp @ YyWpODWXWx"" (95.00) | #5 ""Goml @ Bod7b088c-"" (290.61) | #6 ""JV @ mxbmy34bn7"" (159.75) | #8 ""Aiden A @ XREWYWn-gd"" (114.75) | #9 ""mp @ -DkySTil6a"" (128.50)",2023-05-13T19:48:48.987Z,168400732898701
"-- starting hand #64 (id: xqjxashyot3a)  (No Limit Texas Hold'em) (dealer: ""Aiden A @ XREWYWn-gd"") --",2023-05-13T19:48:48.987Z,168400732898700
"-- ending hand #63 --",2023-05-13T19:48:42.975Z,168400732297503
"""Aiden A @ XREWYWn-gd"" shows a A♥, 8♠.",2023-05-13T19:48:42.975Z,168400732297502
"""Goml @ Bod7b088c-"" collected 24.00 from pot with Two Pair, 10's & 6's (combination: 10♥, 10♠, 6♥, 6♦, A♦)",2023-05-13T19:48:42.975Z,168400732297501
"""Goml @ Bod7b088c-"" shows a 10♥, 6♥.",2023-05-13T19:48:42.975Z,168400732297500
"""Goml @ Bod7b088c-"" calls 6.00",2023-05-13T19:48:42.159Z,168400732215900
"""Aiden A @ XREWYWn-gd"" bets 6.00",2023-05-13T19:48:40.788Z,168400732078800
"River: 7♠, A♦, 10♠, 6♦ [3♦]",2023-05-13T19:48:37.423Z,168400731742300
"""Goml @ Bod7b088c-"" calls 3.00",2023-05-13T19:48:36.604Z,168400731660400
"""mp @ -DkySTil6a"" folds",2023-05-13T19:48:35.141Z,168400731514100
"""Aiden A @ XREWYWn-gd"" bets 3.00",2023-05-13T19:48:31.087Z,168400731108700
"Turn: 7♠, A♦, 10♠ [6♦]",2023-05-13T19:48:27.556Z,168400730755600
"""Goml @ Bod7b088c-"" calls 1.00",2023-05-13T19:48:26.716Z,168400730671600
"""mp @ -DkySTil6a"" calls 1.00",2023-05-13T19:48:25.235Z,168400730523500
"""Aiden A @ XREWYWn-gd"" bets 1.00",2023-05-13T19:48:23.908Z,168400730390800
"Flop:  [7♠, A♦, 10♠]",2023-05-13T19:48:22.013Z,168400730201300
"""mp @ -DkySTil6a"" checks",2023-05-13T19:48:21.161Z,168400730116100
"""Aiden A @ XREWYWn-gd"" calls 1.00",2023-05-13T19:48:19.578Z,168400729957800
"""JV @ mxbmy34bn7"" folds",2023-05-13T19:48:18.662Z,168400729866200
"""Goml @ Bod7b088c-"" calls 1.00",2023-05-13T19:48:17.557Z,168400729755700
"""Dp @ YyWpODWXWx"" folds",2023-05-13T19:48:09.872Z,168400728987200
"""Mamo @ abVmUlEwy_"" folds",2023-05-13T19:48:08.949Z,168400728894900
"""mp @ -DkySTil6a"" posts a big blind of 1.00",2023-05-13T19:47:53.873Z,168400727387309
"""Aiden A @ XREWYWn-gd"" posts a small blind of 0.50",2023-05-13T19:47:53.873Z,168400727387308
"Player stacks: #1 ""Mamo @ abVmUlEwy_"" (194.25) | #2 ""Dp @ YyWpODWXWx"" (95.00) | #5 ""Goml @ Bod7b088c-"" (277.61) | #6 ""JV @ mxbmy34bn7"" (159.75) | #8 ""Aiden A @ XREWYWn-gd"" (125.75) | #9 ""mp @ -DkySTil6a"" (130.50)",2023-05-13T19:47:53.873Z,168400727387301
"-- starting hand #63 (id: sdfcorher9bi)  (No Limit Texas Hold'em) (dealer: ""JV @ mxbmy34bn7"") --",2023-05-13T19:47:53.873Z,168400727387300
"-- ending hand #62 --",2023-05-13T19:47:47.865Z,168400726786502
"""JV @ mxbmy34bn7"" collected 8.00 from pot with Two Pair, 9's & 2's (combination: 9♦, 9♥, 2♣, 2♦, 8♣)",2023-05-13T19:47:47.865Z,168400726786501
"""JV @ mxbmy34bn7"" shows a 9♦, 9♥.",2023-05-13T19:47:47.865Z,168400726786500
"""Aiden A @ XREWYWn-gd"" calls 3.00",2023-05-13T19:47:47.008Z,168400726700800
"""JV @ mxbmy34bn7"" raises to 3.00",2023-05-13T19:47:45.298Z,168400726529800
"""Aiden A @ XREWYWn-gd"" bets 1.00",2023-05-13T19:47:40.179Z,168400726017900
"""JV @ mxbmy34bn7"" checks",2023-05-13T19:47:38.697Z,168400725869700
"River: 2♣, 2♦, 6♥, 5♦ [8♣]",2023-05-13T19:47:38.252Z,168400725825200
"""Aiden A @ XREWYWn-gd"" checks",2023-05-13T19:47:37.367Z,168400725736700
"""JV @ mxbmy34bn7"" checks",2023-05-13T19:47:36.227Z,168400725622700
"Turn: 2♣, 2♦, 6♥ [5♦]",2023-05-13T19:47:34.746Z,168400725474600
"""Aiden A @ XREWYWn-gd"" checks",2023-05-13T19:47:33.927Z,168400725392700
"""JV @ mxbmy34bn7"" checks",2023-05-13T19:47:32.607Z,168400725260700
"Flop:  [2♣, 2♦, 6♥]",2023-05-13T19:47:31.249Z,168400725124900
"""Aiden A @ XREWYWn-gd"" checks",2023-05-13T19:47:30.428Z,168400725042800
"""JV @ mxbmy34bn7"" calls 1.00",2023-05-13T19:47:28.936Z,168400724893600
"""Goml @ Bod7b088c-"" folds",2023-05-13T19:47:27.046Z,168400724704600
"""Dp @ YyWpODWXWx"" folds",2023-05-13T19:47:21.751Z,168400724175100
"""Mamo @ abVmUlEwy_"" folds",2023-05-13T19:47:20.841Z,168400724084100
"""mp @ -DkySTil6a"" folds",2023-05-13T19:47:19.894Z,168400723989400
"""Aiden A @ XREWYWn-gd"" posts a big blind of 1.00",2023-05-13T19:47:18.836Z,168400723883610
"""JV @ mxbmy34bn7"" posts a small blind of 0.50",2023-05-13T19:47:18.836Z,168400723883609
"Player stacks: #1 ""Mamo @ abVmUlEwy_"" (194.25) | #2 ""Dp @ YyWpODWXWx"" (95.00) | #5 ""Goml @ Bod7b088c-"" (277.61) | #6 ""JV @ mxbmy34bn7"" (155.75) | #8 ""Aiden A @ XREWYWn-gd"" (129.75) | #9 ""mp @ -DkySTil6a"" (130.50)",2023-05-13T19:47:18.836Z,168400723883602
"-- starting hand #62 (id: tkozbh85skqd)  (No Limit Texas Hold'em) (dealer: ""Goml @ Bod7b088c-"") --",2023-05-13T19:47:18.836Z,168400723883601
"The player ""daws @ xjgMoSVpRc"" stand up with the stack of 42.50.",2023-05-13T19:47:18.836Z,168400723883600
"-- ending hand #61 --",2023-05-13T19:47:15.845Z,168400723584502
"""Goml @ Bod7b088c-"" collected 20.00 from pot",2023-05-13T19:47:15.845Z,168400723584501
"Uncalled bet of 10.00 returned to ""Goml @ Bod7b088c-""",2023-05-13T19:47:15.845Z,168400723584500
"""mp @ -DkySTil6a"" folds",2023-05-13T19:47:14.988Z,168400723498800
"""Goml @ Bod7b088c-"" bets 10.00",2023-05-13T19:46:46.884Z,168400720688400
"River: 4♠, 6♣, 3♠, 4♥ [A♣]",2023-05-13T19:46:43.494Z,168400720349400
"""mp @ -DkySTil6a"" calls 5.00",2023-05-13T19:46:42.622Z,168400720262200
"""Goml @ Bod7b088c-"" bets 5.00",2023-05-13T19:46:38.080Z,168400719808000
"Turn: 4♠, 6♣, 3♠ [4♥]",2023-05-13T19:46:34.686Z,168400719468600
"""mp @ -DkySTil6a"" calls 3.00",2023-05-13T19:46:33.877Z,168400719387700
"""Aiden A @ XREWYWn-gd"" folds",2023-05-13T19:46:32.553Z,168400719255300
"""JV @ mxbmy34bn7"" folds",2023-05-13T19:46:28.119Z,168400718811900
"""Goml @ Bod7b088c-"" bets 3.00",2023-05-13T19:46:20.841Z,168400718084100
"Flop:  [4♠, 6♣, 3♠]",2023-05-13T19:46:12.565Z,168400717256500
"""JV @ mxbmy34bn7"" checks",2023-05-13T19:46:11.757Z,168400717175700
"""Goml @ Bod7b088c-"" calls 1.00",2023-05-13T19:46:07.991Z,168400716799100
"""Dp @ YyWpODWXWx"" folds",2023-05-13T19:46:05.241Z,168400716524100
"""Mamo @ abVmUlEwy_"" folds",2023-05-13T19:46:04.263Z,168400716426300
"""mp @ -DkySTil6a"" calls 1.00",2023-05-13T19:46:03.309Z,168400716330900
"""Aiden A @ XREWYWn-gd"" calls 1.00",2023-05-13T19:46:02.376Z,168400716237600
"""daws @ xjgMoSVpRc"" folds",2023-05-13T19:45:55.841Z,168400715584100
"""JV @ mxbmy34bn7"" posts a big blind of 1.00",2023-05-13T19:45:54.440Z,168400715444010
"""Goml @ Bod7b088c-"" posts a small blind of 0.50",2023-05-13T19:45:54.440Z,168400715444009
"Player stacks: #1 ""Mamo @ abVmUlEwy_"" (194.25) | #2 ""Dp @ YyWpODWXWx"" (95.00) | #5 ""Goml @ Bod7b088c-"" (266.61) | #6 ""JV @ mxbmy34bn7"" (156.75) | #7 ""daws @ xjgMoSVpRc"" (42.50) | #8 ""Aiden A @ XREWYWn-gd"" (130.75) | #9 ""mp @ -DkySTil6a"" (139.50)",2023-05-13T19:45:54.440Z,168400715444001
"-- starting hand #61 (id: htqkvukn7qbg)  (No Limit Texas Hold'em) (dealer: ""Dp @ YyWpODWXWx"") --",2023-05-13T19:45:54.440Z,168400715444000
"-- ending hand #60 --",2023-05-13T19:45:48.423Z,168400714842303
"""daws @ xjgMoSVpRc"" shows a 10♥, J♥.",2023-05-13T19:45:48.423Z,168400714842302
"""Mamo @ abVmUlEwy_"" collected 131.00 from pot with Three of a Kind, K's (combination: K♦, K♠, K♥, A♣, J♠)",2023-05-13T19:45:48.423Z,168400714842301
"""Mamo @ abVmUlEwy_"" shows a K♦, K♠.",2023-05-13T19:45:48.423Z,168400714842300
"""Mamo @ abVmUlEwy_"" calls 32.75",2023-05-13T19:45:47.574Z,168400714757400
"""daws @ xjgMoSVpRc"" bets 32.75",2023-05-13T19:45:44.025Z,168400714402500
"River: K♥, A♣, 9♣, J♠ [8♦]",2023-05-13T19:45:40.400Z,168400714040000
"""daws @ xjgMoSVpRc"" calls 17.00",2023-05-13T19:45:39.579Z,168400713957900
"""Mamo @ abVmUlEwy_"" bets 17.00",2023-05-13T19:45:38.266Z,168400713826600
"""daws @ xjgMoSVpRc"" checks",2023-05-13T19:45:32.326Z,168400713232600
"Turn: K♥, A♣, 9♣ [J♠]",2023-05-13T19:45:30.467Z,168400713046700
"""Mamo @ abVmUlEwy_"" checks",2023-05-13T19:45:29.626Z,168400712962600
"""daws @ xjgMoSVpRc"" checks",2023-05-13T19:45:27.944Z,168400712794400
"Flop:  [K♥, A♣, 9♣]",2023-05-13T19:45:24.655Z,168400712465500
"""daws @ xjgMoSVpRc"" calls 15.00",2023-05-13T19:45:23.829Z,168400712382900
"""Goml @ Bod7b088c-"" folds",2023-05-13T19:45:21.594Z,168400712159400
"""Dp @ YyWpODWXWx"" folds",2023-05-13T19:45:20.574Z,168400712057400
"""Mamo @ abVmUlEwy_"" raises to 15.00",2023-05-13T19:45:19.655Z,168400711965500
"""mp @ -DkySTil6a"" folds",2023-05-13T19:45:12.824Z,168400711282400
"""Aiden A @ XREWYWn-gd"" folds",2023-05-13T19:45:11.913Z,168400711191300
"""daws @ xjgMoSVpRc"" raises to 4.00",2023-05-13T19:45:10.973Z,168400711097300
"""JV @ mxbmy34bn7"" folds",2023-05-13T19:45:07.974Z,168400710797400
"""Goml @ Bod7b088c-"" posts a big blind of 1.00",2023-05-13T19:45:06.646Z,168400710664610
"""Dp @ YyWpODWXWx"" posts a small blind of 0.50",2023-05-13T19:45:06.646Z,168400710664609
"Player stacks: #1 ""Mamo @ abVmUlEwy_"" (128.00) | #2 ""Dp @ YyWpODWXWx"" (95.50) | #5 ""Goml @ Bod7b088c-"" (267.61) | #6 ""JV @ mxbmy34bn7"" (156.75) | #7 ""daws @ xjgMoSVpRc"" (107.25) | #8 ""Aiden A @ XREWYWn-gd"" (130.75) | #9 ""mp @ -DkySTil6a"" (139.50)",2023-05-13T19:45:06.646Z,168400710664601
"-- starting hand #60 (id: ip36ilahptv8)  (No Limit Texas Hold'em) (dealer: ""Mamo @ abVmUlEwy_"") --",2023-05-13T19:45:06.646Z,168400710664600
"-- ending hand #59 --",2023-05-13T19:45:00.735Z,168400710073502
"""daws @ xjgMoSVpRc"" collected 2.50 from pot",2023-05-13T19:45:00.735Z,168400710073501
"Uncalled bet of 4.25 returned to ""daws @ xjgMoSVpRc""",2023-05-13T19:45:00.735Z,168400710073500
"""Dp @ YyWpODWXWx"" folds",2023-05-13T19:44:59.925Z,168400709992500
"""Mamo @ abVmUlEwy_"" folds",2023-05-13T19:44:56.617Z,168400709661700
"""mp @ -DkySTil6a"" folds",2023-05-13T19:44:55.706Z,168400709570600
"""Aiden A @ XREWYWn-gd"" folds",2023-05-13T19:44:49.812Z,168400708981200
"""daws @ xjgMoSVpRc"" raises to 5.25",2023-05-13T19:44:48.752Z,168400708875200
"""JV @ mxbmy34bn7"" folds",2023-05-13T19:44:42.338Z,168400708233800
"""Goml @ Bod7b088c-"" folds",2023-05-13T19:44:41.258Z,168400708125800
"""Dp @ YyWpODWXWx"" posts a big blind of 1.00",2023-05-13T19:44:40.339Z,168400708033910
"""Mamo @ abVmUlEwy_"" posts a small blind of 0.50",2023-05-13T19:44:40.339Z,168400708033909
"Player stacks: #1 ""Mamo @ abVmUlEwy_"" (128.50) | #2 ""Dp @ YyWpODWXWx"" (96.50) | #5 ""Goml @ Bod7b088c-"" (267.61) | #6 ""JV @ mxbmy34bn7"" (156.75) | #7 ""daws @ xjgMoSVpRc"" (105.75) | #8 ""Aiden A @ XREWYWn-gd"" (130.75) | #9 ""mp @ -DkySTil6a"" (139.50)",2023-05-13T19:44:40.339Z,168400708033901
"-- starting hand #59 (id: bepcijtvnltj)  (No Limit Texas Hold'em) (dealer: ""mp @ -DkySTil6a"") --",2023-05-13T19:44:40.339Z,168400708033900
"-- ending hand #58 --",2023-05-13T19:44:34.333Z,168400707433302
"""Mamo @ abVmUlEwy_"" collected 1.00 from pot",2023-05-13T19:44:34.333Z,168400707433301
"Uncalled bet of 0.50 returned to ""Mamo @ abVmUlEwy_""",2023-05-13T19:44:34.333Z,168400707433300
"""mp @ -DkySTil6a"" folds",2023-05-13T19:44:33.420Z,168400707342000
"""Aiden A @ XREWYWn-gd"" folds",2023-05-13T19:44:32.502Z,168400707250200
"""daws @ xjgMoSVpRc"" folds",2023-05-13T19:44:31.495Z,168400707149500
"""JV @ mxbmy34bn7"" folds",2023-05-13T19:44:30.486Z,168400707048600
"""Goml @ Bod7b088c-"" folds",2023-05-13T19:44:29.269Z,168400706926900
"""Dp @ YyWpODWXWx"" folds",2023-05-13T19:44:28.258Z,168400706825800
"""Mamo @ abVmUlEwy_"" posts a big blind of 1.00",2023-05-13T19:44:26.940Z,168400706694010
"""mp @ -DkySTil6a"" posts a small blind of 0.50",2023-05-13T19:44:26.940Z,168400706694009
"Player stacks: #1 ""Mamo @ abVmUlEwy_"" (128.00) | #2 ""Dp @ YyWpODWXWx"" (96.50) | #5 ""Goml @ Bod7b088c-"" (267.61) | #6 ""JV @ mxbmy34bn7"" (156.75) | #7 ""daws @ xjgMoSVpRc"" (105.75) | #8 ""Aiden A @ XREWYWn-gd"" (130.75) | #9 ""mp @ -DkySTil6a"" (140.00)",2023-05-13T19:44:26.940Z,168400706694001
"-- starting hand #58 (id: zizcslrrpdet)  (No Limit Texas Hold'em) (dealer: ""Aiden A @ XREWYWn-gd"") --",2023-05-13T19:44:26.940Z,168400706694000
"-- ending hand #57 --",2023-05-13T19:44:20.922Z,168400706092202
"""mp @ -DkySTil6a"" collected 49.50 from pot with Two Pair, 10's & 6's (combination: 10♠, 10♣, 6♥, 6♠, J♣)",2023-05-13T19:44:20.922Z,168400706092201
"""mp @ -DkySTil6a"" shows a 10♠, J♣.",2023-05-13T19:44:20.922Z,168400706092200
"""Mamo @ abVmUlEwy_"" checks",2023-05-13T19:44:20.066Z,168400706006600
"""mp @ -DkySTil6a"" checks",2023-05-13T19:44:17.392Z,168400705739200
"River: 10♣, 6♥, 6♠, 9♥ [5♣]",2023-05-13T19:44:15.948Z,168400705594800
"""mp @ -DkySTil6a"" calls 12.00",2023-05-13T19:44:15.110Z,168400705511000
"""Mamo @ abVmUlEwy_"" bets 12.00",2023-05-13T19:44:10.540Z,168400705054000
"""mp @ -DkySTil6a"" checks",2023-05-13T19:44:03.912Z,168400704391200
"Turn: 10♣, 6♥, 6♠ [9♥]",2023-05-13T19:44:02.474Z,168400704247400
"""mp @ -DkySTil6a"" calls 6.50",2023-05-13T19:44:01.632Z,168400704163200
"""daws @ xjgMoSVpRc"" folds",2023-05-13T19:44:00.262Z,168400704026200
"""JV @ mxbmy34bn7"" folds",2023-05-13T19:43:59.306Z,168400703930600
"""Mamo @ abVmUlEwy_"" bets 6.50",2023-05-13T19:43:56.688Z,168400703668800
"""mp @ -DkySTil6a"" checks",2023-05-13T19:43:49.806Z,168400702980600
"Flop:  [10♣, 6♥, 6♠]",2023-05-13T19:43:47.466Z,168400702746600
"""mp @ -DkySTil6a"" calls 3.00",2023-05-13T19:43:46.640Z,168400702664000
"""Aiden A @ XREWYWn-gd"" folds",2023-05-13T19:43:31.689Z,168400701168900
"""daws @ xjgMoSVpRc"" calls 3.00",2023-05-13T19:43:29.683Z,168400700968300
"""JV @ mxbmy34bn7"" calls 3.00",2023-05-13T19:43:28.682Z,168400700868200
"""Goml @ Bod7b088c-"" folds",2023-05-13T19:43:24.655Z,168400700465500
"""Dp @ YyWpODWXWx"" folds",2023-05-13T19:43:21.531Z,168400700153100
"""Mamo @ abVmUlEwy_"" raises to 3.00",2023-05-13T19:43:17.423Z,168400699742300
"""mp @ -DkySTil6a"" posts a big blind of 1.00",2023-05-13T19:43:13.593Z,168400699359310
"""Aiden A @ XREWYWn-gd"" posts a small blind of 0.50",2023-05-13T19:43:13.593Z,168400699359309
"Player stacks: #1 ""Mamo @ abVmUlEwy_"" (149.50) | #2 ""Dp @ YyWpODWXWx"" (96.50) | #5 ""Goml @ Bod7b088c-"" (267.61) | #6 ""JV @ mxbmy34bn7"" (159.75) | #7 ""daws @ xjgMoSVpRc"" (108.75) | #8 ""Aiden A @ XREWYWn-gd"" (131.25) | #9 ""mp @ -DkySTil6a"" (112.00)",2023-05-13T19:43:13.593Z,168400699359301
"-- starting hand #57 (id: gthh4aq0t2p9)  (No Limit Texas Hold'em) (dealer: ""daws @ xjgMoSVpRc"") --",2023-05-13T19:43:13.593Z,168400699359300
"""Aiden A @ XREWYWn-gd"" shows a 4♦, Q♦.",2023-05-13T19:43:10.973Z,168400699097300
"-- ending hand #56 --",2023-05-13T19:43:09.986Z,168400698998602
"""Aiden A @ XREWYWn-gd"" collected 40.00 from pot",2023-05-13T19:43:09.986Z,168400698998601
"Uncalled bet of 21.00 returned to ""Aiden A @ XREWYWn-gd""",2023-05-13T19:43:09.986Z,168400698998600
"""Goml @ Bod7b088c-"" folds",2023-05-13T19:43:09.132Z,168400698913200
"""Aiden A @ XREWYWn-gd"" bets 21.00",2023-05-13T19:43:07.678Z,168400698767800
"River: 5♦, 9♥, 7♣, A♣ [A♥]",2023-05-13T19:43:00.487Z,168400698048700
"""Goml @ Bod7b088c-"" calls 10.00",2023-05-13T19:42:59.603Z,168400697960300
"""Aiden A @ XREWYWn-gd"" bets 10.00",2023-05-13T19:42:58.094Z,168400697809400
"Turn: 5♦, 9♥, 7♣ [A♣]",2023-05-13T19:42:51.119Z,168400697111900
"""daws @ xjgMoSVpRc"" folds",2023-05-13T19:42:50.285Z,168400697028500
"""Goml @ Bod7b088c-"" calls 5.50",2023-05-13T19:42:48.447Z,168400696844700
"""Aiden A @ XREWYWn-gd"" bets 5.50",2023-05-13T19:42:46.218Z,168400696621800
"""daws @ xjgMoSVpRc"" checks",2023-05-13T19:42:37.156Z,168400695715600
"Flop:  [5♦, 9♥, 7♣]",2023-05-13T19:42:23.052Z,168400694305200
"""Goml @ Bod7b088c-"" calls 3.00",2023-05-13T19:42:22.233Z,168400694223300
"""Aiden A @ XREWYWn-gd"" calls 3.00",2023-05-13T19:42:20.650Z,168400694065000
"""daws @ xjgMoSVpRc"" raises to 3.00",2023-05-13T19:42:18.957Z,168400693895700
"""JV @ mxbmy34bn7"" folds",2023-05-13T19:42:10.796Z,168400693079600
"""Goml @ Bod7b088c-"" calls 1.00",2023-05-13T19:42:07.849Z,168400692784900
"""Dp @ YyWpODWXWx"" folds",2023-05-13T19:42:05.960Z,168400692596000
"""Mamo @ abVmUlEwy_"" folds",2023-05-13T19:42:01.699Z,168400692169900
"""mp @ -DkySTil6a"" folds",2023-05-13T19:42:00.690Z,168400692069000
"""Aiden A @ XREWYWn-gd"" posts a big blind of 1.00",2023-05-13T19:41:58.985Z,168400691898510
"""daws @ xjgMoSVpRc"" posts a small blind of 0.50",2023-05-13T19:41:58.985Z,168400691898509
"Player stacks: #1 ""Mamo @ abVmUlEwy_"" (149.50) | #2 ""Dp @ YyWpODWXWx"" (96.50) | #5 ""Goml @ Bod7b088c-"" (286.11) | #6 ""JV @ mxbmy34bn7"" (159.75) | #7 ""daws @ xjgMoSVpRc"" (111.75) | #8 ""Aiden A @ XREWYWn-gd"" (109.75) | #9 ""mp @ -DkySTil6a"" (112.00)",2023-05-13T19:41:58.985Z,168400691898501
"-- starting hand #56 (id: srvcjwri0kfi)  (No Limit Texas Hold'em) (dealer: ""JV @ mxbmy34bn7"") --",2023-05-13T19:41:58.985Z,168400691898500
"-- ending hand #55 --",2023-05-13T19:41:52.979Z,168400691297902
"""Goml @ Bod7b088c-"" collected 15.00 from pot",2023-05-13T19:41:52.979Z,168400691297901
"Uncalled bet of 8.50 returned to ""Goml @ Bod7b088c-""",2023-05-13T19:41:52.979Z,168400691297900
"""Mamo @ abVmUlEwy_"" folds",2023-05-13T19:41:52.122Z,168400691212200
"""Goml @ Bod7b088c-"" bets 8.50",2023-05-13T19:41:48.111Z,168400690811100
"""Mamo @ abVmUlEwy_"" checks",2023-05-13T19:41:44.011Z,168400690401100
"Turn: 8♠, 9♥, 3♥ [4♠]",2023-05-13T19:41:42.206Z,168400690220600
"""Mamo @ abVmUlEwy_"" calls 3.75",2023-05-13T19:41:41.385Z,168400690138500
"""Goml @ Bod7b088c-"" bets 3.75",2023-05-13T19:41:39.241Z,168400689924100
"""Mamo @ abVmUlEwy_"" checks",2023-05-13T19:41:35.082Z,168400689508200
"Flop:  [8♠, 9♥, 3♥]",2023-05-13T19:41:32.998Z,168400689299800
"""daws @ xjgMoSVpRc"" folds",2023-05-13T19:41:32.186Z,168400689218600
"""JV @ mxbmy34bn7"" folds",2023-05-13T19:41:31.046Z,168400689104600
"""Goml @ Bod7b088c-"" calls 3.00",2023-05-13T19:41:30.117Z,168400689011700
"""Dp @ YyWpODWXWx"" folds",2023-05-13T19:41:22.502Z,168400688250200
"""Mamo @ abVmUlEwy_"" raises to 3.00",2023-05-13T19:41:21.559Z,168400688155900
"""mp @ -DkySTil6a"" folds",2023-05-13T19:41:19.065Z,168400687906500
"""Aiden A @ XREWYWn-gd"" folds",2023-05-13T19:41:18.190Z,168400687819000
"""daws @ xjgMoSVpRc"" posts a big blind of 1.00",2023-05-13T19:41:16.942Z,168400687694210
"""JV @ mxbmy34bn7"" posts a small blind of 0.50",2023-05-13T19:41:16.942Z,168400687694209
"Player stacks: #1 ""Mamo @ abVmUlEwy_"" (156.25) | #2 ""Dp @ YyWpODWXWx"" (96.50) | #5 ""Goml @ Bod7b088c-"" (277.86) | #6 ""JV @ mxbmy34bn7"" (160.25) | #7 ""daws @ xjgMoSVpRc"" (112.75) | #8 ""Aiden A @ XREWYWn-gd"" (109.75) | #9 ""mp @ -DkySTil6a"" (112.00)",2023-05-13T19:41:16.942Z,168400687694201
"-- starting hand #55 (id: 4zxz6zmobian)  (No Limit Texas Hold'em) (dealer: ""Goml @ Bod7b088c-"") --",2023-05-13T19:41:16.942Z,168400687694200
"""JV @ mxbmy34bn7"" shows a 3♣, 5♣.",2023-05-13T19:41:11.496Z,168400687149600
"-- ending hand #54 --",2023-05-13T19:41:10.325Z,168400687032502
"""JV @ mxbmy34bn7"" collected 14.50 from pot",2023-05-13T19:41:10.325Z,168400687032501
"Uncalled bet of 14.50 returned to ""JV @ mxbmy34bn7""",2023-05-13T19:41:10.325Z,168400687032500
"""Goml @ Bod7b088c-"" folds",2023-05-13T19:41:09.409Z,168400686940900
"""Dp @ YyWpODWXWx"" folds",2023-05-13T19:41:08.332Z,168400686833200
"""Aiden A @ XREWYWn-gd"" folds",2023-05-13T19:41:00.575Z,168400686057500
"""JV @ mxbmy34bn7"" raises to 19.00",2023-05-13T19:40:59.035Z,168400685903500
"""Goml @ Bod7b088c-"" calls 4.50",2023-05-13T19:40:45.872Z,168400684587200
"""Dp @ YyWpODWXWx"" raises to 4.50",2023-05-13T19:40:44.136Z,168400684413600
"""Mamo @ abVmUlEwy_"" folds",2023-05-13T19:40:40.277Z,168400684027700
"""mp @ -DkySTil6a"" folds",2023-05-13T19:40:39.312Z,168400683931200
"""Aiden A @ XREWYWn-gd"" calls 1.00",2023-05-13T19:40:37.987Z,168400683798700
"""daws @ xjgMoSVpRc"" folds",2023-05-13T19:40:35.884Z,168400683588400
"""JV @ mxbmy34bn7"" posts a big blind of 1.00",2023-05-13T19:40:27.532Z,168400682753210
"""Goml @ Bod7b088c-"" posts a small blind of 0.50",2023-05-13T19:40:27.532Z,168400682753209
"Player stacks: #1 ""Mamo @ abVmUlEwy_"" (156.25) | #2 ""Dp @ YyWpODWXWx"" (101.00) | #5 ""Goml @ Bod7b088c-"" (282.36) | #6 ""JV @ mxbmy34bn7"" (150.25) | #7 ""daws @ xjgMoSVpRc"" (112.75) | #8 ""Aiden A @ XREWYWn-gd"" (110.75) | #9 ""mp @ -DkySTil6a"" (112.00)",2023-05-13T19:40:27.532Z,168400682753201
"-- starting hand #54 (id: rj5k4waf6zmw)  (No Limit Texas Hold'em) (dealer: ""Dp @ YyWpODWXWx"") --",2023-05-13T19:40:27.532Z,168400682753200
"""Goml @ Bod7b088c-"" shows a 7♥, 2♥.",2023-05-13T19:40:22.868Z,168400682286800
"-- ending hand #53 --",2023-05-13T19:40:20.927Z,168400682092702
"""Goml @ Bod7b088c-"" collected 4.00 from pot",2023-05-13T19:40:20.927Z,168400682092701
"Uncalled bet of 3.00 returned to ""Goml @ Bod7b088c-""",2023-05-13T19:40:20.927Z,168400682092700
"""Dp @ YyWpODWXWx"" folds",2023-05-13T19:40:20.109Z,168400682010900
"""Goml @ Bod7b088c-"" bets 3.00",2023-05-13T19:40:19.126Z,168400681912600
"""Dp @ YyWpODWXWx"" checks",2023-05-13T19:40:15.312Z,168400681531200
"Turn: 8♥, 5♦, 6♣ [10♦]",2023-05-13T19:40:14.215Z,168400681421500
"""Dp @ YyWpODWXWx"" calls 1.00",2023-05-13T19:40:13.386Z,168400681338600
"""Goml @ Bod7b088c-"" bets 1.00",2023-05-13T19:40:11.329Z,168400681132900
"""Dp @ YyWpODWXWx"" checks",2023-05-13T19:40:09.538Z,168400680953800
"Flop:  [8♥, 5♦, 6♣]",2023-05-13T19:40:06.402Z,168400680640200
"""Goml @ Bod7b088c-"" checks",2023-05-13T19:40:05.527Z,168400680552700
"""Dp @ YyWpODWXWx"" calls 1.00",2023-05-13T19:40:01.307Z,168400680130700
"""Mamo @ abVmUlEwy_"" folds",2023-05-13T19:39:59.514Z,168400679951400
"""mp @ -DkySTil6a"" folds",2023-05-13T19:39:52.520Z,168400679252000
"""Aiden A @ XREWYWn-gd"" folds",2023-05-13T19:39:51.595Z,168400679159500
"""daws @ xjgMoSVpRc"" folds",2023-05-13T19:39:50.648Z,168400679064800
"""JV @ mxbmy34bn7"" folds",2023-05-13T19:39:49.735Z,168400678973500
"""Goml @ Bod7b088c-"" posts a big blind of 1.00",2023-05-13T19:39:45.366Z,168400678536610
"""Dp @ YyWpODWXWx"" posts a small blind of 0.50",2023-05-13T19:39:45.366Z,168400678536609
"Player stacks: #1 ""Mamo @ abVmUlEwy_"" (156.25) | #2 ""Dp @ YyWpODWXWx"" (103.00) | #5 ""Goml @ Bod7b088c-"" (280.36) | #6 ""JV @ mxbmy34bn7"" (150.25) | #7 ""daws @ xjgMoSVpRc"" (112.75) | #8 ""Aiden A @ XREWYWn-gd"" (110.75) | #9 ""mp @ -DkySTil6a"" (112.00)",2023-05-13T19:39:45.366Z,168400678536601
"-- starting hand #53 (id: ltggltzn8t6f)  (No Limit Texas Hold'em) (dealer: ""Mamo @ abVmUlEwy_"") --",2023-05-13T19:39:45.366Z,168400678536600
"-- ending hand #52 --",2023-05-13T19:39:42.425Z,168400678242502
"""Mamo @ abVmUlEwy_"" collected 19.00 from pot",2023-05-13T19:39:42.425Z,168400678242501
"Uncalled bet of 10.50 returned to ""Mamo @ abVmUlEwy_""",2023-05-13T19:39:42.425Z,168400678242500
"""daws @ xjgMoSVpRc"" folds",2023-05-13T19:39:41.567Z,168400678156700
"""Mamo @ abVmUlEwy_"" bets 10.50",2023-05-13T19:39:39.402Z,168400677940200
"River: 7♣, 2♠, 7♠, 2♥ [10♣]",2023-05-13T19:39:35.155Z,168400677515500
"""daws @ xjgMoSVpRc"" calls 5.00",2023-05-13T19:39:34.290Z,168400677429000
"""Dp @ YyWpODWXWx"" folds",2023-05-13T19:39:30.045Z,168400677004500
"""Mamo @ abVmUlEwy_"" bets 5.00",2023-05-13T19:39:28.594Z,168400676859400
"Turn: 7♣, 2♠, 7♠ [2♥]",2023-05-13T19:39:20.995Z,168400676099500
"""daws @ xjgMoSVpRc"" checks",2023-05-13T19:39:20.175Z,168400676017500
"""Dp @ YyWpODWXWx"" checks",2023-05-13T19:39:17.428Z,168400675742800
"""Mamo @ abVmUlEwy_"" checks",2023-05-13T19:39:07.316Z,168400674731600
"Flop:  [7♣, 2♠, 7♠]",2023-05-13T19:39:02.560Z,168400674256000
"""Dp @ YyWpODWXWx"" calls 3.00",2023-05-13T19:39:01.737Z,168400674173700
"""Mamo @ abVmUlEwy_"" calls 3.00",2023-05-13T19:39:00.799Z,168400674079900
"""mp @ -DkySTil6a"" folds",2023-05-13T19:38:55.405Z,168400673540500
"""Aiden A @ XREWYWn-gd"" folds",2023-05-13T19:38:53.643Z,168400673364300
"""daws @ xjgMoSVpRc"" raises to 3.00",2023-05-13T19:38:52.720Z,168400673272000
"""JV @ mxbmy34bn7"" folds",2023-05-13T19:38:49.256Z,168400672925600
"""Goml @ Bod7b088c-"" folds",2023-05-13T19:38:37.310Z,168400671731000
"""Dp @ YyWpODWXWx"" posts a big blind of 1.00",2023-05-13T19:38:22.290Z,168400670229010
"""Mamo @ abVmUlEwy_"" posts a small blind of 0.50",2023-05-13T19:38:22.290Z,168400670229009
"Player stacks: #1 ""Mamo @ abVmUlEwy_"" (145.25) | #2 ""Dp @ YyWpODWXWx"" (106.00) | #5 ""Goml @ Bod7b088c-"" (280.36) | #6 ""JV @ mxbmy34bn7"" (150.25) | #7 ""daws @ xjgMoSVpRc"" (120.75) | #8 ""Aiden A @ XREWYWn-gd"" (110.75) | #9 ""mp @ -DkySTil6a"" (112.00)",2023-05-13T19:38:22.290Z,168400670229001
"-- starting hand #52 (id: jebnrbhxwh0h)  (No Limit Texas Hold'em) (dealer: ""mp @ -DkySTil6a"") --",2023-05-13T19:38:22.290Z,168400670229000
"-- ending hand #51 --",2023-05-13T19:38:16.384Z,168400669638402
"""JV @ mxbmy34bn7"" collected 7.00 from pot",2023-05-13T19:38:16.384Z,168400669638401
"Uncalled bet of 4.50 returned to ""JV @ mxbmy34bn7""",2023-05-13T19:38:16.384Z,168400669638400
"""mp @ -DkySTil6a"" folds",2023-05-13T19:38:15.568Z,168400669556800
"""JV @ mxbmy34bn7"" bets 4.50",2023-05-13T19:38:14.066Z,168400669406600
"""mp @ -DkySTil6a"" checks",2023-05-13T19:38:05.185Z,168400668518500
"Flop:  [9♦, K♠, J♦]",2023-05-13T19:37:59.862Z,168400667986200
"""Mamo @ abVmUlEwy_"" folds",2023-05-13T19:37:58.960Z,168400667896000
"""mp @ -DkySTil6a"" calls 3.00",2023-05-13T19:37:57.434Z,168400667743400
"""Aiden A @ XREWYWn-gd"" folds",2023-05-13T19:37:56.124Z,168400667612400
"""daws @ xjgMoSVpRc"" folds",2023-05-13T19:37:54.997Z,168400667499700
"""JV @ mxbmy34bn7"" raises to 3.00",2023-05-13T19:37:54.011Z,168400667401100
"""Goml @ Bod7b088c-"" folds",2023-05-13T19:37:49.488Z,168400666948800
"""Dp @ YyWpODWXWx"" folds",2023-05-13T19:37:48.471Z,168400666847100
"""Mamo @ abVmUlEwy_"" posts a big blind of 1.00",2023-05-13T19:37:47.055Z,168400666705510
"""mp @ -DkySTil6a"" posts a small blind of 0.50",2023-05-13T19:37:47.055Z,168400666705509
"Player stacks: #1 ""Mamo @ abVmUlEwy_"" (146.25) | #2 ""Dp @ YyWpODWXWx"" (106.00) | #5 ""Goml @ Bod7b088c-"" (280.36) | #6 ""JV @ mxbmy34bn7"" (146.25) | #7 ""daws @ xjgMoSVpRc"" (120.75) | #8 ""Aiden A @ XREWYWn-gd"" (110.75) | #9 ""mp @ -DkySTil6a"" (115.00)",2023-05-13T19:37:47.055Z,168400666705501
"-- starting hand #51 (id: sdcqwdlpsmej)  (No Limit Texas Hold'em) (dealer: ""Aiden A @ XREWYWn-gd"") --",2023-05-13T19:37:47.055Z,168400666705500
"-- ending hand #50 --",2023-05-13T19:37:41.122Z,168400666112202
"""mp @ -DkySTil6a"" collected 6.50 from pot",2023-05-13T19:37:41.122Z,168400666112201
"Uncalled bet of 3.25 returned to ""mp @ -DkySTil6a""",2023-05-13T19:37:41.122Z,168400666112200
"""Goml @ Bod7b088c-"" folds",2023-05-13T19:37:40.315Z,168400666031500
"""mp @ -DkySTil6a"" bets 3.25",2023-05-13T19:37:39.332Z,168400665933200
"Turn: 2♣, 3♦, 6♦ [J♠]",2023-05-13T19:37:36.044Z,168400665604400
"""Goml @ Bod7b088c-"" checks",2023-05-13T19:37:35.192Z,168400665519200
"""mp @ -DkySTil6a"" checks",2023-05-13T19:37:33.581Z,168400665358100
"Flop:  [2♣, 3♦, 6♦]",2023-05-13T19:37:32.311Z,168400665231100
"""mp @ -DkySTil6a"" calls 3.00",2023-05-13T19:37:31.503Z,168400665150300
"""Aiden A @ XREWYWn-gd"" folds",2023-05-13T19:37:29.232Z,168400664923200
"""daws @ xjgMoSVpRc"" folds",2023-05-13T19:37:28.284Z,168400664828400
"""JV @ mxbmy34bn7"" folds",2023-05-13T19:37:12.395Z,168400663239500
"""Goml @ Bod7b088c-"" raises to 3.00",2023-05-13T19:37:11.408Z,168400663140800
"""Dp @ YyWpODWXWx"" folds",2023-05-13T19:37:08.683Z,168400662868300
"""Mamo @ abVmUlEwy_"" folds",2023-05-13T19:37:04.284Z,168400662428400
"""mp @ -DkySTil6a"" posts a big blind of 1.00",2023-05-13T19:37:03.034Z,168400662303410
"""Aiden A @ XREWYWn-gd"" posts a small blind of 0.50",2023-05-13T19:37:03.034Z,168400662303409
"Player stacks: #1 ""Mamo @ abVmUlEwy_"" (146.25) | #2 ""Dp @ YyWpODWXWx"" (106.00) | #5 ""Goml @ Bod7b088c-"" (283.36) | #6 ""JV @ mxbmy34bn7"" (146.25) | #7 ""daws @ xjgMoSVpRc"" (120.75) | #8 ""Aiden A @ XREWYWn-gd"" (111.25) | #9 ""mp @ -DkySTil6a"" (111.50)",2023-05-13T19:37:03.034Z,168400662303401
"-- starting hand #50 (id: rla2tflqlhv9)  (No Limit Texas Hold'em) (dealer: ""daws @ xjgMoSVpRc"") --",2023-05-13T19:37:03.034Z,168400662303400
"""daws @ xjgMoSVpRc"" shows a 4♠, 10♥.",2023-05-13T19:36:58.544Z,168400661854400
"-- ending hand #49 --",2023-05-13T19:36:56.474Z,168400661647403
"""Aiden A @ XREWYWn-gd"" shows a K♣, Q♥.",2023-05-13T19:36:56.474Z,168400661647402
"""Mamo @ abVmUlEwy_"" collected 37.00 from pot with Flush, Kd High (combination: K♦, J♦, 9♦, 4♦, 3♦)",2023-05-13T19:36:56.474Z,168400661647401
"""Mamo @ abVmUlEwy_"" shows a 9♦, J♦.",2023-05-13T19:36:56.474Z,168400661647400
"""Mamo @ abVmUlEwy_"" checks",2023-05-13T19:36:55.632Z,168400661563200
"""Aiden A @ XREWYWn-gd"" checks",2023-05-13T19:36:52.971Z,168400661297100
"River: 3♦, 10♣, K♦, 4♦ [4♣]",2023-05-13T19:36:50.548Z,168400661054800
"""Mamo @ abVmUlEwy_"" calls 9.25",2023-05-13T19:36:49.677Z,168400660967700
"""Aiden A @ XREWYWn-gd"" bets 9.25",2023-05-13T19:36:47.861Z,168400660786100
"Turn: 3♦, 10♣, K♦ [4♦]",2023-05-13T19:36:44.267Z,168400660426700
"""Mamo @ abVmUlEwy_"" calls 6.00",2023-05-13T19:36:43.449Z,168400660344900
"""Aiden A @ XREWYWn-gd"" raises to 6.00",2023-05-13T19:36:40.961Z,168400660096100
"""Mamo @ abVmUlEwy_"" bets 3.00",2023-05-13T19:36:38.012Z,168400659801200
"""Aiden A @ XREWYWn-gd"" checks",2023-05-13T19:36:33.970Z,168400659397000
"Flop:  [3♦, 10♣, K♦]",2023-05-13T19:36:32.727Z,168400659272700
"""Aiden A @ XREWYWn-gd"" calls 3.00",2023-05-13T19:36:31.920Z,168400659192000
"""daws @ xjgMoSVpRc"" folds",2023-05-13T19:36:30.922Z,168400659092200
"""JV @ mxbmy34bn7"" folds",2023-05-13T19:36:29.931Z,168400658993100
"""Goml @ Bod7b088c-"" folds",2023-05-13T19:36:28.302Z,168400658830200
"""Dp @ YyWpODWXWx"" folds",2023-05-13T19:36:27.439Z,168400658743900
"""Mamo @ abVmUlEwy_"" raises to 3.00",2023-05-13T19:36:12.331Z,168400657233100
"""mp @ -DkySTil6a"" folds",2023-05-13T19:36:08.337Z,168400656833700
"""Aiden A @ XREWYWn-gd"" posts a big blind of 1.00",2023-05-13T19:36:05.509Z,168400656550910
"""daws @ xjgMoSVpRc"" posts a small blind of 0.50",2023-05-13T19:36:05.509Z,168400656550909
"Player stacks: #1 ""Mamo @ abVmUlEwy_"" (127.50) | #2 ""Dp @ YyWpODWXWx"" (106.00) | #5 ""Goml @ Bod7b088c-"" (283.36) | #6 ""JV @ mxbmy34bn7"" (146.25) | #7 ""daws @ xjgMoSVpRc"" (121.25) | #8 ""Aiden A @ XREWYWn-gd"" (129.50) | #9 ""mp @ -DkySTil6a"" (111.50)",2023-05-13T19:36:05.509Z,168400656550901
"-- starting hand #49 (id: a2xeebyxifr6)  (No Limit Texas Hold'em) (dealer: ""JV @ mxbmy34bn7"") --",2023-05-13T19:36:05.509Z,168400656550900
"""daws @ xjgMoSVpRc"" shows a 7♥, 2♣.",2023-05-13T19:36:00.555Z,168400656055500
"-- ending hand #48 --",2023-05-13T19:35:58.968Z,168400655896802
"""JV @ mxbmy34bn7"" collected 4.00 from pot with Pair, 7's (combination: 7♦, 7♣, Q♥, 9♣, 8♣)",2023-05-13T19:35:58.968Z,168400655896801
"""JV @ mxbmy34bn7"" shows a 8♣, 7♦.",2023-05-13T19:35:58.968Z,168400655896800
"""daws @ xjgMoSVpRc"" checks",2023-05-13T19:35:58.127Z,168400655812700
"""JV @ mxbmy34bn7"" checks",2023-05-13T19:35:57.110Z,168400655711000
"River: Q♥, 3♣, 6♦, 7♣ [9♣]",2023-05-13T19:35:56.286Z,168400655628600
"""JV @ mxbmy34bn7"" calls 1.00",2023-05-13T19:35:55.441Z,168400655544100
"""daws @ xjgMoSVpRc"" bets 1.00",2023-05-13T19:35:52.982Z,168400655298200
"""JV @ mxbmy34bn7"" checks",2023-05-13T19:35:49.902Z,168400654990200
"Turn: Q♥, 3♣, 6♦ [7♣]",2023-05-13T19:35:48.883Z,168400654888300
"""daws @ xjgMoSVpRc"" checks",2023-05-13T19:35:48.070Z,168400654807000
"""JV @ mxbmy34bn7"" checks",2023-05-13T19:35:40.282Z,168400654028200
"Flop:  [Q♥, 3♣, 6♦]",2023-05-13T19:35:39.412Z,168400653941200
"""daws @ xjgMoSVpRc"" checks",2023-05-13T19:35:38.595Z,168400653859500
"""JV @ mxbmy34bn7"" calls 1.00",2023-05-13T19:35:37.642Z,168400653764200
"""Goml @ Bod7b088c-"" folds",2023-05-13T19:35:33.836Z,168400653383600
"""Dp @ YyWpODWXWx"" folds",2023-05-13T19:35:22.227Z,168400652222700
"""Mamo @ abVmUlEwy_"" folds",2023-05-13T19:35:21.294Z,168400652129400
"""mp @ -DkySTil6a"" folds",2023-05-13T19:35:20.370Z,168400652037000
"""Aiden A @ XREWYWn-gd"" folds",2023-05-13T19:35:19.257Z,168400651925700
"""daws @ xjgMoSVpRc"" posts a big blind of 1.00",2023-05-13T19:35:18.033Z,168400651803310
"""JV @ mxbmy34bn7"" posts a small blind of 0.50",2023-05-13T19:35:18.033Z,168400651803309
"Player stacks: #1 ""Mamo @ abVmUlEwy_"" (127.50) | #2 ""Dp @ YyWpODWXWx"" (106.00) | #5 ""Goml @ Bod7b088c-"" (283.36) | #6 ""JV @ mxbmy34bn7"" (144.25) | #7 ""daws @ xjgMoSVpRc"" (123.25) | #8 ""Aiden A @ XREWYWn-gd"" (129.50) | #9 ""mp @ -DkySTil6a"" (111.50)",2023-05-13T19:35:18.033Z,168400651803301
"-- starting hand #48 (id: 7qcfpxkyry5d)  (No Limit Texas Hold'em) (dealer: ""Goml @ Bod7b088c-"") --",2023-05-13T19:35:18.033Z,168400651803300
"-- ending hand #47 --",2023-05-13T19:35:15.101Z,168400651510102
"""daws @ xjgMoSVpRc"" collected 8.50 from pot",2023-05-13T19:35:15.101Z,168400651510101
"Uncalled bet of 4.25 returned to ""daws @ xjgMoSVpRc""",2023-05-13T19:35:15.101Z,168400651510100
"""JV @ mxbmy34bn7"" folds",2023-05-13T19:35:14.262Z,168400651426200
"""daws @ xjgMoSVpRc"" bets 4.25",2023-05-13T19:35:12.790Z,168400651279000
"""JV @ mxbmy34bn7"" checks",2023-05-13T19:35:09.562Z,168400650956200
"River: 5♣, A♣, 3♠, A♠ [9♣]",2023-05-13T19:35:05.972Z,168400650597200
"""daws @ xjgMoSVpRc"" checks",2023-05-13T19:35:05.116Z,168400650511600
"""JV @ mxbmy34bn7"" checks",2023-05-13T19:35:01.943Z,168400650194300
"Turn: 5♣, A♣, 3♠ [A♠]",2023-05-13T19:34:58.123Z,168400649812300
"""daws @ xjgMoSVpRc"" checks",2023-05-13T19:34:57.303Z,168400649730300
"""JV @ mxbmy34bn7"" checks",2023-05-13T19:34:55.222Z,168400649522200
"Flop:  [5♣, A♣, 3♠]",2023-05-13T19:34:53.719Z,168400649371900
"""JV @ mxbmy34bn7"" calls 4.00",2023-05-13T19:34:52.898Z,168400649289800
"""Goml @ Bod7b088c-"" folds",2023-05-13T19:34:48.851Z,168400648885100
"""Dp @ YyWpODWXWx"" folds",2023-05-13T19:34:47.920Z,168400648792000
"""Mamo @ abVmUlEwy_"" folds",2023-05-13T19:34:46.986Z,168400648698600
"""mp @ -DkySTil6a"" folds",2023-05-13T19:34:45.961Z,168400648596100
"""Aiden A @ XREWYWn-gd"" folds",2023-05-13T19:34:45.016Z,168400648501600
"""daws @ xjgMoSVpRc"" raises to 4.00",2023-05-13T19:34:44.111Z,168400648411100
"""JV @ mxbmy34bn7"" posts a big blind of 1.00",2023-05-13T19:34:39.236Z,168400647923610
"""Goml @ Bod7b088c-"" posts a small blind of 0.50",2023-05-13T19:34:39.236Z,168400647923609
"Player stacks: #1 ""Mamo @ abVmUlEwy_"" (127.50) | #2 ""Dp @ YyWpODWXWx"" (106.00) | #5 ""Goml @ Bod7b088c-"" (283.86) | #6 ""JV @ mxbmy34bn7"" (148.25) | #7 ""daws @ xjgMoSVpRc"" (118.75) | #8 ""Aiden A @ XREWYWn-gd"" (129.50) | #9 ""mp @ -DkySTil6a"" (111.50)",2023-05-13T19:34:39.236Z,168400647923601
"-- starting hand #47 (id: zjd2obawy25w)  (No Limit Texas Hold'em) (dealer: ""Dp @ YyWpODWXWx"") --",2023-05-13T19:34:39.236Z,168400647923600
"""Goml @ Bod7b088c-"" shows a 4♥, 7♥.",2023-05-13T19:34:37.766Z,168400647776600
"-- ending hand #46 --",2023-05-13T19:34:35.633Z,168400647563302
"""mp @ -DkySTil6a"" collected 56.00 from pot",2023-05-13T19:34:35.633Z,168400647563301
"Uncalled bet of 55.50 returned to ""mp @ -DkySTil6a""",2023-05-13T19:34:35.633Z,168400647563300
"""Goml @ Bod7b088c-"" folds",2023-05-13T19:34:34.774Z,168400647477400
"""mp @ -DkySTil6a"" raises to 70.50 and go all in",2023-05-13T19:34:31.857Z,168400647185700
"""Goml @ Bod7b088c-"" bets 15.00",2023-05-13T19:34:14.644Z,168400645464400
"River: 3♥, Q♦, 6♥, 9♥ [6♠]",2023-05-13T19:34:09.547Z,168400644954700
"""Dp @ YyWpODWXWx"" folds",2023-05-13T19:34:08.688Z,168400644868800
"""mp @ -DkySTil6a"" calls 7.00",2023-05-13T19:34:07.759Z,168400644775900
"""daws @ xjgMoSVpRc"" folds",2023-05-13T19:34:05.922Z,168400644592200
"""Goml @ Bod7b088c-"" bets 7.00",2023-05-13T19:34:03.302Z,168400644330200
"""Dp @ YyWpODWXWx"" checks",2023-05-13T19:33:59.801Z,168400643980100
"Turn: 3♥, Q♦, 6♥ [9♥]",2023-05-13T19:33:57.396Z,168400643739600
"""mp @ -DkySTil6a"" checks",2023-05-13T19:33:56.587Z,168400643658700
"""daws @ xjgMoSVpRc"" checks",2023-05-13T19:33:52.886Z,168400643288600
"""Goml @ Bod7b088c-"" checks",2023-05-13T19:33:41.572Z,168400642157200
"""Dp @ YyWpODWXWx"" checks",2023-05-13T19:33:40.000Z,168400642000000
"Flop:  [3♥, Q♦, 6♥]",2023-05-13T19:33:35.578Z,168400641557800
"""Goml @ Bod7b088c-"" calls 3.00",2023-05-13T19:33:34.733Z,168400641473300
"""Dp @ YyWpODWXWx"" calls 3.00",2023-05-13T19:33:33.350Z,168400641335000
"""Mamo @ abVmUlEwy_"" folds",2023-05-13T19:33:29.780Z,168400640978000
"""mp @ -DkySTil6a"" calls 3.00",2023-05-13T19:33:28.694Z,168400640869400
"""Aiden A @ XREWYWn-gd"" folds",2023-05-13T19:33:27.006Z,168400640700600
"""daws @ xjgMoSVpRc"" raises to 3.00",2023-05-13T19:33:26.054Z,168400640605400
"""JV @ mxbmy34bn7"" folds",2023-05-13T19:33:21.240Z,168400640124000
"""Goml @ Bod7b088c-"" posts a big blind of 1.00",2023-05-13T19:33:12.251Z,168400639225111
"""Dp @ YyWpODWXWx"" posts a small blind of 0.50",2023-05-13T19:33:12.251Z,168400639225110
"Player stacks: #1 ""Mamo @ abVmUlEwy_"" (127.50) | #2 ""Dp @ YyWpODWXWx"" (109.00) | #5 ""Goml @ Bod7b088c-"" (308.86) | #6 ""JV @ mxbmy34bn7"" (148.25) | #7 ""daws @ xjgMoSVpRc"" (121.75) | #8 ""Aiden A @ XREWYWn-gd"" (129.50) | #9 ""mp @ -DkySTil6a"" (80.50)",2023-05-13T19:33:12.251Z,168400639225102
"-- starting hand #46 (id: aq4zibpap9b9)  (No Limit Texas Hold'em) (dealer: ""Mamo @ abVmUlEwy_"") --",2023-05-13T19:33:12.251Z,168400639225101
"The player ""Rik @ wAgo7xgxkb"" quits the game with a stack of 254.64.",2023-05-13T19:33:12.251Z,168400639225100
"-- ending hand #45 --",2023-05-13T19:33:06.344Z,168400638634402
"""Dp @ YyWpODWXWx"" collected 1.00 from pot",2023-05-13T19:33:06.344Z,168400638634401
"Uncalled bet of 0.50 returned to ""Dp @ YyWpODWXWx""",2023-05-13T19:33:06.344Z,168400638634400
"""Mamo @ abVmUlEwy_"" folds",2023-05-13T19:33:05.442Z,168400638544200
"""mp @ -DkySTil6a"" folds",2023-05-13T19:33:03.573Z,168400638357300
"""Aiden A @ XREWYWn-gd"" folds",2023-05-13T19:33:02.543Z,168400638254300
"""daws @ xjgMoSVpRc"" folds",2023-05-13T19:32:46.625Z,168400636662500
"""JV @ mxbmy34bn7"" folds",2023-05-13T19:32:45.723Z,168400636572300
"""Goml @ Bod7b088c-"" folds",2023-05-13T19:32:29.849Z,168400634984900
"""Rik @ wAgo7xgxkb"" folds",2023-05-13T19:32:28.972Z,168400634897200
"""Dp @ YyWpODWXWx"" posts a big blind of 1.00",2023-05-13T19:32:06.652Z,168400632665211
"""Mamo @ abVmUlEwy_"" posts a small blind of 0.50",2023-05-13T19:32:06.652Z,168400632665210
"Player stacks: #1 ""Mamo @ abVmUlEwy_"" (128.00) | #2 ""Dp @ YyWpODWXWx"" (108.50) | #3 ""Rik @ wAgo7xgxkb"" (254.64) | #5 ""Goml @ Bod7b088c-"" (308.86) | #6 ""JV @ mxbmy34bn7"" (148.25) | #7 ""daws @ xjgMoSVpRc"" (121.75) | #8 ""Aiden A @ XREWYWn-gd"" (129.50) | #9 ""mp @ -DkySTil6a"" (80.50)",2023-05-13T19:32:06.652Z,168400632665201
"-- starting hand #45 (id: fpcmsz0cik04)  (No Limit Texas Hold'em) (dealer: ""mp @ -DkySTil6a"") --",2023-05-13T19:32:06.652Z,168400632665200
"-- ending hand #44 --",2023-05-13T19:32:00.655Z,168400632065502
"""daws @ xjgMoSVpRc"" collected 3.50 from pot",2023-05-13T19:32:00.655Z,168400632065501
"Uncalled bet of 1.00 returned to ""daws @ xjgMoSVpRc""",2023-05-13T19:32:00.655Z,168400632065500
"""Mamo @ abVmUlEwy_"" folds",2023-05-13T19:31:59.847Z,168400631984700
"""Aiden A @ XREWYWn-gd"" folds",2023-05-13T19:31:56.059Z,168400631605900
"""daws @ xjgMoSVpRc"" bets 1.00",2023-05-13T19:31:53.685Z,168400631368500
"""Mamo @ abVmUlEwy_"" checks",2023-05-13T19:31:49.890Z,168400630989000
"Flop:  [7♥, Q♥, K♠]",2023-05-13T19:31:48.110Z,168400630811000
"""Mamo @ abVmUlEwy_"" checks",2023-05-13T19:31:47.255Z,168400630725500
"""mp @ -DkySTil6a"" folds",2023-05-13T19:31:43.251Z,168400630325100
"""Aiden A @ XREWYWn-gd"" calls 1.00",2023-05-13T19:31:42.226Z,168400630222600
"""daws @ xjgMoSVpRc"" calls 1.00",2023-05-13T19:31:40.051Z,168400630005100
"""JV @ mxbmy34bn7"" folds",2023-05-13T19:31:37.039Z,168400629703900
"""Goml @ Bod7b088c-"" folds",2023-05-13T19:31:35.882Z,168400629588200
"""Rik @ wAgo7xgxkb"" folds",2023-05-13T19:31:34.982Z,168400629498200
"""Dp @ YyWpODWXWx"" folds",2023-05-13T19:31:34.041Z,168400629404100
"""Mamo @ abVmUlEwy_"" posts a big blind of 1.00",2023-05-13T19:31:32.280Z,168400629228011
"""mp @ -DkySTil6a"" posts a small blind of 0.50",2023-05-13T19:31:32.280Z,168400629228010
"Player stacks: #1 ""Mamo @ abVmUlEwy_"" (129.00) | #2 ""Dp @ YyWpODWXWx"" (108.50) | #3 ""Rik @ wAgo7xgxkb"" (254.64) | #5 ""Goml @ Bod7b088c-"" (308.86) | #6 ""JV @ mxbmy34bn7"" (148.25) | #7 ""daws @ xjgMoSVpRc"" (119.25) | #8 ""Aiden A @ XREWYWn-gd"" (130.50) | #9 ""mp @ -DkySTil6a"" (81.00)",2023-05-13T19:31:32.280Z,168400629228001
"-- starting hand #44 (id: fcm8xaedfsoa)  (No Limit Texas Hold'em) (dealer: ""Aiden A @ XREWYWn-gd"") --",2023-05-13T19:31:32.280Z,168400629228000
"-- ending hand #43 --",2023-05-13T19:31:26.215Z,168400628621503
"""daws @ xjgMoSVpRc"" shows a 3♣, 2♣.",2023-05-13T19:31:26.215Z,168400628621502
"""Aiden A @ XREWYWn-gd"" collected 130.50 from pot with Straight, 7 High (combination: 7♠, 6♣, 5♦, 4♠, 3♦)",2023-05-13T19:31:26.215Z,168400628621501
"""Aiden A @ XREWYWn-gd"" shows a 3♦, 5♦.",2023-05-13T19:31:26.215Z,168400628621500
"""daws @ xjgMoSVpRc"" calls 32.75",2023-05-13T19:31:25.377Z,168400628537700
"""mp @ -DkySTil6a"" folds",2023-05-13T19:31:24.065Z,168400628406500
"""Aiden A @ XREWYWn-gd"" bets 32.75 and go all in",2023-05-13T19:31:21.132Z,168400628113200
"River: 7♠, 2♥, 6♣, 4♠ [9♦]",2023-05-13T19:31:16.954Z,168400627695400
"""daws @ xjgMoSVpRc"" calls 15.00",2023-05-13T19:31:16.073Z,168400627607300
"""Rik @ wAgo7xgxkb"" folds",2023-05-13T19:31:13.397Z,168400627339700
"""Dp @ YyWpODWXWx"" folds",2023-05-13T19:31:12.451Z,168400627245100
"""mp @ -DkySTil6a"" calls 15.00",2023-05-13T19:31:11.497Z,168400627149700
"""Aiden A @ XREWYWn-gd"" bets 15.00",2023-05-13T19:31:06.880Z,168400626688000
"Turn: 7♠, 2♥, 6♣ [4♠]",2023-05-13T19:31:00.532Z,168400626053200
"""daws @ xjgMoSVpRc"" checks",2023-05-13T19:30:59.650Z,168400625965000
"""Rik @ wAgo7xgxkb"" checks",2023-05-13T19:30:57.306Z,168400625730600
"""Dp @ YyWpODWXWx"" checks",2023-05-13T19:30:55.608Z,168400625560800
"""mp @ -DkySTil6a"" checks",2023-05-13T19:30:50.966Z,168400625096600
"""Aiden A @ XREWYWn-gd"" checks",2023-05-13T19:30:49.673Z,168400624967300
"Flop:  [7♠, 2♥, 6♣]",2023-05-13T19:30:47.988Z,168400624798800
"""Dp @ YyWpODWXWx"" calls 4.00",2023-05-13T19:30:47.151Z,168400624715100
"""mp @ -DkySTil6a"" calls 4.00",2023-05-13T19:30:46.193Z,168400624619300
"""Aiden A @ XREWYWn-gd"" calls 4.00",2023-05-13T19:30:45.142Z,168400624514200
"""daws @ xjgMoSVpRc"" calls 4.00",2023-05-13T19:30:42.575Z,168400624257500
"""JV @ mxbmy34bn7"" folds",2023-05-13T19:30:35.308Z,168400623530800
"""Goml @ Bod7b088c-"" folds",2023-05-13T19:30:34.297Z,168400623429700
"""Rik @ wAgo7xgxkb"" raises to 4.00",2023-05-13T19:30:33.404Z,168400623340400
"""Dp @ YyWpODWXWx"" calls 1.00",2023-05-13T19:30:30.008Z,168400623000800
"""Mamo @ abVmUlEwy_"" folds",2023-05-13T19:30:29.022Z,168400622902200
"""mp @ -DkySTil6a"" posts a big blind of 1.00",2023-05-13T19:30:27.355Z,168400622735511
"""Aiden A @ XREWYWn-gd"" posts a small blind of 0.50",2023-05-13T19:30:27.355Z,168400622735510
"Player stacks: #1 ""Mamo @ abVmUlEwy_"" (129.00) | #2 ""Dp @ YyWpODWXWx"" (112.50) | #3 ""Rik @ wAgo7xgxkb"" (258.64) | #5 ""Goml @ Bod7b088c-"" (308.86) | #6 ""JV @ mxbmy34bn7"" (148.25) | #7 ""daws @ xjgMoSVpRc"" (171.00) | #8 ""Aiden A @ XREWYWn-gd"" (51.75) | #9 ""mp @ -DkySTil6a"" (100.00)",2023-05-13T19:30:27.355Z,168400622735501
"-- starting hand #43 (id: pcjwvwuqqaoc)  (No Limit Texas Hold'em) (dealer: ""daws @ xjgMoSVpRc"") --",2023-05-13T19:30:27.355Z,168400622735500
"""JV @ mxbmy34bn7"" shows a K♦, K♥.",2023-05-13T19:30:23.308Z,168400622330800
"-- ending hand #42 --",2023-05-13T19:30:20.743Z,168400622074302
"""JV @ mxbmy34bn7"" collected 10.50 from pot",2023-05-13T19:30:20.743Z,168400622074301
"Uncalled bet of 4.25 returned to ""JV @ mxbmy34bn7""",2023-05-13T19:30:20.743Z,168400622074300
"""Aiden A @ XREWYWn-gd"" folds",2023-05-13T19:30:19.908Z,168400621990800
"""JV @ mxbmy34bn7"" bets 4.25",2023-05-13T19:30:18.851Z,168400621885100
"""Aiden A @ XREWYWn-gd"" checks",2023-05-13T19:30:07.008Z,168400620700800
"Flop:  [9♥, 10♦, 5♠]",2023-05-13T19:30:05.083Z,168400620508300
"""Goml @ Bod7b088c-"" folds",2023-05-13T19:30:04.265Z,168400620426500
"""Aiden A @ XREWYWn-gd"" calls 4.50",2023-05-13T19:29:58.257Z,168400619825700
"""daws @ xjgMoSVpRc"" folds",2023-05-13T19:29:56.967Z,168400619696700
"""JV @ mxbmy34bn7"" raises to 4.50",2023-05-13T19:29:53.679Z,168400619367900
"""Goml @ Bod7b088c-"" calls 1.00",2023-05-13T19:29:44.089Z,168400618408900
"""Rik @ wAgo7xgxkb"" folds",2023-05-13T19:29:38.106Z,168400617810600
"""Dp @ YyWpODWXWx"" folds",2023-05-13T19:29:37.146Z,168400617714600
"""Mamo @ abVmUlEwy_"" folds",2023-05-13T19:29:36.208Z,168400617620800
"""mp @ -DkySTil6a"" folds",2023-05-13T19:29:34.274Z,168400617427400
"""Aiden A @ XREWYWn-gd"" posts a big blind of 1.00",2023-05-13T19:29:31.886Z,168400617188611
"""daws @ xjgMoSVpRc"" posts a small blind of 0.50",2023-05-13T19:29:31.886Z,168400617188610
"Player stacks: #1 ""Mamo @ abVmUlEwy_"" (129.00) | #2 ""Dp @ YyWpODWXWx"" (112.50) | #3 ""Rik @ wAgo7xgxkb"" (258.64) | #5 ""Goml @ Bod7b088c-"" (309.86) | #6 ""JV @ mxbmy34bn7"" (142.25) | #7 ""daws @ xjgMoSVpRc"" (171.50) | #8 ""Aiden A @ XREWYWn-gd"" (56.25) | #9 ""mp @ -DkySTil6a"" (100.00)",2023-05-13T19:29:31.886Z,168400617188601
"-- starting hand #42 (id: wscsnkrqiusi)  (No Limit Texas Hold'em) (dealer: ""JV @ mxbmy34bn7"") --",2023-05-13T19:29:31.886Z,168400617188600
"-- ending hand #41 --",2023-05-13T19:29:25.960Z,168400616596002
"""Mamo @ abVmUlEwy_"" collected 2.50 from pot",2023-05-13T19:29:25.960Z,168400616596001
"Uncalled bet of 2.00 returned to ""Mamo @ abVmUlEwy_""",2023-05-13T19:29:25.960Z,168400616596000
"""daws @ xjgMoSVpRc"" folds",2023-05-13T19:29:25.124Z,168400616512400
"""JV @ mxbmy34bn7"" folds",2023-05-13T19:29:23.509Z,168400616350900
"""Goml @ Bod7b088c-"" folds",2023-05-13T19:29:22.310Z,168400616231000
"""Rik @ wAgo7xgxkb"" folds",2023-05-13T19:29:17.926Z,168400615792600
"""Dp @ YyWpODWXWx"" folds",2023-05-13T19:29:17.045Z,168400615704500
"""Mamo @ abVmUlEwy_"" raises to 3.00",2023-05-13T19:29:06.734Z,168400614673400
"""mp @ -DkySTil6a"" folds",2023-05-13T19:28:59.506Z,168400613950600
"""Aiden A @ XREWYWn-gd"" folds",2023-05-13T19:28:57.637Z,168400613763700
"""daws @ xjgMoSVpRc"" posts a big blind of 1.00",2023-05-13T19:28:56.580Z,168400613658012
"""JV @ mxbmy34bn7"" posts a small blind of 0.50",2023-05-13T19:28:56.580Z,168400613658011
"Player stacks: #1 ""Mamo @ abVmUlEwy_"" (127.50) | #2 ""Dp @ YyWpODWXWx"" (112.50) | #3 ""Rik @ wAgo7xgxkb"" (258.64) | #5 ""Goml @ Bod7b088c-"" (309.86) | #6 ""JV @ mxbmy34bn7"" (142.75) | #7 ""daws @ xjgMoSVpRc"" (172.50) | #8 ""Aiden A @ XREWYWn-gd"" (56.25) | #9 ""mp @ -DkySTil6a"" (100.00)",2023-05-13T19:28:56.580Z,168400613658002
"-- starting hand #41 (id: 0ptfjh5qfnhh)  (No Limit Texas Hold'em) (dealer: ""Goml @ Bod7b088c-"") --",2023-05-13T19:28:56.580Z,168400613658001
"The player ""mp @ -DkySTil6a"" joined the game with a stack of 100.00.",2023-05-13T19:28:56.580Z,168400613658000
"-- ending hand #40 --",2023-05-13T19:28:50.578Z,168400613057802
"""JV @ mxbmy34bn7"" collected 2.50 from pot with Straight, 5 High (combination: 5♠, 4♦, 3♥, 2♦, A♠)",2023-05-13T19:28:50.578Z,168400613057801
"""JV @ mxbmy34bn7"" shows a 3♥, 2♦.",2023-05-13T19:28:50.578Z,168400613057800
"""Aiden A @ XREWYWn-gd"" checks",2023-05-13T19:28:49.759Z,168400612975900
"""JV @ mxbmy34bn7"" checks",2023-05-13T19:28:48.291Z,168400612829100
"River: 5♠, A♠, 3♠, 5♥ [4♦]",2023-05-13T19:28:47.374Z,168400612737400
"""Aiden A @ XREWYWn-gd"" checks",2023-05-13T19:28:46.509Z,168400612650900
"""JV @ mxbmy34bn7"" checks",2023-05-13T19:28:45.554Z,168400612555400
"Turn: 5♠, A♠, 3♠ [5♥]",2023-05-13T19:28:44.775Z,168400612477500
"""Aiden A @ XREWYWn-gd"" checks",2023-05-13T19:28:43.948Z,168400612394800
"""JV @ mxbmy34bn7"" checks",2023-05-13T19:28:42.754Z,168400612275400
"Flop:  [5♠, A♠, 3♠]",2023-05-13T19:28:41.396Z,168400612139600
"""JV @ mxbmy34bn7"" checks",2023-05-13T19:28:40.580Z,168400612058000
"""Goml @ Bod7b088c-"" folds",2023-05-13T19:28:33.248Z,168400611324800
"""Rik @ wAgo7xgxkb"" folds",2023-05-13T19:28:32.272Z,168400611227200
"The admin approved the player ""mp @ -DkySTil6a"" participation with a stack of 100.00.",2023-05-13T19:28:26.036Z,168400610603601
"The player ""mp @ -DkySTil6a"" requested a seat.",2023-05-13T19:28:26.036Z,168400610603600
"""Dp @ YyWpODWXWx"" folds",2023-05-13T19:28:25.733Z,168400610573300
"""Mamo @ abVmUlEwy_"" folds",2023-05-13T19:28:24.846Z,168400610484600
"""Aiden A @ XREWYWn-gd"" calls 1.00",2023-05-13T19:28:23.781Z,168400610378100
"""daws @ xjgMoSVpRc"" folds",2023-05-13T19:28:22.737Z,168400610273700
"""JV @ mxbmy34bn7"" posts a big blind of 1.00",2023-05-13T19:28:21.254Z,168400610125411
"""Goml @ Bod7b088c-"" posts a small blind of 0.50",2023-05-13T19:28:21.254Z,168400610125410
"Player stacks: #1 ""Mamo @ abVmUlEwy_"" (127.50) | #2 ""Dp @ YyWpODWXWx"" (112.50) | #3 ""Rik @ wAgo7xgxkb"" (258.64) | #5 ""Goml @ Bod7b088c-"" (310.36) | #6 ""JV @ mxbmy34bn7"" (141.25) | #7 ""daws @ xjgMoSVpRc"" (172.50) | #8 ""Aiden A @ XREWYWn-gd"" (57.25)",2023-05-13T19:28:21.254Z,168400610125402
"-- starting hand #40 (id: m3zf9r36zngt)  (No Limit Texas Hold'em) (dealer: ""Rik @ wAgo7xgxkb"") --",2023-05-13T19:28:21.254Z,168400610125401
"The player ""mp @ -DkySTil6a"" quits the game with a stack of 0.00.",2023-05-13T19:28:21.254Z,168400610125400
"-- ending hand #39 --",2023-05-13T19:28:15.170Z,168400609517003
"""mp @ -DkySTil6a"" shows a J♣, J♥.",2023-05-13T19:28:15.170Z,168400609517002
"""Goml @ Bod7b088c-"" collected 308.50 from pot with Two Pair, K's & 2's (combination: K♣, K♠, 2♦, 2♥, A♠)",2023-05-13T19:28:15.170Z,168400609517001
"""Goml @ Bod7b088c-"" shows a K♣, K♠.",2023-05-13T19:28:15.170Z,168400609517000
"""Goml @ Bod7b088c-"" calls 51.10",2023-05-13T19:28:14.291Z,168400609429100
"""mp @ -DkySTil6a"" bets 51.10 and go all in",2023-05-13T19:28:11.714Z,168400609171400
"""Goml @ Bod7b088c-"" checks",2023-05-13T19:28:08.604Z,168400608860400
"River: 2♦, 7♦, A♠, 2♥ [3♦]",2023-05-13T19:28:06.917Z,168400608691700
"""mp @ -DkySTil6a"" calls 40.90",2023-05-13T19:28:06.015Z,168400608601500
"""Goml @ Bod7b088c-"" bets 40.90",2023-05-13T19:28:03.624Z,168400608362400
"Turn: 2♦, 7♦, A♠ [2♥]",2023-05-13T19:27:53.508Z,168400607350800
"""mp @ -DkySTil6a"" checks",2023-05-13T19:27:52.675Z,168400607267500
"""Goml @ Bod7b088c-"" checks",2023-05-13T19:27:48.540Z,168400606854000
"Flop:  [2♦, 7♦, A♠]",2023-05-13T19:27:46.299Z,168400606629900
"""mp @ -DkySTil6a"" calls 58.00",2023-05-13T19:27:45.484Z,168400606548400
"""Aiden A @ XREWYWn-gd"" folds",2023-05-13T19:27:43.408Z,168400606340800
"""daws @ xjgMoSVpRc"" folds",2023-05-13T19:27:42.299Z,168400606229900
"""Goml @ Bod7b088c-"" raises to 58.00",2023-05-13T19:27:40.473Z,168400606047300
"""Rik @ wAgo7xgxkb"" folds",2023-05-13T19:27:32.342Z,168400605234200
"""Dp @ YyWpODWXWx"" folds",2023-05-13T19:27:29.122Z,168400604912200
"""Mamo @ abVmUlEwy_"" folds",2023-05-13T19:27:28.139Z,168400604813900
"""mp @ -DkySTil6a"" raises to 17.50",2023-05-13T19:27:27.161Z,168400604716100
"""Aiden A @ XREWYWn-gd"" calls 4.00",2023-05-13T19:27:21.677Z,168400604167700
"""daws @ xjgMoSVpRc"" raises to 4.00",2023-05-13T19:27:20.250Z,168400604025000
"""JV @ mxbmy34bn7"" folds",2023-05-13T19:27:16.622Z,168400603662200
"""Goml @ Bod7b088c-"" posts a big blind of 1.00",2023-05-13T19:27:01.597Z,168400602159711
"""Rik @ wAgo7xgxkb"" posts a small blind of 0.50",2023-05-13T19:27:01.597Z,168400602159710
"Player stacks: #1 ""Mamo @ abVmUlEwy_"" (127.50) | #2 ""Dp @ YyWpODWXWx"" (112.50) | #3 ""Rik @ wAgo7xgxkb"" (259.14) | #5 ""Goml @ Bod7b088c-"" (151.86) | #6 ""JV @ mxbmy34bn7"" (141.25) | #7 ""daws @ xjgMoSVpRc"" (176.50) | #8 ""Aiden A @ XREWYWn-gd"" (61.25) | #9 ""mp @ -DkySTil6a"" (150.00)",2023-05-13T19:27:01.597Z,168400602159701
"-- starting hand #39 (id: 3w7bvvwjljtv)  (No Limit Texas Hold'em) (dealer: ""Dp @ YyWpODWXWx"") --",2023-05-13T19:27:01.597Z,168400602159700
"-- ending hand #38 --",2023-05-13T19:26:55.647Z,168400601564702
"""Rik @ wAgo7xgxkb"" collected 2.50 from pot",2023-05-13T19:26:55.647Z,168400601564701
"Uncalled bet of 2.00 returned to ""Rik @ wAgo7xgxkb""",2023-05-13T19:26:55.647Z,168400601564700
"""Goml @ Bod7b088c-"" folds",2023-05-13T19:26:54.827Z,168400601482700
"""Rik @ wAgo7xgxkb"" bets 2.00",2023-05-13T19:26:53.862Z,168400601386200
"Turn: 3♠, 9♣, K♣ [2♣]",2023-05-13T19:26:41.945Z,168400600194500
"""Goml @ Bod7b088c-"" checks",2023-05-13T19:26:41.120Z,168400600112000
"""Rik @ wAgo7xgxkb"" checks",2023-05-13T19:26:34.393Z,168400599439300
"Flop:  [3♠, 9♣, K♣]",2023-05-13T19:26:31.155Z,168400599115500
"""Rik @ wAgo7xgxkb"" checks",2023-05-13T19:26:30.344Z,168400599034400
"""Dp @ YyWpODWXWx"" folds",2023-05-13T19:26:23.291Z,168400598329100
"""Mamo @ abVmUlEwy_"" folds",2023-05-13T19:26:22.364Z,168400598236400
"""mp @ -DkySTil6a"" folds",2023-05-13T19:26:21.387Z,168400598138700
"""Aiden A @ XREWYWn-gd"" folds",2023-05-13T19:26:20.294Z,168400598029400
"""daws @ xjgMoSVpRc"" folds",2023-05-13T19:26:19.220Z,168400597922000
"""JV @ mxbmy34bn7"" folds",2023-05-13T19:26:18.324Z,168400597832400
"""Goml @ Bod7b088c-"" calls 1.00",2023-05-13T19:26:17.337Z,168400597733700
"""Rik @ wAgo7xgxkb"" posts a big blind of 1.00",2023-05-13T19:26:10.198Z,168400597019811
"""Dp @ YyWpODWXWx"" posts a small blind of 0.50",2023-05-13T19:26:10.198Z,168400597019810
"Player stacks: #1 ""Mamo @ abVmUlEwy_"" (127.50) | #2 ""Dp @ YyWpODWXWx"" (113.00) | #3 ""Rik @ wAgo7xgxkb"" (257.64) | #5 ""Goml @ Bod7b088c-"" (152.86) | #6 ""JV @ mxbmy34bn7"" (141.25) | #7 ""daws @ xjgMoSVpRc"" (176.50) | #8 ""Aiden A @ XREWYWn-gd"" (61.25) | #9 ""mp @ -DkySTil6a"" (150.00)",2023-05-13T19:26:10.198Z,168400597019801
"-- starting hand #38 (id: zjr7rytqcnvl)  (No Limit Texas Hold'em) (dealer: ""Mamo @ abVmUlEwy_"") --",2023-05-13T19:26:10.198Z,168400597019800
"-- ending hand #37 --",2023-05-13T19:26:04.292Z,168400596429202
"""Rik @ wAgo7xgxkb"" collected 15.00 from pot",2023-05-13T19:26:04.292Z,168400596429201
"Uncalled bet of 11.25 returned to ""Rik @ wAgo7xgxkb""",2023-05-13T19:26:04.292Z,168400596429200
"""JV @ mxbmy34bn7"" folds",2023-05-13T19:26:03.427Z,168400596342700
"""Rik @ wAgo7xgxkb"" bets 11.25",2023-05-13T19:26:00.835Z,168400596083500
"Turn: Q♣, 6♠, 10♠ [7♦]",2023-05-13T19:25:53.369Z,168400595336900
"""JV @ mxbmy34bn7"" calls 3.75",2023-05-13T19:25:52.557Z,168400595255700
"""Rik @ wAgo7xgxkb"" bets 3.75",2023-05-13T19:25:44.232Z,168400594423200
"Flop:  [Q♣, 6♠, 10♠]",2023-05-13T19:25:40.058Z,168400594005800
"""Dp @ YyWpODWXWx"" folds",2023-05-13T19:25:39.245Z,168400593924500
"""Mamo @ abVmUlEwy_"" folds",2023-05-13T19:25:33.004Z,168400593300400
"""mp @ -DkySTil6a"" folds",2023-05-13T19:25:32.050Z,168400593205000
"""Aiden A @ XREWYWn-gd"" folds",2023-05-13T19:25:31.010Z,168400593101000
"""daws @ xjgMoSVpRc"" folds",2023-05-13T19:25:29.784Z,168400592978400
"""JV @ mxbmy34bn7"" calls 3.00",2023-05-13T19:25:28.735Z,168400592873500
"""Goml @ Bod7b088c-"" folds",2023-05-13T19:25:25.129Z,168400592512900
"""Rik @ wAgo7xgxkb"" raises to 3.00",2023-05-13T19:25:24.191Z,168400592419100
"""Dp @ YyWpODWXWx"" posts a big blind of 1.00",2023-05-13T19:25:20.632Z,168400592063211
"""Mamo @ abVmUlEwy_"" posts a small blind of 0.50",2023-05-13T19:25:20.632Z,168400592063210
"Player stacks: #1 ""Mamo @ abVmUlEwy_"" (128.00) | #2 ""Dp @ YyWpODWXWx"" (114.00) | #3 ""Rik @ wAgo7xgxkb"" (249.39) | #5 ""Goml @ Bod7b088c-"" (152.86) | #6 ""JV @ mxbmy34bn7"" (148.00) | #7 ""daws @ xjgMoSVpRc"" (176.50) | #8 ""Aiden A @ XREWYWn-gd"" (61.25) | #9 ""mp @ -DkySTil6a"" (150.00)",2023-05-13T19:25:20.632Z,168400592063201
"-- starting hand #37 (id: gh8v75usppxe)  (No Limit Texas Hold'em) (dealer: ""mp @ -DkySTil6a"") --",2023-05-13T19:25:20.632Z,168400592063200
"-- ending hand #36 --",2023-05-13T19:25:14.621Z,168400591462102
"""mp @ -DkySTil6a"" collected 22.75 from pot with Flush, Ad High (combination: A♦, J♦, 7♦, 4♦, 2♦)",2023-05-13T19:25:14.621Z,168400591462101
"""mp @ -DkySTil6a"" shows a A♦, Q♣.",2023-05-13T19:25:14.621Z,168400591462100
"""Aiden A @ XREWYWn-gd"" checks",2023-05-13T19:25:13.732Z,168400591373200
"""daws @ xjgMoSVpRc"" checks",2023-05-13T19:25:12.702Z,168400591270200
"""mp @ -DkySTil6a"" checks",2023-05-13T19:25:11.051Z,168400591105100
"River: 9♠, 4♦, 2♦, 7♦ [J♦]",2023-05-13T19:25:09.217Z,168400590921700
"""Aiden A @ XREWYWn-gd"" checks",2023-05-13T19:25:08.347Z,168400590834700
"""daws @ xjgMoSVpRc"" checks",2023-05-13T19:25:07.254Z,168400590725400
"""mp @ -DkySTil6a"" checks",2023-05-13T19:25:05.037Z,168400590503700
"Turn: 9♠, 4♦, 2♦ [7♦]",2023-05-13T19:25:03.410Z,168400590341000
"""Aiden A @ XREWYWn-gd"" checks",2023-05-13T19:25:02.548Z,168400590254800
"""daws @ xjgMoSVpRc"" checks",2023-05-13T19:25:01.618Z,168400590161800
"""mp @ -DkySTil6a"" checks",2023-05-13T19:24:58.460Z,168400589846000
"Flop:  [9♠, 4♦, 2♦]",2023-05-13T19:24:51.625Z,168400589162500
"""Aiden A @ XREWYWn-gd"" calls 7.25",2023-05-13T19:24:50.807Z,168400589080700
"""daws @ xjgMoSVpRc"" calls 7.25",2023-05-13T19:24:48.976Z,168400588897600
"""Mamo @ abVmUlEwy_"" folds",2023-05-13T19:24:47.130Z,168400588713000
"""mp @ -DkySTil6a"" raises to 7.25",2023-05-13T19:24:45.304Z,168400588530400
"""Aiden A @ XREWYWn-gd"" calls 2.00",2023-05-13T19:24:42.107Z,168400588210700
"""daws @ xjgMoSVpRc"" raises to 2.00",2023-05-13T19:24:39.432Z,168400587943200
"""JV @ mxbmy34bn7"" folds",2023-05-13T19:24:26.477Z,168400586647700
"""Goml @ Bod7b088c-"" folds",2023-05-13T19:24:25.319Z,168400586531900
"""Rik @ wAgo7xgxkb"" folds",2023-05-13T19:24:24.404Z,168400586440400
"""Dp @ YyWpODWXWx"" folds",2023-05-13T19:24:17.837Z,168400585783700
"""Mamo @ abVmUlEwy_"" posts a big blind of 1.00",2023-05-13T19:24:16.843Z,168400585684311
"""mp @ -DkySTil6a"" posts a small blind of 0.50",2023-05-13T19:24:16.843Z,168400585684310
"Player stacks: #1 ""Mamo @ abVmUlEwy_"" (129.00) | #2 ""Dp @ YyWpODWXWx"" (114.00) | #3 ""Rik @ wAgo7xgxkb"" (249.39) | #5 ""Goml @ Bod7b088c-"" (152.86) | #6 ""JV @ mxbmy34bn7"" (148.00) | #7 ""daws @ xjgMoSVpRc"" (183.75) | #8 ""Aiden A @ XREWYWn-gd"" (68.50) | #9 ""mp @ -DkySTil6a"" (134.50)",2023-05-13T19:24:16.843Z,168400585684301
"-- starting hand #36 (id: qjguow3zxpru)  (No Limit Texas Hold'em) (dealer: ""Aiden A @ XREWYWn-gd"") --",2023-05-13T19:24:16.843Z,168400585684300
"-- ending hand #35 --",2023-05-13T19:24:10.916Z,168400585091602
"""mp @ -DkySTil6a"" collected 1.00 from pot",2023-05-13T19:24:10.916Z,168400585091601
"Uncalled bet of 0.50 returned to ""mp @ -DkySTil6a""",2023-05-13T19:24:10.916Z,168400585091600
"""Aiden A @ XREWYWn-gd"" folds",2023-05-13T19:24:10.045Z,168400585004500
"""daws @ xjgMoSVpRc"" folds",2023-05-13T19:24:08.851Z,168400584885100
"""JV @ mxbmy34bn7"" folds",2023-05-13T19:24:07.933Z,168400584793300
"""Goml @ Bod7b088c-"" folds",2023-05-13T19:24:06.789Z,168400584678900
"""Rik @ wAgo7xgxkb"" folds",2023-05-13T19:24:03.845Z,168400584384500
"""Dp @ YyWpODWXWx"" folds",2023-05-13T19:23:59.774Z,168400583977400
"""Mamo @ abVmUlEwy_"" folds",2023-05-13T19:23:58.856Z,168400583885600
"""mp @ -DkySTil6a"" posts a big blind of 1.00",2023-05-13T19:23:57.307Z,168400583730711
"""Aiden A @ XREWYWn-gd"" posts a small blind of 0.50",2023-05-13T19:23:57.307Z,168400583730710
"Player stacks: #1 ""Mamo @ abVmUlEwy_"" (129.00) | #2 ""Dp @ YyWpODWXWx"" (114.00) | #3 ""Rik @ wAgo7xgxkb"" (249.39) | #5 ""Goml @ Bod7b088c-"" (152.86) | #6 ""JV @ mxbmy34bn7"" (148.00) | #7 ""daws @ xjgMoSVpRc"" (183.75) | #8 ""Aiden A @ XREWYWn-gd"" (69.00) | #9 ""mp @ -DkySTil6a"" (134.00)",2023-05-13T19:23:57.307Z,168400583730701
"-- starting hand #35 (id: ebrrhiaxdc4v)  (No Limit Texas Hold'em) (dealer: ""daws @ xjgMoSVpRc"") --",2023-05-13T19:23:57.307Z,168400583730700
"-- ending hand #34 --",2023-05-13T19:23:51.390Z,168400583139002
"""daws @ xjgMoSVpRc"" collected 7.00 from pot",2023-05-13T19:23:51.390Z,168400583139001
"Uncalled bet of 3.50 returned to ""daws @ xjgMoSVpRc""",2023-05-13T19:23:51.390Z,168400583139000
"""JV @ mxbmy34bn7"" folds",2023-05-13T19:23:50.506Z,168400583050600
"""daws @ xjgMoSVpRc"" bets 3.50",2023-05-13T19:23:44.907Z,168400582490700
"Flop:  [2♠, A♠, 7♠]",2023-05-13T19:23:38.582Z,168400581858200
"""Aiden A @ XREWYWn-gd"" folds",2023-05-13T19:23:37.734Z,168400581773400
"""daws @ xjgMoSVpRc"" calls 3.00",2023-05-13T19:23:36.559Z,168400581655900
"""JV @ mxbmy34bn7"" raises to 3.00",2023-05-13T19:23:28.726Z,168400580872600
"""Goml @ Bod7b088c-"" folds",2023-05-13T19:23:15.813Z,168400579581300
"""Rik @ wAgo7xgxkb"" folds",2023-05-13T19:23:14.934Z,168400579493400
"""Dp @ YyWpODWXWx"" folds",2023-05-13T19:23:13.931Z,168400579393100
"""Mamo @ abVmUlEwy_"" folds",2023-05-13T19:23:13.025Z,168400579302500
"""mp @ -DkySTil6a"" folds",2023-05-13T19:23:12.037Z,168400579203700
"""Aiden A @ XREWYWn-gd"" posts a big blind of 1.00",2023-05-13T19:22:57.014Z,168400577701411
"""daws @ xjgMoSVpRc"" posts a small blind of 0.50",2023-05-13T19:22:57.014Z,168400577701410
"Player stacks: #1 ""Mamo @ abVmUlEwy_"" (129.00) | #2 ""Dp @ YyWpODWXWx"" (114.00) | #3 ""Rik @ wAgo7xgxkb"" (249.39) | #5 ""Goml @ Bod7b088c-"" (152.86) | #6 ""JV @ mxbmy34bn7"" (151.00) | #7 ""daws @ xjgMoSVpRc"" (179.75) | #8 ""Aiden A @ XREWYWn-gd"" (70.00) | #9 ""mp @ -DkySTil6a"" (134.00)",2023-05-13T19:22:57.014Z,168400577701401
"-- starting hand #34 (id: ihuggh64qt6y)  (No Limit Texas Hold'em) (dealer: ""JV @ mxbmy34bn7"") --",2023-05-13T19:22:57.014Z,168400577701400
"-- ending hand #33 --",2023-05-13T19:22:51.004Z,168400577100402
"""Mamo @ abVmUlEwy_"" collected 53.50 from pot with Three of a Kind, Q's (combination: Q♣, Q♥, Q♠, A♣, K♦)",2023-05-13T19:22:51.004Z,168400577100401
"""Mamo @ abVmUlEwy_"" shows a Q♣, Q♥.",2023-05-13T19:22:51.004Z,168400577100400
"""Goml @ Bod7b088c-"" calls 14.00",2023-05-13T19:22:50.118Z,168400577011800
"""Dp @ YyWpODWXWx"" folds",2023-05-13T19:22:48.872Z,168400576887200
"""Mamo @ abVmUlEwy_"" bets 14.00",2023-05-13T19:22:42.460Z,168400576246000
"River: Q♠, 4♦, K♦, A♣ [5♣]",2023-05-13T19:22:36.753Z,168400575675300
"""Goml @ Bod7b088c-"" calls 5.00",2023-05-13T19:22:35.927Z,168400575592700
"""Dp @ YyWpODWXWx"" calls 5.00",2023-05-13T19:22:34.760Z,168400575476000
"""Mamo @ abVmUlEwy_"" bets 5.00",2023-05-13T19:22:31.874Z,168400575187400
"Turn: Q♠, 4♦, K♦ [A♣]",2023-05-13T19:22:25.849Z,168400574584900
"""Goml @ Bod7b088c-"" checks",2023-05-13T19:22:25.005Z,168400574500500
"""Dp @ YyWpODWXWx"" checks",2023-05-13T19:22:22.799Z,168400574279900
"""Mamo @ abVmUlEwy_"" checks",2023-05-13T19:22:20.192Z,168400574019200
"Flop:  [Q♠, 4♦, K♦]",2023-05-13T19:22:18.631Z,168400573863100
"""daws @ xjgMoSVpRc"" folds",2023-05-13T19:22:17.797Z,168400573779700
"""JV @ mxbmy34bn7"" folds",2023-05-13T19:22:16.874Z,168400573687400
"""Goml @ Bod7b088c-"" calls 3.00",2023-05-13T19:22:15.770Z,168400573577000
"""Rik @ wAgo7xgxkb"" folds",2023-05-13T19:22:11.401Z,168400573140100
"""Dp @ YyWpODWXWx"" calls 3.00",2023-05-13T19:22:10.463Z,168400573046300
"""Mamo @ abVmUlEwy_"" raises to 3.00",2023-05-13T19:22:08.106Z,168400572810600
"""mp @ -DkySTil6a"" folds",2023-05-13T19:22:02.794Z,168400572279400
"""Aiden A @ XREWYWn-gd"" folds",2023-05-13T19:22:01.879Z,168400572187900
"""daws @ xjgMoSVpRc"" posts a big blind of 1.00",2023-05-13T19:22:00.710Z,168400572071011
"""JV @ mxbmy34bn7"" posts a small blind of 0.50",2023-05-13T19:22:00.710Z,168400572071010
"Player stacks: #1 ""Mamo @ abVmUlEwy_"" (97.50) | #2 ""Dp @ YyWpODWXWx"" (122.00) | #3 ""Rik @ wAgo7xgxkb"" (249.39) | #5 ""Goml @ Bod7b088c-"" (174.86) | #6 ""JV @ mxbmy34bn7"" (151.50) | #7 ""daws @ xjgMoSVpRc"" (180.75) | #8 ""Aiden A @ XREWYWn-gd"" (70.00) | #9 ""mp @ -DkySTil6a"" (134.00)",2023-05-13T19:22:00.710Z,168400572071001
"-- starting hand #33 (id: rljnkavmpdn0)  (No Limit Texas Hold'em) (dealer: ""Goml @ Bod7b088c-"") --",2023-05-13T19:22:00.710Z,168400572071000
"-- ending hand #32 --",2023-05-13T19:21:54.701Z,168400571470103
"""JV @ mxbmy34bn7"" shows a 10♦, A♦.",2023-05-13T19:21:54.701Z,168400571470102
"""mp @ -DkySTil6a"" collected 12.50 from pot with Pair, 7's (combination: 7♠, 7♣, Q♠, J♠, 8♠)",2023-05-13T19:21:54.701Z,168400571470101
"""mp @ -DkySTil6a"" shows a 7♠, J♠.",2023-05-13T19:21:54.701Z,168400571470100
"""Rik @ wAgo7xgxkb"" checks",2023-05-13T19:21:53.886Z,168400571388600
"""mp @ -DkySTil6a"" checks",2023-05-13T19:21:52.789Z,168400571278900
"""JV @ mxbmy34bn7"" checks",2023-05-13T19:21:51.715Z,168400571171500
"River: 7♣, Q♠, 6♥, 5♦ [8♠]",2023-05-13T19:21:48.283Z,168400570828300
"""Rik @ wAgo7xgxkb"" checks",2023-05-13T19:21:47.473Z,168400570747300
"""mp @ -DkySTil6a"" checks",2023-05-13T19:21:45.019Z,168400570501900
"""JV @ mxbmy34bn7"" checks",2023-05-13T19:21:43.851Z,168400570385100
"Turn: 7♣, Q♠, 6♥ [5♦]",2023-05-13T19:21:38.771Z,168400569877100
"""Rik @ wAgo7xgxkb"" checks",2023-05-13T19:21:37.959Z,168400569795900
"""mp @ -DkySTil6a"" checks",2023-05-13T19:21:36.054Z,168400569605400
"""JV @ mxbmy34bn7"" checks",2023-05-13T19:21:35.147Z,168400569514700
"Flop:  [7♣, Q♠, 6♥]",2023-05-13T19:21:33.070Z,168400569307000
"""mp @ -DkySTil6a"" calls 4.00",2023-05-13T19:21:32.259Z,168400569225900
"""JV @ mxbmy34bn7"" calls 4.00",2023-05-13T19:21:27.015Z,168400568701500
"""Goml @ Bod7b088c-"" folds",2023-05-13T19:21:20.614Z,168400568061400
"""Rik @ wAgo7xgxkb"" raises to 4.00",2023-05-13T19:21:19.680Z,168400567968000
"""Dp @ YyWpODWXWx"" folds",2023-05-13T19:21:15.234Z,168400567523400
"""Mamo @ abVmUlEwy_"" folds",2023-05-13T19:21:12.708Z,168400567270800
"""mp @ -DkySTil6a"" calls 1.00",2023-05-13T19:21:11.734Z,168400567173400
"""Aiden A @ XREWYWn-gd"" folds",2023-05-13T19:21:10.811Z,168400567081100
"""daws @ xjgMoSVpRc"" folds",2023-05-13T19:21:09.301Z,168400566930100
"""JV @ mxbmy34bn7"" posts a big blind of 1.00",2023-05-13T19:20:56.034Z,168400565603411
"""Goml @ Bod7b088c-"" posts a small blind of 0.50",2023-05-13T19:20:56.034Z,168400565603410
"Player stacks: #1 ""Mamo @ abVmUlEwy_"" (97.50) | #2 ""Dp @ YyWpODWXWx"" (122.00) | #3 ""Rik @ wAgo7xgxkb"" (253.39) | #5 ""Goml @ Bod7b088c-"" (175.36) | #6 ""JV @ mxbmy34bn7"" (155.50) | #7 ""daws @ xjgMoSVpRc"" (180.75) | #8 ""Aiden A @ XREWYWn-gd"" (70.00) | #9 ""mp @ -DkySTil6a"" (125.50)",2023-05-13T19:20:56.034Z,168400565603401
"-- starting hand #32 (id: 7xnd7bpv8ttu)  (No Limit Texas Hold'em) (dealer: ""Rik @ wAgo7xgxkb"") --",2023-05-13T19:20:56.034Z,168400565603400
"-- ending hand #31 --",2023-05-13T19:20:50.097Z,168400565009702
"""Aiden A @ XREWYWn-gd"" collected 2.50 from pot",2023-05-13T19:20:50.097Z,168400565009701
"Uncalled bet of 2.00 returned to ""Aiden A @ XREWYWn-gd""",2023-05-13T19:20:50.097Z,168400565009700
"""Goml @ Bod7b088c-"" folds",2023-05-13T19:20:49.269Z,168400564926900
"""Rik @ wAgo7xgxkb"" folds",2023-05-13T19:20:48.329Z,168400564832900
"""Dp @ YyWpODWXWx"" folds",2023-05-13T19:20:47.354Z,168400564735400
"""Mamo @ abVmUlEwy_"" folds",2023-05-13T19:20:46.392Z,168400564639200
"""mp @ -DkySTil6a"" folds",2023-05-13T19:20:45.304Z,168400564530400
"""Aiden A @ XREWYWn-gd"" raises to 3.00",2023-05-13T19:20:44.378Z,168400564437800
"""daws @ xjgMoSVpRc"" folds",2023-05-13T19:20:41.948Z,168400564194800
"""JV @ mxbmy34bn7"" folds",2023-05-13T19:20:35.156Z,168400563515600
"""Goml @ Bod7b088c-"" posts a big blind of 1.00",2023-05-13T19:20:24.307Z,168400562430711
"""Rik @ wAgo7xgxkb"" posts a small blind of 0.50",2023-05-13T19:20:24.307Z,168400562430710
"Player stacks: #1 ""Mamo @ abVmUlEwy_"" (97.50) | #2 ""Dp @ YyWpODWXWx"" (122.00) | #3 ""Rik @ wAgo7xgxkb"" (253.89) | #5 ""Goml @ Bod7b088c-"" (176.36) | #6 ""JV @ mxbmy34bn7"" (155.50) | #7 ""daws @ xjgMoSVpRc"" (180.75) | #8 ""Aiden A @ XREWYWn-gd"" (68.50) | #9 ""mp @ -DkySTil6a"" (125.50)",2023-05-13T19:20:24.307Z,168400562430701
"-- starting hand #31 (id: t9wrpvfn5kqb)  (No Limit Texas Hold'em) (dealer: ""Dp @ YyWpODWXWx"") --",2023-05-13T19:20:24.307Z,168400562430700
"-- ending hand #30 --",2023-05-13T19:20:18.297Z,168400561829703
"""Aiden A @ XREWYWn-gd"" shows a A♥, K♣.",2023-05-13T19:20:18.297Z,168400561829702
"""mp @ -DkySTil6a"" collected 26.00 from pot with Pair, 5's (combination: 5♣, 5♥, J♣, 10♠, 7♥)",2023-05-13T19:20:18.297Z,168400561829701
"""mp @ -DkySTil6a"" shows a 4♣, 5♣.",2023-05-13T19:20:18.297Z,168400561829700
"""mp @ -DkySTil6a"" checks",2023-05-13T19:20:17.423Z,168400561742300
"""Aiden A @ XREWYWn-gd"" checks",2023-05-13T19:20:16.405Z,168400561640500
"River: 10♠, 7♥, 6♥, J♣ [5♥]",2023-05-13T19:20:10.777Z,168400561077700
"""mp @ -DkySTil6a"" checks",2023-05-13T19:20:09.936Z,168400560993600
"""Aiden A @ XREWYWn-gd"" checks",2023-05-13T19:20:07.639Z,168400560763900
"Turn: 10♠, 7♥, 6♥ [J♣]",2023-05-13T19:20:05.188Z,168400560518800
"""Aiden A @ XREWYWn-gd"" calls 6.50",2023-05-13T19:20:04.309Z,168400560430900
"""mp @ -DkySTil6a"" bets 6.50",2023-05-13T19:20:01.504Z,168400560150400
"""Aiden A @ XREWYWn-gd"" checks",2023-05-13T19:19:55.342Z,168400559534200
"Flop:  [10♠, 7♥, 6♥]",2023-05-13T19:19:53.734Z,168400559373400
"""Goml @ Bod7b088c-"" folds",2023-05-13T19:19:52.912Z,168400559291200
"""Rik @ wAgo7xgxkb"" folds",2023-05-13T19:19:50.454Z,168400559045400
"""Dp @ YyWpODWXWx"" folds",2023-05-13T19:19:48.172Z,168400558817200
"""Mamo @ abVmUlEwy_"" folds",2023-05-13T19:19:47.211Z,168400558721100
"""mp @ -DkySTil6a"" calls 5.00",2023-05-13T19:19:46.139Z,168400558613900
"""Aiden A @ XREWYWn-gd"" raises to 5.00",2023-05-13T19:19:38.442Z,168400557844200
"""daws @ xjgMoSVpRc"" folds",2023-05-13T19:19:34.544Z,168400557454400
"""JV @ mxbmy34bn7"" folds",2023-05-13T19:19:33.601Z,168400557360100
"""Goml @ Bod7b088c-"" calls 1.00",2023-05-13T19:19:32.440Z,168400557244000
"""mp @ -DkySTil6a"" posts a missed big blind of 1.00",2023-05-13T19:19:27.860Z,168400556786015
"""mp @ -DkySTil6a"" posts a missing small blind of 0.50",2023-05-13T19:19:27.860Z,168400556786014
"""Rik @ wAgo7xgxkb"" posts a big blind of 1.00",2023-05-13T19:19:27.860Z,168400556786013
"""Dp @ YyWpODWXWx"" posts a small blind of 0.50",2023-05-13T19:19:27.860Z,168400556786012
"Player stacks: #1 ""Mamo @ abVmUlEwy_"" (97.50) | #2 ""Dp @ YyWpODWXWx"" (122.50) | #3 ""Rik @ wAgo7xgxkb"" (254.89) | #5 ""Goml @ Bod7b088c-"" (177.36) | #6 ""JV @ mxbmy34bn7"" (155.50) | #7 ""daws @ xjgMoSVpRc"" (180.75) | #8 ""Aiden A @ XREWYWn-gd"" (80.00) | #9 ""mp @ -DkySTil6a"" (111.50)",2023-05-13T19:19:27.860Z,168400556786003
"-- starting hand #30 (id: ohgmnubmdyib)  (No Limit Texas Hold'em) (dealer: ""Mamo @ abVmUlEwy_"") --",2023-05-13T19:19:27.860Z,168400556786002
"The player ""Aiden A @ XREWYWn-gd"" joined the game with a stack of 80.00.",2023-05-13T19:19:27.860Z,168400556786001
"The player ""mp @ -DkySTil6a"" joined the game with a stack of 111.50.",2023-05-13T19:19:27.860Z,168400556786000
"""Dp @ YyWpODWXWx"" shows a 3♥, J♠.",2023-05-13T19:19:26.113Z,168400556611300
"-- ending hand #29 --",2023-05-13T19:19:21.301Z,168400556130103
"""Rik @ wAgo7xgxkb"" shows a 7♣, 7♥.",2023-05-13T19:19:21.301Z,168400556130102
"""daws @ xjgMoSVpRc"" collected 82.00 from pot with Pair, J's (combination: J♣, J♥, A♣, 8♠, 6♠)",2023-05-13T19:19:21.301Z,168400556130101
"""daws @ xjgMoSVpRc"" shows a A♣, J♣.",2023-05-13T19:19:21.301Z,168400556130100
"""daws @ xjgMoSVpRc"" checks",2023-05-13T19:19:20.497Z,168400556049700
"""Rik @ wAgo7xgxkb"" checks",2023-05-13T19:19:17.253Z,168400555725300
"River: 6♠, 3♠, 2♥, J♥ [8♠]",2023-05-13T19:19:14.949Z,168400555494900
"""daws @ xjgMoSVpRc"" calls 30.00",2023-05-13T19:19:14.095Z,168400555409500
"""Rik @ wAgo7xgxkb"" bets 30.00",2023-05-13T19:19:11.263Z,168400555126300
"Turn: 6♠, 3♠, 2♥ [J♥]",2023-05-13T19:19:03.468Z,168400554346800
"""Mamo @ abVmUlEwy_"" folds",2023-05-13T19:19:02.662Z,168400554266200
"""daws @ xjgMoSVpRc"" calls 6.00",2023-05-13T19:19:01.621Z,168400554162100
"""Rik @ wAgo7xgxkb"" bets 6.00",2023-05-13T19:18:53.027Z,168400553302700
"""Mamo @ abVmUlEwy_"" checks",2023-05-13T19:18:48.271Z,168400552827100
"Flop:  [6♠, 3♠, 2♥]",2023-05-13T19:18:45.206Z,168400552520600
"""Dp @ YyWpODWXWx"" folds",2023-05-13T19:18:44.297Z,168400552429700
"""Mamo @ abVmUlEwy_"" calls 3.00",2023-05-13T19:18:43.333Z,168400552333300
"""daws @ xjgMoSVpRc"" calls 3.00",2023-05-13T19:18:38.982Z,168400551898200
"""JV @ mxbmy34bn7"" folds",2023-05-13T19:18:38.001Z,168400551800100
"""Goml @ Bod7b088c-"" folds",2023-05-13T19:18:22.118Z,168400550211800
"""Rik @ wAgo7xgxkb"" raises to 3.00",2023-05-13T19:18:21.188Z,168400550118800
"""Dp @ YyWpODWXWx"" posts a big blind of 1.00",2023-05-13T19:18:16.979Z,168400549697909
"""Mamo @ abVmUlEwy_"" posts a small blind of 0.50",2023-05-13T19:18:16.979Z,168400549697908
"Player stacks: #1 ""Mamo @ abVmUlEwy_"" (100.50) | #2 ""Dp @ YyWpODWXWx"" (123.50) | #3 ""Rik @ wAgo7xgxkb"" (293.89) | #5 ""Goml @ Bod7b088c-"" (177.36) | #6 ""JV @ mxbmy34bn7"" (155.50) | #7 ""daws @ xjgMoSVpRc"" (137.75)",2023-05-13T19:18:16.979Z,168400549697901
"-- starting hand #29 (id: lfcdwmmgdfw9)  (No Limit Texas Hold'em) (dealer: ""daws @ xjgMoSVpRc"") --",2023-05-13T19:18:16.979Z,168400549697900
"-- ending hand #28 --",2023-05-13T19:18:11.037Z,168400549103702
"""Rik @ wAgo7xgxkb"" collected 6.50 from pot",2023-05-13T19:18:11.037Z,168400549103701
"Uncalled bet of 4.00 returned to ""Rik @ wAgo7xgxkb""",2023-05-13T19:18:11.037Z,168400549103700
"""Mamo @ abVmUlEwy_"" folds",2023-05-13T19:18:10.204Z,168400549020400
"""Rik @ wAgo7xgxkb"" bets 4.00",2023-05-13T19:18:04.896Z,168400548489600
"""Mamo @ abVmUlEwy_"" checks",2023-05-13T19:17:58.546Z,168400547854600
"The admin approved the player ""Aiden A @ XREWYWn-gd"" participation with a stack of 80.00.",2023-05-13T19:17:57.634Z,168400547763400
"Flop:  [A♥, J♣, K♣]",2023-05-13T19:17:56.952Z,168400547695200
"""Mamo @ abVmUlEwy_"" calls 3.00",2023-05-13T19:17:56.088Z,168400547608800
"""daws @ xjgMoSVpRc"" folds",2023-05-13T19:17:54.232Z,168400547423200
"The player ""mp @ -DkySTil6a"" sit back with the stack of 111.50.",2023-05-13T19:17:53.914Z,168400547391400
"The player ""Aiden A @ XREWYWn-gd"" requested a seat.",2023-05-13T19:17:53.857Z,168400547385700
"""JV @ mxbmy34bn7"" folds",2023-05-13T19:17:53.356Z,168400547335600
"""Goml @ Bod7b088c-"" folds",2023-05-13T19:17:52.215Z,168400547221500
"""Rik @ wAgo7xgxkb"" raises to 3.00",2023-05-13T19:17:51.164Z,168400547116400
"""Dp @ YyWpODWXWx"" folds",2023-05-13T19:17:47.936Z,168400546793600
"""Mamo @ abVmUlEwy_"" posts a big blind of 1.00",2023-05-13T19:17:46.442Z,168400546644210
"""daws @ xjgMoSVpRc"" posts a small blind of 0.50",2023-05-13T19:17:46.442Z,168400546644209
"Player stacks: #1 ""Mamo @ abVmUlEwy_"" (103.50) | #2 ""Dp @ YyWpODWXWx"" (123.50) | #3 ""Rik @ wAgo7xgxkb"" (290.39) | #5 ""Goml @ Bod7b088c-"" (177.36) | #6 ""JV @ mxbmy34bn7"" (155.50) | #7 ""daws @ xjgMoSVpRc"" (138.25)",2023-05-13T19:17:46.442Z,168400546644202
"-- starting hand #28 (id: yllr2lf0o2wo)  (No Limit Texas Hold'em) (dealer: ""JV @ mxbmy34bn7"") --",2023-05-13T19:17:46.442Z,168400546644201
"The player ""Aiden A @ XREWYWn-gd"" quits the game with a stack of 0.00.",2023-05-13T19:17:46.442Z,168400546644200
"""daws @ xjgMoSVpRc"" shows a Q♣, K♥.",2023-05-13T19:17:39.069Z,168400545906900
"""Dp @ YyWpODWXWx"" shows a 4♠, 2♥.",2023-05-13T19:17:38.009Z,168400545800900
"""Rik @ wAgo7xgxkb"" shows a 7♦, 6♥.",2023-05-13T19:17:37.890Z,168400545789000
"-- ending hand #27 --",2023-05-13T19:17:36.909Z,168400545690902
"""Goml @ Bod7b088c-"" collected 16.50 from pot with Two Pair, J's & 10's on the second run  (combination: J♦, J♥, 10♦, 10♥, 4♥)",2023-05-13T19:17:36.909Z,168400545690901
"""Goml @ Bod7b088c-"" collected 16.50 from pot with Two Pair, 10's & 2's (combination: 10♦, 10♥, 2♠, 2♣, K♠)",2023-05-13T19:17:36.909Z,168400545690900
"River (second run): 4♥, J♦, 2♦, 3♠ [J♥]",2023-05-13T19:17:32.841Z,168400545284100
"Turn (second run): 4♥, J♦, 2♦ [3♠]",2023-05-13T19:17:28.810Z,168400544881000
"Flop (second run):  [4♥, J♦, 2♦]",2023-05-13T19:17:24.706Z,168400544470600
"River: K♠, 2♠, 4♣, 2♣ [Q♥]",2023-05-13T19:17:20.700Z,168400544070000
"Turn: K♠, 2♠, 4♣ [2♣]",2023-05-13T19:17:16.697Z,168400543669700
"Flop:  [K♠, 2♠, 4♣]",2023-05-13T19:17:12.691Z,168400543269100
"""Goml @ Bod7b088c-"" shows a 10♦, 10♥.",2023-05-13T19:17:08.604Z,168400542860401
"""Aiden A @ XREWYWn-gd"" shows a 6♠, 7♠.",2023-05-13T19:17:08.604Z,168400542860400
"All players in hand choose to run it twice.",2023-05-13T19:17:07.794Z,168400542779401
"""Aiden A @ XREWYWn-gd"" chooses to  run it twice.",2023-05-13T19:17:07.794Z,168400542779400
"""Goml @ Bod7b088c-"" chooses to  run it twice.",2023-05-13T19:17:07.734Z,168400542773400
"Remaining players decide whether to run it twice.",2023-05-13T19:17:06.855Z,168400542685501
"""daws @ xjgMoSVpRc"" folds",2023-05-13T19:17:06.855Z,168400542685500
"""JV @ mxbmy34bn7"" folds",2023-05-13T19:17:05.919Z,168400542591900
"""Goml @ Bod7b088c-"" calls 15.75",2023-05-13T19:17:01.314Z,168400542131400
"""Aiden A @ XREWYWn-gd"" raises to 15.75 and go all in",2023-05-13T19:16:59.812Z,168400541981200
"""Rik @ wAgo7xgxkb"" folds",2023-05-13T19:16:57.219Z,168400541721900
"""Dp @ YyWpODWXWx"" folds",2023-05-13T19:16:55.070Z,168400541507000
"""Mamo @ abVmUlEwy_"" folds",2023-05-13T19:16:54.172Z,168400541417200
"""daws @ xjgMoSVpRc"" posts a big blind of 1.00",2023-05-13T19:16:53.062Z,168400541306210
"""JV @ mxbmy34bn7"" posts a small blind of 0.50",2023-05-13T19:16:53.062Z,168400541306209
"Player stacks: #1 ""Mamo @ abVmUlEwy_"" (103.50) | #2 ""Dp @ YyWpODWXWx"" (123.50) | #3 ""Rik @ wAgo7xgxkb"" (290.39) | #4 ""Aiden A @ XREWYWn-gd"" (15.75) | #5 ""Goml @ Bod7b088c-"" (160.11) | #6 ""JV @ mxbmy34bn7"" (156.00) | #7 ""daws @ xjgMoSVpRc"" (139.25)",2023-05-13T19:16:53.062Z,168400541306201
"-- starting hand #27 (id: ifljtdz2llvx)  (No Limit Texas Hold'em) (dealer: ""Goml @ Bod7b088c-"") --",2023-05-13T19:16:53.062Z,168400541306200
"-- ending hand #26 --",2023-05-13T19:16:47.130Z,168400540713002
"""Goml @ Bod7b088c-"" collected 9.00 from pot",2023-05-13T19:16:47.130Z,168400540713001
"Uncalled bet of 6.75 returned to ""Goml @ Bod7b088c-""",2023-05-13T19:16:47.130Z,168400540713000
"""Rik @ wAgo7xgxkb"" folds",2023-05-13T19:16:46.294Z,168400540629400
"""JV @ mxbmy34bn7"" folds",2023-05-13T19:16:43.833Z,168400540383300
"""Goml @ Bod7b088c-"" bets 6.75",2023-05-13T19:16:42.199Z,168400540219900
"Turn: Q♦, J♥, 7♥ [4♦]",2023-05-13T19:16:39.042Z,168400539904200
"""Rik @ wAgo7xgxkb"" checks",2023-05-13T19:16:38.180Z,168400539818000
"""JV @ mxbmy34bn7"" checks",2023-05-13T19:16:35.653Z,168400539565300
"""Goml @ Bod7b088c-"" checks",2023-05-13T19:16:32.473Z,168400539247300
"Flop:  [Q♦, J♥, 7♥]",2023-05-13T19:16:30.314Z,168400539031400
"""JV @ mxbmy34bn7"" calls 3.00",2023-05-13T19:16:29.432Z,168400538943200
"""Goml @ Bod7b088c-"" calls 3.00",2023-05-13T19:16:25.446Z,168400538544600
"""Aiden A @ XREWYWn-gd"" folds",2023-05-13T19:16:24.101Z,168400538410100
"""Rik @ wAgo7xgxkb"" raises to 3.00",2023-05-13T19:16:22.926Z,168400538292600
"""Dp @ YyWpODWXWx"" folds",2023-05-13T19:16:18.798Z,168400537879800
"""Mamo @ abVmUlEwy_"" folds",2023-05-13T19:16:17.894Z,168400537789400
"""daws @ xjgMoSVpRc"" folds",2023-05-13T19:16:16.820Z,168400537682000
"""JV @ mxbmy34bn7"" posts a big blind of 1.00",2023-05-13T19:16:14.489Z,168400537448911
"""Goml @ Bod7b088c-"" posts a small blind of 0.50",2023-05-13T19:16:14.489Z,168400537448910
"Player stacks: #1 ""Mamo @ abVmUlEwy_"" (103.50) | #2 ""Dp @ YyWpODWXWx"" (123.50) | #3 ""Rik @ wAgo7xgxkb"" (293.39) | #4 ""Aiden A @ XREWYWn-gd"" (15.75) | #5 ""Goml @ Bod7b088c-"" (154.11) | #6 ""JV @ mxbmy34bn7"" (159.00) | #7 ""daws @ xjgMoSVpRc"" (139.25)",2023-05-13T19:16:14.489Z,168400537448902
"-- starting hand #26 (id: llmzvxgiigvh)  (No Limit Texas Hold'em) (dealer: ""Aiden A @ XREWYWn-gd"") --",2023-05-13T19:16:14.489Z,168400537448901
"The player ""mp @ -DkySTil6a"" stand up with the stack of 111.50.",2023-05-13T19:16:14.489Z,168400537448900
"-- ending hand #25 --",2023-05-13T19:16:08.548Z,168400536854802
"""Dp @ YyWpODWXWx"" collected 22.50 from pot",2023-05-13T19:16:08.548Z,168400536854801
"Uncalled bet of 10.25 returned to ""Dp @ YyWpODWXWx""",2023-05-13T19:16:08.548Z,168400536854800
"""Goml @ Bod7b088c-"" folds",2023-05-13T19:16:07.690Z,168400536769000
"""Dp @ YyWpODWXWx"" bets 10.25",2023-05-13T19:16:05.931Z,168400536593100
"""Goml @ Bod7b088c-"" checks",2023-05-13T19:15:57.842Z,168400535784200
"Turn: A♦, 5♦, A♠ [3♠]",2023-05-13T19:15:56.730Z,168400535673000
"""Mamo @ abVmUlEwy_"" folds",2023-05-13T19:15:55.880Z,168400535588000
"""Goml @ Bod7b088c-"" calls 5.00",2023-05-13T19:15:54.887Z,168400535488700
"""Dp @ YyWpODWXWx"" bets 5.00",2023-05-13T19:15:52.188Z,168400535218800
"""Mamo @ abVmUlEwy_"" checks",2023-05-13T19:15:41.110Z,168400534111000
"""Goml @ Bod7b088c-"" checks",2023-05-13T19:15:38.108Z,168400533810800
"Flop:  [A♦, 5♦, A♠]",2023-05-13T19:15:36.211Z,168400533621100
"""Mamo @ abVmUlEwy_"" calls 4.00",2023-05-13T19:15:35.368Z,168400533536800
"""Goml @ Bod7b088c-"" calls 4.00",2023-05-13T19:15:33.729Z,168400533372900
"""Aiden A @ XREWYWn-gd"" folds",2023-05-13T19:15:32.547Z,168400533254700
"""Rik @ wAgo7xgxkb"" folds",2023-05-13T19:15:31.455Z,168400533145500
"""Dp @ YyWpODWXWx"" raises to 4.00",2023-05-13T19:15:28.070Z,168400532807000
"""Mamo @ abVmUlEwy_"" calls 1.00",2023-05-13T19:15:23.182Z,168400532318200
"""mp @ -DkySTil6a"" folds",2023-05-13T19:15:20.274Z,168400532027400
"""daws @ xjgMoSVpRc"" folds",2023-05-13T19:15:19.400Z,168400531940000
"""JV @ mxbmy34bn7"" folds",2023-05-13T19:15:03.503Z,168400530350300
"""Goml @ Bod7b088c-"" posts a big blind of 1.00",2023-05-13T19:15:00.354Z,168400530035411
"""Aiden A @ XREWYWn-gd"" posts a small blind of 0.50",2023-05-13T19:15:00.354Z,168400530035410
"Player stacks: #1 ""Mamo @ abVmUlEwy_"" (107.50) | #2 ""Dp @ YyWpODWXWx"" (110.00) | #3 ""Rik @ wAgo7xgxkb"" (293.39) | #4 ""Aiden A @ XREWYWn-gd"" (16.25) | #5 ""Goml @ Bod7b088c-"" (163.11) | #6 ""JV @ mxbmy34bn7"" (159.00) | #7 ""daws @ xjgMoSVpRc"" (139.25) | #9 ""mp @ -DkySTil6a"" (111.50)",2023-05-13T19:15:00.354Z,168400530035401
"-- starting hand #25 (id: slmyeaoukvyk)  (No Limit Texas Hold'em) (dealer: ""Rik @ wAgo7xgxkb"") --",2023-05-13T19:15:00.354Z,168400530035400
"-- ending hand #24 --",2023-05-13T19:14:54.351Z,168400529435102
"""Goml @ Bod7b088c-"" collected 28.50 from pot",2023-05-13T19:14:54.351Z,168400529435101
"Uncalled bet of 12.25 returned to ""Goml @ Bod7b088c-""",2023-05-13T19:14:54.351Z,168400529435100
"""Mamo @ abVmUlEwy_"" folds",2023-05-13T19:14:53.452Z,168400529345200
"""Goml @ Bod7b088c-"" bets 12.25",2023-05-13T19:14:51.422Z,168400529142200
"Flop:  [K♠, 3♦, 5♦]",2023-05-13T19:14:44.748Z,168400528474800
"""Aiden A @ XREWYWn-gd"" folds",2023-05-13T19:14:43.908Z,168400528390800
"""Mamo @ abVmUlEwy_"" calls 12.50",2023-05-13T19:14:42.664Z,168400528266400
"""Goml @ Bod7b088c-"" raises to 12.50",2023-05-13T19:14:40.144Z,168400528014400
"""Aiden A @ XREWYWn-gd"" calls 3.00",2023-05-13T19:14:37.176Z,168400527717600
"""Rik @ wAgo7xgxkb"" folds",2023-05-13T19:14:36.121Z,168400527612100
"""Dp @ YyWpODWXWx"" folds",2023-05-13T19:14:35.149Z,168400527514900
"""Mamo @ abVmUlEwy_"" raises to 3.00",2023-05-13T19:14:34.194Z,168400527419400
"""mp @ -DkySTil6a"" folds",2023-05-13T19:14:31.014Z,168400527101400
"""daws @ xjgMoSVpRc"" folds",2023-05-13T19:14:30.095Z,168400527009500
"""JV @ mxbmy34bn7"" folds",2023-05-13T19:14:29.177Z,168400526917700
"""Goml @ Bod7b088c-"" calls 1.00",2023-05-13T19:14:28.147Z,168400526814700
"""Aiden A @ XREWYWn-gd"" posts a big blind of 1.00",2023-05-13T19:14:23.327Z,168400526332711
"""Rik @ wAgo7xgxkb"" posts a small blind of 0.50",2023-05-13T19:14:23.327Z,168400526332710
"Player stacks: #1 ""Mamo @ abVmUlEwy_"" (120.00) | #2 ""Dp @ YyWpODWXWx"" (110.00) | #3 ""Rik @ wAgo7xgxkb"" (293.89) | #4 ""Aiden A @ XREWYWn-gd"" (19.25) | #5 ""Goml @ Bod7b088c-"" (147.11) | #6 ""JV @ mxbmy34bn7"" (159.00) | #7 ""daws @ xjgMoSVpRc"" (139.25) | #9 ""mp @ -DkySTil6a"" (111.50)",2023-05-13T19:14:23.327Z,168400526332701
"-- starting hand #24 (id: 8kqygxe8utjh)  (No Limit Texas Hold'em) (dealer: ""Dp @ YyWpODWXWx"") --",2023-05-13T19:14:23.327Z,168400526332700
"-- ending hand #23 --",2023-05-13T19:14:17.315Z,168400525731502
"""daws @ xjgMoSVpRc"" collected 30.00 from pot with Pair, J's (combination: J♦, J♥, K♦, 10♥, 6♦)",2023-05-13T19:14:17.315Z,168400525731501
"""daws @ xjgMoSVpRc"" shows a 10♥, J♦.",2023-05-13T19:14:17.315Z,168400525731500
"""Aiden A @ XREWYWn-gd"" calls 7.50",2023-05-13T19:14:16.447Z,168400525644700
"""daws @ xjgMoSVpRc"" bets 7.50",2023-05-13T19:14:14.693Z,168400525469300
"""Aiden A @ XREWYWn-gd"" checks",2023-05-13T19:14:09.777Z,168400524977700
"River: J♥, 6♦, 5♥, 2♦ [K♦]",2023-05-13T19:14:02.565Z,168400524256500
"""daws @ xjgMoSVpRc"" checks",2023-05-13T19:14:01.761Z,168400524176100
"""Aiden A @ XREWYWn-gd"" checks",2023-05-13T19:13:56.346Z,168400523634600
"Turn: J♥, 6♦, 5♥ [2♦]",2023-05-13T19:13:54.691Z,168400523469100
"""Aiden A @ XREWYWn-gd"" calls 3.75",2023-05-13T19:13:53.886Z,168400523388600
"""daws @ xjgMoSVpRc"" bets 3.75",2023-05-13T19:13:51.974Z,168400523197400
"""Aiden A @ XREWYWn-gd"" checks",2023-05-13T19:13:47.503Z,168400522750300
"Flop:  [J♥, 6♦, 5♥]",2023-05-13T19:13:43.501Z,168400522350100
"""Aiden A @ XREWYWn-gd"" calls 3.00",2023-05-13T19:13:42.686Z,168400522268600
"""Rik @ wAgo7xgxkb"" folds",2023-05-13T19:13:40.851Z,168400522085100
"""Dp @ YyWpODWXWx"" folds",2023-05-13T19:12:40.333Z,168400516033300
"""Mamo @ abVmUlEwy_"" folds",2023-05-13T19:12:39.428Z,168400515942800
"""mp @ -DkySTil6a"" folds",2023-05-13T19:12:33.299Z,168400515329900
"""daws @ xjgMoSVpRc"" raises to 3.00",2023-05-13T19:12:32.351Z,168400515235100
"""JV @ mxbmy34bn7"" folds",2023-05-13T19:12:28.512Z,168400514851200
"""Goml @ Bod7b088c-"" folds",2023-05-13T19:12:27.459Z,168400514745900
"""Aiden A @ XREWYWn-gd"" calls 1.00",2023-05-13T19:12:26.586Z,168400514658600
"""Rik @ wAgo7xgxkb"" posts a big blind of 1.00",2023-05-13T19:12:25.119Z,168400514511911
"""Dp @ YyWpODWXWx"" posts a small blind of 0.50",2023-05-13T19:12:25.119Z,168400514511910
"Player stacks: #1 ""Mamo @ abVmUlEwy_"" (120.00) | #2 ""Dp @ YyWpODWXWx"" (110.50) | #3 ""Rik @ wAgo7xgxkb"" (294.89) | #4 ""Aiden A @ XREWYWn-gd"" (33.50) | #5 ""Goml @ Bod7b088c-"" (147.11) | #6 ""JV @ mxbmy34bn7"" (159.00) | #7 ""daws @ xjgMoSVpRc"" (123.50) | #9 ""mp @ -DkySTil6a"" (111.50)",2023-05-13T19:12:25.119Z,168400514511901
"-- starting hand #23 (id: ziiogzvd2jb2)  (No Limit Texas Hold'em) (dealer: ""Mamo @ abVmUlEwy_"") --",2023-05-13T19:12:25.119Z,168400514511900
"-- ending hand #22 --",2023-05-13T19:12:19.196Z,168400513919602
"""Rik @ wAgo7xgxkb"" collected 9.50 from pot",2023-05-13T19:12:19.196Z,168400513919601
"Uncalled bet of 4.75 returned to ""Rik @ wAgo7xgxkb""",2023-05-13T19:12:19.196Z,168400513919600
"""Dp @ YyWpODWXWx"" folds",2023-05-13T19:12:18.367Z,168400513836700
"""daws @ xjgMoSVpRc"" folds",2023-05-13T19:12:07.980Z,168400512798000
"""Rik @ wAgo7xgxkb"" bets 4.75",2023-05-13T19:11:54.632Z,168400511463200
"""Dp @ YyWpODWXWx"" checks",2023-05-13T19:11:50.957Z,168400511095700
"Flop:  [7♠, 3♣, 2♣]",2023-05-13T19:11:49.493Z,168400510949300
"""Dp @ YyWpODWXWx"" calls 3.00",2023-05-13T19:11:48.686Z,168400510868600
"""Mamo @ abVmUlEwy_"" folds",2023-05-13T19:11:44.884Z,168400510488400
"""mp @ -DkySTil6a"" folds",2023-05-13T19:11:33.454Z,168400509345400
"""daws @ xjgMoSVpRc"" calls 3.00",2023-05-13T19:11:32.517Z,168400509251700
"""JV @ mxbmy34bn7"" folds",2023-05-13T19:11:25.140Z,168400508514000
"""Goml @ Bod7b088c-"" folds",2023-05-13T19:11:23.872Z,168400508387200
"""Aiden A @ XREWYWn-gd"" folds",2023-05-13T19:11:19.216Z,168400507921600
"""Rik @ wAgo7xgxkb"" raises to 3.00",2023-05-13T19:11:18.239Z,168400507823900
"""Dp @ YyWpODWXWx"" posts a big blind of 1.00",2023-05-13T19:11:14.562Z,168400507456211
"""Mamo @ abVmUlEwy_"" posts a small blind of 0.50",2023-05-13T19:11:14.562Z,168400507456210
"Player stacks: #1 ""Mamo @ abVmUlEwy_"" (120.50) | #2 ""Dp @ YyWpODWXWx"" (113.50) | #3 ""Rik @ wAgo7xgxkb"" (288.39) | #4 ""Aiden A @ XREWYWn-gd"" (33.50) | #5 ""Goml @ Bod7b088c-"" (147.11) | #6 ""JV @ mxbmy34bn7"" (159.00) | #7 ""daws @ xjgMoSVpRc"" (126.50) | #9 ""mp @ -DkySTil6a"" (111.50)",2023-05-13T19:11:14.562Z,168400507456201
"-- starting hand #22 (id: oyx10mderxgk)  (No Limit Texas Hold'em) (dealer: ""mp @ -DkySTil6a"") --",2023-05-13T19:11:14.562Z,168400507456200
"-- ending hand #21 --",2023-05-13T19:11:08.649Z,168400506864902
"""Dp @ YyWpODWXWx"" collected 12.00 from pot",2023-05-13T19:11:08.649Z,168400506864901
"Uncalled bet of 6.00 returned to ""Dp @ YyWpODWXWx""",2023-05-13T19:11:08.649Z,168400506864900
"""JV @ mxbmy34bn7"" folds",2023-05-13T19:11:07.841Z,168400506784100
"""Aiden A @ XREWYWn-gd"" folds",2023-05-13T19:11:02.136Z,168400506213600
"""Dp @ YyWpODWXWx"" bets 6.00",2023-05-13T19:10:53.695Z,168400505369500
"Flop:  [7♠, J♥, K♦]",2023-05-13T19:10:44.636Z,168400504463600
"""Mamo @ abVmUlEwy_"" folds",2023-05-13T19:10:43.806Z,168400504380600
"""mp @ -DkySTil6a"" folds",2023-05-13T19:10:27.974Z,168400502797400
"""daws @ xjgMoSVpRc"" folds",2023-05-13T19:10:26.759Z,168400502675900
"""JV @ mxbmy34bn7"" calls 3.50",2023-05-13T19:10:25.861Z,168400502586100
"""Goml @ Bod7b088c-"" folds",2023-05-13T19:10:22.474Z,168400502247400
"""Aiden A @ XREWYWn-gd"" calls 3.50",2023-05-13T19:10:21.520Z,168400502152000
"""Rik @ wAgo7xgxkb"" folds",2023-05-13T19:10:19.727Z,168400501972700
"""Dp @ YyWpODWXWx"" raises to 3.50",2023-05-13T19:10:18.713Z,168400501871300
"""Mamo @ abVmUlEwy_"" posts a big blind of 1.00",2023-05-13T19:10:11.562Z,168400501156211
"""mp @ -DkySTil6a"" posts a small blind of 0.50",2023-05-13T19:10:11.562Z,168400501156210
"Player stacks: #1 ""Mamo @ abVmUlEwy_"" (121.50) | #2 ""Dp @ YyWpODWXWx"" (105.00) | #3 ""Rik @ wAgo7xgxkb"" (288.39) | #4 ""Aiden A @ XREWYWn-gd"" (37.00) | #5 ""Goml @ Bod7b088c-"" (147.11) | #6 ""JV @ mxbmy34bn7"" (162.50) | #7 ""daws @ xjgMoSVpRc"" (126.50) | #9 ""mp @ -DkySTil6a"" (112.00)",2023-05-13T19:10:11.562Z,168400501156201
"-- starting hand #21 (id: up1mijvsaalf)  (No Limit Texas Hold'em) (dealer: ""daws @ xjgMoSVpRc"") --",2023-05-13T19:10:11.562Z,168400501156200
"-- ending hand #20 --",2023-05-13T19:10:05.587Z,168400500558702
"""mp @ -DkySTil6a"" collected 1.00 from pot",2023-05-13T19:10:05.587Z,168400500558701
"Uncalled bet of 0.50 returned to ""mp @ -DkySTil6a""",2023-05-13T19:10:05.587Z,168400500558700
"""daws @ xjgMoSVpRc"" folds",2023-05-13T19:10:04.754Z,168400500475400
"""JV @ mxbmy34bn7"" folds",2023-05-13T19:09:48.834Z,168400498883400
"""Goml @ Bod7b088c-"" folds",2023-05-13T19:09:32.963Z,168400497296300
"""Aiden A @ XREWYWn-gd"" folds",2023-05-13T19:09:32.043Z,168400497204300
"""Rik @ wAgo7xgxkb"" folds",2023-05-13T19:09:30.985Z,168400497098500
"""Dp @ YyWpODWXWx"" folds",2023-05-13T19:09:30.083Z,168400497008300
"""Mamo @ abVmUlEwy_"" folds",2023-05-13T19:09:24.707Z,168400496470700
"""mp @ -DkySTil6a"" posts a big blind of 1.00",2023-05-13T19:09:22.735Z,168400496273511
"""daws @ xjgMoSVpRc"" posts a small blind of 0.50",2023-05-13T19:09:22.735Z,168400496273510
"Player stacks: #1 ""Mamo @ abVmUlEwy_"" (121.50) | #2 ""Dp @ YyWpODWXWx"" (105.00) | #3 ""Rik @ wAgo7xgxkb"" (288.39) | #4 ""Aiden A @ XREWYWn-gd"" (37.00) | #5 ""Goml @ Bod7b088c-"" (147.11) | #6 ""JV @ mxbmy34bn7"" (162.50) | #7 ""daws @ xjgMoSVpRc"" (127.00) | #9 ""mp @ -DkySTil6a"" (111.50)",2023-05-13T19:09:22.735Z,168400496273501
"-- starting hand #20 (id: m2mbamnhdqlg)  (No Limit Texas Hold'em) (dealer: ""JV @ mxbmy34bn7"") --",2023-05-13T19:09:22.735Z,168400496273500
"-- ending hand #19 --",2023-05-13T19:09:16.685Z,168400495668502
"""mp @ -DkySTil6a"" collected 54.00 from pot with Three of a Kind, 6's (combination: 6♦, 6♣, 6♠, J♥, 9♠)",2023-05-13T19:09:16.685Z,168400495668501
"""mp @ -DkySTil6a"" shows a 6♦, 6♣.",2023-05-13T19:09:16.685Z,168400495668500
"""Aiden A @ XREWYWn-gd"" checks",2023-05-13T19:09:15.829Z,168400495582900
"""mp @ -DkySTil6a"" checks",2023-05-13T19:09:14.379Z,168400495437900
"River: 9♠, 7♣, J♥, 6♠ [2♠]",2023-05-13T19:09:11.187Z,168400495118700
"""Aiden A @ XREWYWn-gd"" calls 20.25",2023-05-13T19:09:10.345Z,168400495034500
"""Rik @ wAgo7xgxkb"" folds",2023-05-13T19:09:04.491Z,168400494449100
"""mp @ -DkySTil6a"" raises to 20.25",2023-05-13T19:09:02.599Z,168400494259900
"""Aiden A @ XREWYWn-gd"" bets 6.75",2023-05-13T19:08:55.966Z,168400493596600
"""Rik @ wAgo7xgxkb"" checks",2023-05-13T19:08:52.372Z,168400493237200
"""mp @ -DkySTil6a"" checks",2023-05-13T19:08:49.706Z,168400492970600
"Turn: 9♠, 7♣, J♥ [6♠]",2023-05-13T19:08:40.436Z,168400492043600
"""Aiden A @ XREWYWn-gd"" checks",2023-05-13T19:08:39.553Z,168400491955300
"""Rik @ wAgo7xgxkb"" checks",2023-05-13T19:08:38.367Z,168400491836700
"""mp @ -DkySTil6a"" checks",2023-05-13T19:08:36.269Z,168400491626900
"Flop:  [9♠, 7♣, J♥]",2023-05-13T19:08:30.537Z,168400491053700
"""mp @ -DkySTil6a"" calls 4.00",2023-05-13T19:08:29.689Z,168400490968900
"""daws @ xjgMoSVpRc"" folds",2023-05-13T19:08:28.007Z,168400490800700
"""JV @ mxbmy34bn7"" folds",2023-05-13T19:08:27.108Z,168400490710800
"""Goml @ Bod7b088c-"" folds",2023-05-13T19:08:26.000Z,168400490600000
"""Aiden A @ XREWYWn-gd"" calls 4.00",2023-05-13T19:08:25.105Z,168400490510500
"""Rik @ wAgo7xgxkb"" raises to 4.00",2023-05-13T19:08:07.630Z,168400488763000
"""Dp @ YyWpODWXWx"" folds",2023-05-13T19:08:03.388Z,168400488338800
"""Mamo @ abVmUlEwy_"" folds",2023-05-13T19:08:01.505Z,168400488150500
"""mp @ -DkySTil6a"" calls 1.00",2023-05-13T19:08:00.543Z,168400488054300
"""daws @ xjgMoSVpRc"" posts a big blind of 1.00",2023-05-13T19:07:56.438Z,168400487643811
"""JV @ mxbmy34bn7"" posts a small blind of 0.50",2023-05-13T19:07:56.438Z,168400487643810
"Player stacks: #1 ""Mamo @ abVmUlEwy_"" (121.50) | #2 ""Dp @ YyWpODWXWx"" (105.00) | #3 ""Rik @ wAgo7xgxkb"" (292.39) | #4 ""Aiden A @ XREWYWn-gd"" (61.25) | #5 ""Goml @ Bod7b088c-"" (147.11) | #6 ""JV @ mxbmy34bn7"" (163.00) | #7 ""daws @ xjgMoSVpRc"" (128.00) | #9 ""mp @ -DkySTil6a"" (81.75)",2023-05-13T19:07:56.438Z,168400487643801
"-- starting hand #19 (id: 5uplmjqakclv)  (No Limit Texas Hold'em) (dealer: ""Goml @ Bod7b088c-"") --",2023-05-13T19:07:56.438Z,168400487643800
"-- ending hand #18 --",2023-05-13T19:07:50.429Z,168400487042902
"""Goml @ Bod7b088c-"" collected 36.00 from pot with Pair, K's (combination: K♦, K♣, J♠, 9♣, 8♦)",2023-05-13T19:07:50.429Z,168400487042901
"""Goml @ Bod7b088c-"" shows a K♦, K♣.",2023-05-13T19:07:50.429Z,168400487042900
"""Aiden A @ XREWYWn-gd"" checks",2023-05-13T19:07:49.618Z,168400486961800
"""Goml @ Bod7b088c-"" checks",2023-05-13T19:07:48.673Z,168400486867300
"River: 9♣, 4♣, 8♦, J♠ [5♥]",2023-05-13T19:07:46.969Z,168400486696900
"""Aiden A @ XREWYWn-gd"" calls 9.00",2023-05-13T19:07:46.159Z,168400486615900
"""Goml @ Bod7b088c-"" bets 9.00",2023-05-13T19:07:44.541Z,168400486454100
"Turn: 9♣, 4♣, 8♦ [J♠]",2023-05-13T19:07:40.272Z,168400486027200
"""Aiden A @ XREWYWn-gd"" calls 4.50",2023-05-13T19:07:39.432Z,168400485943200
"""Goml @ Bod7b088c-"" bets 4.50",2023-05-13T19:07:37.844Z,168400485784400
"Flop:  [9♣, 4♣, 8♦]",2023-05-13T19:07:32.017Z,168400485201700
"""Aiden A @ XREWYWn-gd"" calls 4.00",2023-05-13T19:07:31.179Z,168400485117900
"""JV @ mxbmy34bn7"" folds",2023-05-13T19:07:29.533Z,168400484953300
"""Goml @ Bod7b088c-"" raises to 4.00",2023-05-13T19:07:28.121Z,168400484812100
"""Aiden A @ XREWYWn-gd"" calls 1.00",2023-05-13T19:07:25.019Z,168400484501900
"""Rik @ wAgo7xgxkb"" folds",2023-05-13T19:07:21.676Z,168400484167600
"""Dp @ YyWpODWXWx"" folds",2023-05-13T19:07:20.692Z,168400484069200
"""Mamo @ abVmUlEwy_"" folds",2023-05-13T19:07:19.782Z,168400483978200
"""mp @ -DkySTil6a"" folds",2023-05-13T19:07:18.698Z,168400483869800
"""daws @ xjgMoSVpRc"" folds",2023-05-13T19:07:17.634Z,168400483763400
"""JV @ mxbmy34bn7"" posts a big blind of 1.00",2023-05-13T19:07:02.623Z,168400482262311
"""Goml @ Bod7b088c-"" posts a small blind of 0.50",2023-05-13T19:07:02.623Z,168400482262310
"Player stacks: #1 ""Mamo @ abVmUlEwy_"" (121.50) | #2 ""Dp @ YyWpODWXWx"" (105.00) | #3 ""Rik @ wAgo7xgxkb"" (292.39) | #4 ""Aiden A @ XREWYWn-gd"" (78.75) | #5 ""Goml @ Bod7b088c-"" (128.61) | #6 ""JV @ mxbmy34bn7"" (164.00) | #7 ""daws @ xjgMoSVpRc"" (128.00) | #9 ""mp @ -DkySTil6a"" (81.75)",2023-05-13T19:07:02.623Z,168400482262301
"-- starting hand #18 (id: fpqnhwijyn64)  (No Limit Texas Hold'em) (dealer: ""Aiden A @ XREWYWn-gd"") --",2023-05-13T19:07:02.623Z,168400482262300
"-- ending hand #17 --",2023-05-13T19:06:56.663Z,168400481666302
"""JV @ mxbmy34bn7"" collected 57.00 from pot",2023-05-13T19:06:56.663Z,168400481666301
"Uncalled bet of 30.50 returned to ""JV @ mxbmy34bn7""",2023-05-13T19:06:56.663Z,168400481666300
"""Aiden A @ XREWYWn-gd"" folds",2023-05-13T19:06:55.833Z,168400481583300
"""Dp @ YyWpODWXWx"" folds",2023-05-13T19:06:54.943Z,168400481494300
"""mp @ -DkySTil6a"" folds",2023-05-13T19:06:43.239Z,168400480323900
"""daws @ xjgMoSVpRc"" folds",2023-05-13T19:06:41.890Z,168400480189000
"""JV @ mxbmy34bn7"" raises to 40.00",2023-05-13T19:06:29.765Z,168400478976500
"""Aiden A @ XREWYWn-gd"" calls 9.50",2023-05-13T19:06:10.590Z,168400477059000
"""Dp @ YyWpODWXWx"" calls 9.50",2023-05-13T19:06:08.823Z,168400476882300
"""Mamo @ abVmUlEwy_"" folds",2023-05-13T19:05:55.573Z,168400475557300
"""mp @ -DkySTil6a"" bets 9.50",2023-05-13T19:05:54.304Z,168400475430400
"""daws @ xjgMoSVpRc"" checks",2023-05-13T19:05:50.967Z,168400475096700
"""JV @ mxbmy34bn7"" checks",2023-05-13T19:05:44.206Z,168400474420600
"""Aiden A @ XREWYWn-gd"" checks",2023-05-13T19:05:40.539Z,168400474053900
"Flop:  [2♠, K♠, 5♣]",2023-05-13T19:05:38.016Z,168400473801600
"""Goml @ Bod7b088c-"" folds",2023-05-13T19:05:37.177Z,168400473717700
"""Aiden A @ XREWYWn-gd"" calls 3.00",2023-05-13T19:05:30.040Z,168400473004000
"""Rik @ wAgo7xgxkb"" folds",2023-05-13T19:05:28.806Z,168400472880600
"""Dp @ YyWpODWXWx"" calls 3.00",2023-05-13T19:05:27.886Z,168400472788600
"""Mamo @ abVmUlEwy_"" calls 3.00",2023-05-13T19:05:07.638Z,168400470763800
"""mp @ -DkySTil6a"" calls 3.00",2023-05-13T19:05:03.015Z,168400470301500
"""daws @ xjgMoSVpRc"" calls 3.00",2023-05-13T19:04:58.971Z,168400469897100
"""JV @ mxbmy34bn7"" raises to 3.00",2023-05-13T19:04:57.132Z,168400469713200
"""Goml @ Bod7b088c-"" posts a big blind of 1.00",2023-05-13T19:04:50.996Z,168400469099613
"""Aiden A @ XREWYWn-gd"" posts a small blind of 0.50",2023-05-13T19:04:50.996Z,168400469099612
"Player stacks: #1 ""Mamo @ abVmUlEwy_"" (124.50) | #2 ""Dp @ YyWpODWXWx"" (117.50) | #3 ""Rik @ wAgo7xgxkb"" (292.39) | #4 ""Aiden A @ XREWYWn-gd"" (91.25) | #5 ""Goml @ Bod7b088c-"" (129.61) | #6 ""JV @ mxbmy34bn7"" (119.50) | #7 ""daws @ xjgMoSVpRc"" (131.00) | #9 ""mp @ -DkySTil6a"" (94.25)",2023-05-13T19:04:50.996Z,168400469099603
"-- starting hand #17 (id: aqlo5d50orxp)  (No Limit Texas Hold'em) (dealer: ""Rik @ wAgo7xgxkb"") --",2023-05-13T19:04:50.996Z,168400469099602
"The player ""Apex @ J-rzOgBpek"" quits the game with a stack of 0.00.",2023-05-13T19:04:50.996Z,168400469099601
"The admin updated the player ""Mamo @ abVmUlEwy_"" stack from 24.50 to 124.50.",2023-05-13T19:04:50.996Z,168400469099600
"-- ending hand #16 --",2023-05-13T19:04:44.991Z,168400468499104
"""Apex @ J-rzOgBpek"" shows a K♣, 10♥.",2023-05-13T19:04:44.991Z,168400468499103
"""Rik @ wAgo7xgxkb"" collected 155.78 from pot with Two Pair, K's & 7's (combination: K♦, K♥, 7♣, 7♦, J♣)",2023-05-13T19:04:44.991Z,168400468499102
"""Rik @ wAgo7xgxkb"" shows a 7♣, K♦.",2023-05-13T19:04:44.991Z,168400468499101
"Uncalled bet of 4.61 returned to ""Rik @ wAgo7xgxkb""",2023-05-13T19:04:44.991Z,168400468499100
"""Apex @ J-rzOgBpek"" calls 50.39 and go all in",2023-05-13T19:04:44.161Z,168400468416100
"""Aiden A @ XREWYWn-gd"" folds",2023-05-13T19:04:41.194Z,168400468119400
"""Rik @ wAgo7xgxkb"" bets 55.00",2023-05-13T19:04:39.950Z,168400467995000
"River: 8♠, K♥, J♣, 2♥ [7♦]",2023-05-13T19:04:34.454Z,168400467445400
"""Apex @ J-rzOgBpek"" checks",2023-05-13T19:04:33.648Z,168400467364800
"""Aiden A @ XREWYWn-gd"" checks",2023-05-13T19:04:32.053Z,168400467205300
"""Rik @ wAgo7xgxkb"" checks",2023-05-13T19:04:28.482Z,168400466848200
"Turn: 8♠, K♥, J♣ [2♥]",2023-05-13T19:04:27.235Z,168400466723500
"""Rik @ wAgo7xgxkb"" calls 11.00",2023-05-13T19:04:26.415Z,168400466641500
"""Apex @ J-rzOgBpek"" calls 11.00",2023-05-13T19:04:24.203Z,168400466420300
"""Aiden A @ XREWYWn-gd"" bets 11.00",2023-05-13T19:04:16.277Z,168400465627700
"""Rik @ wAgo7xgxkb"" checks",2023-05-13T19:04:09.478Z,168400464947800
"Flop:  [8♠, K♥, J♣]",2023-05-13T19:04:07.739Z,168400464773900
"""Rik @ wAgo7xgxkb"" calls 7.00",2023-05-13T19:04:06.932Z,168400464693200
"""Apex @ J-rzOgBpek"" calls 7.00",2023-05-13T19:04:05.092Z,168400464509200
"WARNING: the admin queued the stack change for the player ""Mamo @ abVmUlEwy_"" adding 100.00 chips in the next hand.",2023-05-13T19:03:56.549Z,168400463654900
"""daws @ xjgMoSVpRc"" folds",2023-05-13T19:03:55.660Z,168400463566000
"""Aiden A @ XREWYWn-gd"" raises to 7.00",2023-05-13T19:03:52.686Z,168400463268600
"""Rik @ wAgo7xgxkb"" calls 1.00",2023-05-13T19:03:48.240Z,168400462824000
"""Dp @ YyWpODWXWx"" folds",2023-05-13T19:03:46.421Z,168400462642100
"""Mamo @ abVmUlEwy_"" folds",2023-05-13T19:03:44.160Z,168400462416000
"""Apex @ J-rzOgBpek"" calls 1.00",2023-05-13T19:03:33.500Z,168400461350000
"""mp @ -DkySTil6a"" folds",2023-05-13T19:03:32.453Z,168400461245300
"""daws @ xjgMoSVpRc"" calls 1.00",2023-05-13T19:03:30.745Z,168400461074500
"""JV @ mxbmy34bn7"" folds",2023-05-13T19:03:25.592Z,168400460559200
"""Goml @ Bod7b088c-"" folds",2023-05-13T19:03:24.645Z,168400460464500
"""Aiden A @ XREWYWn-gd"" posts a big blind of 1.00",2023-05-13T19:03:23.503Z,168400460350312
"""Rik @ wAgo7xgxkb"" posts a small blind of 0.50",2023-05-13T19:03:23.503Z,168400460350311
"Player stacks: #1 ""Mamo @ abVmUlEwy_"" (24.50) | #2 ""Dp @ YyWpODWXWx"" (117.50) | #3 ""Rik @ wAgo7xgxkb"" (205.00) | #4 ""Aiden A @ XREWYWn-gd"" (109.25) | #5 ""Goml @ Bod7b088c-"" (129.61) | #6 ""JV @ mxbmy34bn7"" (119.50) | #7 ""daws @ xjgMoSVpRc"" (132.00) | #9 ""mp @ -DkySTil6a"" (94.25) | #10 ""Apex @ J-rzOgBpek"" (68.39)",2023-05-13T19:03:23.503Z,168400460350301
"-- starting hand #16 (id: dbvt9jitgb5x)  (No Limit Texas Hold'em) (dealer: ""Dp @ YyWpODWXWx"") --",2023-05-13T19:03:23.503Z,168400460350300
"-- ending hand #15 --",2023-05-13T19:03:17.541Z,168400459754102
"""Goml @ Bod7b088c-"" collected 24.00 from pot",2023-05-13T19:03:17.541Z,168400459754101
"Uncalled bet of 7.50 returned to ""Goml @ Bod7b088c-""",2023-05-13T19:03:17.541Z,168400459754100
"""JV @ mxbmy34bn7"" folds",2023-05-13T19:03:16.732Z,168400459673200
"""Goml @ Bod7b088c-"" raises to 12.00",2023-05-13T19:03:03.565Z,168400458356500
"""Apex @ J-rzOgBpek"" folds",2023-05-13T19:02:58.787Z,168400457878700
"""JV @ mxbmy34bn7"" bets 4.50",2023-05-13T19:02:57.818Z,168400457781800
"""Goml @ Bod7b088c-"" checks",2023-05-13T19:02:48.282Z,168400456828200
"Flop:  [9♥, K♥, A♥]",2023-05-13T19:02:46.026Z,168400456602600
"""Goml @ Bod7b088c-"" calls 4.50",2023-05-13T19:02:45.197Z,168400456519700
"""Rik @ wAgo7xgxkb"" folds",2023-05-13T19:02:43.807Z,168400456380700
"""Dp @ YyWpODWXWx"" folds",2023-05-13T19:02:42.851Z,168400456285100
"""Mamo @ abVmUlEwy_"" folds",2023-05-13T19:02:41.919Z,168400456191900
"""Apex @ J-rzOgBpek"" calls 4.50",2023-05-13T19:02:40.978Z,168400456097800
"""mp @ -DkySTil6a"" folds",2023-05-13T19:02:35.689Z,168400455568900
"""daws @ xjgMoSVpRc"" folds",2023-05-13T19:02:34.675Z,168400455467500
"""JV @ mxbmy34bn7"" raises to 4.50",2023-05-13T19:02:33.678Z,168400455367800
"""Goml @ Bod7b088c-"" calls 1.00",2023-05-13T19:02:25.746Z,168400454574600
"""Aiden A @ XREWYWn-gd"" folds",2023-05-13T19:02:24.243Z,168400454424300
"""Rik @ wAgo7xgxkb"" posts a big blind of 1.00",2023-05-13T19:02:22.931Z,168400454293112
"""Dp @ YyWpODWXWx"" posts a small blind of 0.50",2023-05-13T19:02:22.931Z,168400454293111
"Player stacks: #1 ""Mamo @ abVmUlEwy_"" (24.50) | #2 ""Dp @ YyWpODWXWx"" (118.00) | #3 ""Rik @ wAgo7xgxkb"" (206.00) | #4 ""Aiden A @ XREWYWn-gd"" (109.25) | #5 ""Goml @ Bod7b088c-"" (114.61) | #6 ""JV @ mxbmy34bn7"" (128.50) | #7 ""daws @ xjgMoSVpRc"" (132.00) | #9 ""mp @ -DkySTil6a"" (94.25) | #10 ""Apex @ J-rzOgBpek"" (72.89)",2023-05-13T19:02:22.931Z,168400454293101
"-- starting hand #15 (id: gyshrsf1m1u0)  (No Limit Texas Hold'em) (dealer: ""Mamo @ abVmUlEwy_"") --",2023-05-13T19:02:22.931Z,168400454293100
"""Aiden A @ XREWYWn-gd"" shows a 2♦, 3♦.",2023-05-13T19:02:20.784Z,168400454078400
"-- ending hand #14 --",2023-05-13T19:02:19.309Z,168400453930902
"""Aiden A @ XREWYWn-gd"" collected 71.00 from pot",2023-05-13T19:02:19.309Z,168400453930901
"Uncalled bet of 24.50 returned to ""Aiden A @ XREWYWn-gd""",2023-05-13T19:02:19.309Z,168400453930900
"""Mamo @ abVmUlEwy_"" folds",2023-05-13T19:02:18.395Z,168400453839500
"""Aiden A @ XREWYWn-gd"" bets 24.50",2023-05-13T19:02:16.661Z,168400453666100
"""Mamo @ abVmUlEwy_"" checks",2023-05-13T19:02:13.789Z,168400453378900
"River: 6♥, 5♦, 4♦, 10♦ [6♠]",2023-05-13T19:02:11.932Z,168400453193200
"""Mamo @ abVmUlEwy_"" calls 20.50",2023-05-13T19:02:11.120Z,168400453112000
"""Aiden A @ XREWYWn-gd"" bets 20.50",2023-05-13T19:02:07.534Z,168400452753400
"""Mamo @ abVmUlEwy_"" checks",2023-05-13T19:02:02.457Z,168400452245700
"Turn: 6♥, 5♦, 4♦ [10♦]",2023-05-13T19:01:58.153Z,168400451815300
"""Rik @ wAgo7xgxkb"" folds",2023-05-13T19:01:57.334Z,168400451733400
"""Dp @ YyWpODWXWx"" folds",2023-05-13T19:01:56.366Z,168400451636600
"""Mamo @ abVmUlEwy_"" calls 7.50",2023-05-13T19:01:55.044Z,168400451504400
"""Goml @ Bod7b088c-"" folds",2023-05-13T19:01:51.317Z,168400451131700
"""Aiden A @ XREWYWn-gd"" bets 7.50",2023-05-13T19:01:49.562Z,168400450956200
"""Rik @ wAgo7xgxkb"" checks",2023-05-13T19:01:45.048Z,168400450504800
"""Dp @ YyWpODWXWx"" checks",2023-05-13T19:01:38.326Z,168400449832600
"""Mamo @ abVmUlEwy_"" checks",2023-05-13T19:01:36.673Z,168400449667300
"Flop:  [6♥, 5♦, 4♦]",2023-05-13T19:01:33.929Z,168400449392900
"""Dp @ YyWpODWXWx"" calls 3.00",2023-05-13T19:01:33.109Z,168400449310900
"""Mamo @ abVmUlEwy_"" calls 3.00",2023-05-13T19:01:31.421Z,168400449142100
"""Apex @ J-rzOgBpek"" folds",2023-05-13T19:01:27.445Z,168400448744500
"""mp @ -DkySTil6a"" folds",2023-05-13T19:01:26.509Z,168400448650900
"""daws @ xjgMoSVpRc"" folds",2023-05-13T19:01:25.343Z,168400448534300
"""JV @ mxbmy34bn7"" folds",2023-05-13T19:01:20.667Z,168400448066700
"""Goml @ Bod7b088c-"" calls 3.00",2023-05-13T19:01:19.686Z,168400447968600
"""Aiden A @ XREWYWn-gd"" calls 3.00",2023-05-13T19:01:18.721Z,168400447872100
"""Rik @ wAgo7xgxkb"" raises to 3.00",2023-05-13T19:01:17.209Z,168400447720900
"""Dp @ YyWpODWXWx"" posts a big blind of 1.00",2023-05-13T19:01:14.617Z,168400447461712
"""Mamo @ abVmUlEwy_"" posts a small blind of 0.50",2023-05-13T19:01:14.617Z,168400447461711
"Player stacks: #1 ""Mamo @ abVmUlEwy_"" (55.50) | #2 ""Dp @ YyWpODWXWx"" (121.00) | #3 ""Rik @ wAgo7xgxkb"" (209.00) | #4 ""Aiden A @ XREWYWn-gd"" (69.25) | #5 ""Goml @ Bod7b088c-"" (117.61) | #6 ""JV @ mxbmy34bn7"" (128.50) | #7 ""daws @ xjgMoSVpRc"" (132.00) | #9 ""mp @ -DkySTil6a"" (94.25) | #10 ""Apex @ J-rzOgBpek"" (72.89)",2023-05-13T19:01:14.617Z,168400447461701
"-- starting hand #14 (id: r7qxbwtdkvip)  (No Limit Texas Hold'em) (dealer: ""Apex @ J-rzOgBpek"") --",2023-05-13T19:01:14.617Z,168400447461700
"-- ending hand #13 --",2023-05-13T19:01:08.710Z,168400446871002
"""Rik @ wAgo7xgxkb"" collected 7.50 from pot",2023-05-13T19:01:08.710Z,168400446871001
"Uncalled bet of 3.00 returned to ""Rik @ wAgo7xgxkb""",2023-05-13T19:01:08.710Z,168400446871000
"""Aiden A @ XREWYWn-gd"" folds",2023-05-13T19:01:07.888Z,168400446788800
"""Rik @ wAgo7xgxkb"" bets 3.00",2023-05-13T19:01:05.985Z,168400446598500
"Flop:  [8♣, 10♠, K♣]",2023-05-13T19:00:56.099Z,168400445609900
"""Mamo @ abVmUlEwy_"" folds",2023-05-13T19:00:55.232Z,168400445523200
"""Apex @ J-rzOgBpek"" folds",2023-05-13T19:00:53.347Z,168400445334700
"""mp @ -DkySTil6a"" folds",2023-05-13T19:00:52.376Z,168400445237600
"""daws @ xjgMoSVpRc"" folds",2023-05-13T19:00:51.479Z,168400445147900
"""JV @ mxbmy34bn7"" folds",2023-05-13T19:00:50.585Z,168400445058500
"""Goml @ Bod7b088c-"" folds",2023-05-13T19:00:49.665Z,168400444966500
"""Aiden A @ XREWYWn-gd"" calls 3.00",2023-05-13T19:00:48.755Z,168400444875500
"""Rik @ wAgo7xgxkb"" raises to 3.00",2023-05-13T19:00:46.962Z,168400444696200
"""Dp @ YyWpODWXWx"" folds",2023-05-13T19:00:43.789Z,168400444378900
"""Mamo @ abVmUlEwy_"" posts a big blind of 1.00",2023-05-13T19:00:33.945Z,168400443394512
"""Apex @ J-rzOgBpek"" posts a small blind of 0.50",2023-05-13T19:00:33.945Z,168400443394511
"Player stacks: #1 ""Mamo @ abVmUlEwy_"" (56.50) | #2 ""Dp @ YyWpODWXWx"" (121.00) | #3 ""Rik @ wAgo7xgxkb"" (204.50) | #4 ""Aiden A @ XREWYWn-gd"" (72.25) | #5 ""Goml @ Bod7b088c-"" (117.61) | #6 ""JV @ mxbmy34bn7"" (128.50) | #7 ""daws @ xjgMoSVpRc"" (132.00) | #9 ""mp @ -DkySTil6a"" (94.25) | #10 ""Apex @ J-rzOgBpek"" (73.39)",2023-05-13T19:00:33.945Z,168400443394501
"-- starting hand #13 (id: q5vw0cdqneiv)  (No Limit Texas Hold'em) (dealer: ""mp @ -DkySTil6a"") --",2023-05-13T19:00:33.945Z,168400443394500
"-- ending hand #12 --",2023-05-13T19:00:27.903Z,168400442790303
"""Apex @ J-rzOgBpek"" shows a Q♣, 9♠.",2023-05-13T19:00:27.903Z,168400442790302
"""Goml @ Bod7b088c-"" collected 34.97 from pot with Two Pair, 10's & 9's (combination: 10♦, 10♣, 9♦, 9♣, 8♣)",2023-05-13T19:00:27.903Z,168400442790301
"""Goml @ Bod7b088c-"" shows a 10♦, 9♦.",2023-05-13T19:00:27.903Z,168400442790300
"""Goml @ Bod7b088c-"" calls 8.74",2023-05-13T19:00:27.084Z,168400442708400
"""Apex @ J-rzOgBpek"" bets 8.74",2023-05-13T19:00:11.905Z,168400441190500
"River: 8♣, 5♦, 9♣, 10♣ [8♥]",2023-05-13T19:00:04.788Z,168400440478800
"""Dp @ YyWpODWXWx"" folds",2023-05-13T19:00:03.975Z,168400440397500
"""Apex @ J-rzOgBpek"" calls 4.37",2023-05-13T19:00:02.324Z,168400440232400
"""Goml @ Bod7b088c-"" bets 4.37",2023-05-13T18:59:59.427Z,168400439942700
"""Dp @ YyWpODWXWx"" checks",2023-05-13T18:59:56.505Z,168400439650500
"""Apex @ J-rzOgBpek"" checks",2023-05-13T18:59:54.730Z,168400439473000
"Turn: 8♣, 5♦, 9♣ [10♣]",2023-05-13T18:59:52.532Z,168400439253200
"""Dp @ YyWpODWXWx"" calls 1.75",2023-05-13T18:59:51.707Z,168400439170700
"""Apex @ J-rzOgBpek"" calls 1.75",2023-05-13T18:59:50.151Z,168400439015100
"""Goml @ Bod7b088c-"" bets 1.75",2023-05-13T18:59:40.515Z,168400438051500
"""Dp @ YyWpODWXWx"" checks",2023-05-13T18:59:37.821Z,168400437782100
"""Apex @ J-rzOgBpek"" checks",2023-05-13T18:59:35.456Z,168400437545600
"Flop:  [8♣, 5♦, 9♣]",2023-05-13T18:59:32.778Z,168400437277800
"""Apex @ J-rzOgBpek"" checks",2023-05-13T18:59:31.922Z,168400437192200
"""mp @ -DkySTil6a"" folds",2023-05-13T18:59:27.978Z,168400436797800
"""daws @ xjgMoSVpRc"" folds",2023-05-13T18:59:26.934Z,168400436693400
"""JV @ mxbmy34bn7"" folds",2023-05-13T18:59:25.979Z,168400436597900
"""Goml @ Bod7b088c-"" calls 1.00",2023-05-13T18:59:10.150Z,168400435015000
"""Aiden A @ XREWYWn-gd"" folds",2023-05-13T18:59:07.632Z,168400434763200
"""Rik @ wAgo7xgxkb"" folds",2023-05-13T18:59:06.681Z,168400434668100
"""Dp @ YyWpODWXWx"" calls 1.00",2023-05-13T18:59:05.815Z,168400434581500
"""Mamo @ abVmUlEwy_"" folds",2023-05-13T18:58:58.744Z,168400433874400
"""Apex @ J-rzOgBpek"" posts a big blind of 1.00",2023-05-13T18:58:56.465Z,168400433646512
"""mp @ -DkySTil6a"" posts a small blind of 0.50",2023-05-13T18:58:56.465Z,168400433646511
"Player stacks: #1 ""Mamo @ abVmUlEwy_"" (56.50) | #2 ""Dp @ YyWpODWXWx"" (123.75) | #3 ""Rik @ wAgo7xgxkb"" (204.50) | #4 ""Aiden A @ XREWYWn-gd"" (72.25) | #5 ""Goml @ Bod7b088c-"" (98.50) | #6 ""JV @ mxbmy34bn7"" (128.50) | #7 ""daws @ xjgMoSVpRc"" (132.00) | #9 ""mp @ -DkySTil6a"" (94.75) | #10 ""Apex @ J-rzOgBpek"" (89.25)",2023-05-13T18:58:56.465Z,168400433646501
"-- starting hand #12 (id: ruvyejmppstj)  (No Limit Texas Hold'em) (dealer: ""daws @ xjgMoSVpRc"") --",2023-05-13T18:58:56.465Z,168400433646500
"-- ending hand #11 --",2023-05-13T18:58:50.535Z,168400433053502
"""Apex @ J-rzOgBpek"" collected 5.00 from pot",2023-05-13T18:58:50.535Z,168400433053501
"Uncalled bet of 10.00 returned to ""Apex @ J-rzOgBpek""",2023-05-13T18:58:50.535Z,168400433053500
"""daws @ xjgMoSVpRc"" folds",2023-05-13T18:58:49.661Z,168400432966100
"""Apex @ J-rzOgBpek"" raises to 12.00",2023-05-13T18:58:46.466Z,168400432646600
"""mp @ -DkySTil6a"" folds",2023-05-13T18:58:39.689Z,168400431968900
"""daws @ xjgMoSVpRc"" calls 2.00",2023-05-13T18:58:27.702Z,168400430770200
"""JV @ mxbmy34bn7"" folds",2023-05-13T18:58:21.887Z,168400430188700
"""Goml @ Bod7b088c-"" folds",2023-05-13T18:58:20.912Z,168400430091200
"""Aiden A @ XREWYWn-gd"" folds",2023-05-13T18:58:20.011Z,168400430001100
"""Rik @ wAgo7xgxkb"" folds",2023-05-13T18:58:19.003Z,168400429900300
"""Dp @ YyWpODWXWx"" folds",2023-05-13T18:58:18.145Z,168400429814500
"""Mamo @ abVmUlEwy_"" folds",2023-05-13T18:58:17.149Z,168400429714900
"""Apex @ J-rzOgBpek"" posts a straddle of 2.00",2023-05-13T18:58:02.116Z,168400428211613
"""mp @ -DkySTil6a"" posts a big blind of 1.00",2023-05-13T18:58:02.116Z,168400428211612
"""daws @ xjgMoSVpRc"" posts a small blind of 0.50",2023-05-13T18:58:02.116Z,168400428211611
"Player stacks: #1 ""Mamo @ abVmUlEwy_"" (56.50) | #2 ""Dp @ YyWpODWXWx"" (123.75) | #3 ""Rik @ wAgo7xgxkb"" (204.50) | #4 ""Aiden A @ XREWYWn-gd"" (72.25) | #5 ""Goml @ Bod7b088c-"" (98.50) | #6 ""JV @ mxbmy34bn7"" (128.50) | #7 ""daws @ xjgMoSVpRc"" (134.00) | #9 ""mp @ -DkySTil6a"" (95.75) | #10 ""Apex @ J-rzOgBpek"" (86.25)",2023-05-13T18:58:02.116Z,168400428211601
"-- starting hand #11 (id: rwmhtfe3rjml)  (No Limit Texas Hold'em) (dealer: ""JV @ mxbmy34bn7"") --",2023-05-13T18:58:02.116Z,168400428211600
"-- ending hand #10 --",2023-05-13T18:57:56.159Z,168400427615902
"""Rik @ wAgo7xgxkb"" collected 7.50 from pot",2023-05-13T18:57:56.159Z,168400427615901
"Uncalled bet of 3.00 returned to ""Rik @ wAgo7xgxkb""",2023-05-13T18:57:56.159Z,168400427615900
"""Aiden A @ XREWYWn-gd"" folds",2023-05-13T18:57:55.306Z,168400427530600
"""Rik @ wAgo7xgxkb"" bets 3.00",2023-05-13T18:57:52.623Z,168400427262300
"Flop:  [Q♠, 9♦, 8♥]",2023-05-13T18:57:42.542Z,168400426254200
"""daws @ xjgMoSVpRc"" folds",2023-05-13T18:57:41.690Z,168400426169000
"""JV @ mxbmy34bn7"" folds",2023-05-13T18:57:39.200Z,168400425920000
"""Goml @ Bod7b088c-"" folds",2023-05-13T18:57:37.979Z,168400425797900
"""Aiden A @ XREWYWn-gd"" calls 3.00",2023-05-13T18:57:22.157Z,168400424215700
"""Rik @ wAgo7xgxkb"" raises to 3.00",2023-05-13T18:57:18.996Z,168400423899600
"""Dp @ YyWpODWXWx"" folds",2023-05-13T18:57:11.923Z,168400423192300
"""Mamo @ abVmUlEwy_"" folds",2023-05-13T18:57:11.012Z,168400423101200
"""Apex @ J-rzOgBpek"" folds",2023-05-13T18:57:10.043Z,168400423004300
"""mp @ -DkySTil6a"" folds",2023-05-13T18:57:09.029Z,168400422902900
"""daws @ xjgMoSVpRc"" posts a big blind of 1.00",2023-05-13T18:57:03.147Z,168400422314713
"""JV @ mxbmy34bn7"" posts a small blind of 0.50",2023-05-13T18:57:03.147Z,168400422314712
"Player stacks: #1 ""Mamo @ abVmUlEwy_"" (56.50) | #2 ""Dp @ YyWpODWXWx"" (123.75) | #3 ""Rik @ wAgo7xgxkb"" (200.00) | #4 ""Aiden A @ XREWYWn-gd"" (75.25) | #5 ""Goml @ Bod7b088c-"" (98.50) | #6 ""JV @ mxbmy34bn7"" (129.00) | #7 ""daws @ xjgMoSVpRc"" (135.00) | #9 ""mp @ -DkySTil6a"" (95.75) | #10 ""Apex @ J-rzOgBpek"" (86.25)",2023-05-13T18:57:03.147Z,168400422314702
"-- starting hand #10 (id: lvyrvafkulrr)  (No Limit Texas Hold'em) (dealer: ""Goml @ Bod7b088c-"") --",2023-05-13T18:57:03.147Z,168400422314701
"The player ""Rik @ wAgo7xgxkb"" joined the game with a stack of 200.00.",2023-05-13T18:57:03.147Z,168400422314700
"-- ending hand #9 --",2023-05-13T18:56:57.211Z,168400421721102
"""Dp @ YyWpODWXWx"" collected 41.00 from pot",2023-05-13T18:56:57.211Z,168400421721101
"Uncalled bet of 30.75 returned to ""Dp @ YyWpODWXWx""",2023-05-13T18:56:57.211Z,168400421721100
"""Aiden A @ XREWYWn-gd"" folds",2023-05-13T18:56:56.371Z,168400421637100
"""Dp @ YyWpODWXWx"" bets 30.75",2023-05-13T18:56:50.176Z,168400421017600
"Turn: 9♦, 3♠, Q♠ [6♦]",2023-05-13T18:56:33.828Z,168400419382800
"""Apex @ J-rzOgBpek"" folds",2023-05-13T18:56:32.976Z,168400419297600
"""JV @ mxbmy34bn7"" folds",2023-05-13T18:56:32.016Z,168400419201600
"""Aiden A @ XREWYWn-gd"" calls 10.75",2023-05-13T18:56:30.981Z,168400419098100
"""Dp @ YyWpODWXWx"" bets 10.75",2023-05-13T18:56:26.638Z,168400418663800
"""Apex @ J-rzOgBpek"" checks",2023-05-13T18:56:20.790Z,168400418079000
"""JV @ mxbmy34bn7"" checks",2023-05-13T18:56:19.142Z,168400417914200
"Flop:  [9♦, 3♠, Q♠]",2023-05-13T18:56:17.553Z,168400417755300
"""Apex @ J-rzOgBpek"" calls 4.50",2023-05-13T18:56:16.691Z,168400417669100
"""daws @ xjgMoSVpRc"" folds",2023-05-13T18:56:15.827Z,168400417582700
"""JV @ mxbmy34bn7"" calls 4.50",2023-05-13T18:56:13.549Z,168400417354900
"""Goml @ Bod7b088c-"" folds",2023-05-13T18:56:09.892Z,168400416989200
"""Aiden A @ XREWYWn-gd"" calls 4.50",2023-05-13T18:56:09.001Z,168400416900100
"""Dp @ YyWpODWXWx"" raises to 4.50",2023-05-13T18:56:06.898Z,168400416689800
"The admin approved the player ""Rik @ wAgo7xgxkb"" participation with a stack of 200.00.",2023-05-13T18:56:05.634Z,168400416563400
"""Mamo @ abVmUlEwy_"" folds",2023-05-13T18:56:02.300Z,168400416230000
"""Apex @ J-rzOgBpek"" calls 1.00",2023-05-13T18:56:01.231Z,168400416123100
"""mp @ -DkySTil6a"" folds",2023-05-13T18:56:00.313Z,168400416031300
"""daws @ xjgMoSVpRc"" calls 1.00",2023-05-13T18:55:59.402Z,168400415940200
"""JV @ mxbmy34bn7"" posts a big blind of 1.00",2023-05-13T18:55:56.534Z,168400415653411
"""Goml @ Bod7b088c-"" posts a small blind of 0.50",2023-05-13T18:55:56.534Z,168400415653410
"Player stacks: #1 ""Mamo @ abVmUlEwy_"" (56.50) | #2 ""Dp @ YyWpODWXWx"" (98.00) | #4 ""Aiden A @ XREWYWn-gd"" (90.50) | #5 ""Goml @ Bod7b088c-"" (99.00) | #6 ""JV @ mxbmy34bn7"" (133.50) | #7 ""daws @ xjgMoSVpRc"" (136.00) | #9 ""mp @ -DkySTil6a"" (95.75) | #10 ""Apex @ J-rzOgBpek"" (90.75)",2023-05-13T18:55:56.534Z,168400415653401
"-- starting hand #9 (id: fitihjyisk4f)  (No Limit Texas Hold'em) (dealer: ""Aiden A @ XREWYWn-gd"") --",2023-05-13T18:55:56.534Z,168400415653400
"-- ending hand #8 --",2023-05-13T18:55:50.522Z,168400415052202
"""daws @ xjgMoSVpRc"" collected 20.00 from pot with Pair, A's (combination: A♦, A♣, K♦, J♥, 8♠)",2023-05-13T18:55:50.522Z,168400415052201
"""daws @ xjgMoSVpRc"" shows a K♦, A♦.",2023-05-13T18:55:50.522Z,168400415052200
"""Apex @ J-rzOgBpek"" checks",2023-05-13T18:55:49.649Z,168400414964900
"""daws @ xjgMoSVpRc"" checks",2023-05-13T18:55:48.168Z,168400414816800
"River: J♥, 5♥, 7♥, 8♠ [A♣]",2023-05-13T18:55:46.322Z,168400414632200
"""Apex @ J-rzOgBpek"" checks",2023-05-13T18:55:45.487Z,168400414548700
"""daws @ xjgMoSVpRc"" checks",2023-05-13T18:55:42.720Z,168400414272000
"Turn: J♥, 5♥, 7♥ [8♠]",2023-05-13T18:55:37.897Z,168400413789700
"""daws @ xjgMoSVpRc"" calls 5.00",2023-05-13T18:55:36.997Z,168400413699700
"""Apex @ J-rzOgBpek"" bets 5.00",2023-05-13T18:55:34.384Z,168400413438400
"""daws @ xjgMoSVpRc"" checks",2023-05-13T18:55:27.822Z,168400412782200
"Flop:  [J♥, 5♥, 7♥]",2023-05-13T18:55:22.128Z,168400412212800
"""Goml @ Bod7b088c-"" folds",2023-05-13T18:55:21.322Z,168400412132200
"""Aiden A @ XREWYWn-gd"" folds",2023-05-13T18:55:20.034Z,168400412003400
"""Dp @ YyWpODWXWx"" folds",2023-05-13T18:55:16.878Z,168400411687800
"""Mamo @ abVmUlEwy_"" folds",2023-05-13T18:55:15.908Z,168400411590800
"""Apex @ J-rzOgBpek"" calls 4.25",2023-05-13T18:55:14.946Z,168400411494600
"""mp @ -DkySTil6a"" folds",2023-05-13T18:55:14.031Z,168400411403100
"""daws @ xjgMoSVpRc"" raises to 4.25",2023-05-13T18:55:06.353Z,168400410635300
"""JV @ mxbmy34bn7"" folds",2023-05-13T18:54:57.540Z,168400409754000
"""Goml @ Bod7b088c-"" posts a big blind of 1.00",2023-05-13T18:54:55.744Z,168400409574411
"""Aiden A @ XREWYWn-gd"" posts a small blind of 0.50",2023-05-13T18:54:55.744Z,168400409574410
"Player stacks: #1 ""Mamo @ abVmUlEwy_"" (56.50) | #2 ""Dp @ YyWpODWXWx"" (98.00) | #4 ""Aiden A @ XREWYWn-gd"" (91.00) | #5 ""Goml @ Bod7b088c-"" (100.00) | #6 ""JV @ mxbmy34bn7"" (133.50) | #7 ""daws @ xjgMoSVpRc"" (125.25) | #9 ""mp @ -DkySTil6a"" (95.75) | #10 ""Apex @ J-rzOgBpek"" (100.00)",2023-05-13T18:54:55.744Z,168400409574401
"-- starting hand #8 (id: fytgbwwczpyg)  (No Limit Texas Hold'em) (dealer: ""Dp @ YyWpODWXWx"") --",2023-05-13T18:54:55.744Z,168400409574400
"The player ""Rik @ wAgo7xgxkb"" requested a seat.",2023-05-13T18:54:52.293Z,168400409229300
"-- ending hand #7 --",2023-05-13T18:54:49.814Z,168400408981402
"""daws @ xjgMoSVpRc"" collected 24.50 from pot",2023-05-13T18:54:49.814Z,168400408981401
"Uncalled bet of 9.25 returned to ""daws @ xjgMoSVpRc""",2023-05-13T18:54:49.814Z,168400408981400
"""JV @ mxbmy34bn7"" folds",2023-05-13T18:54:48.978Z,168400408897800
"""Aiden A @ XREWYWn-gd"" folds",2023-05-13T18:54:48.040Z,168400408804000
"""daws @ xjgMoSVpRc"" bets 9.25",2023-05-13T18:54:45.989Z,168400408598900
"""JV @ mxbmy34bn7"" checks",2023-05-13T18:54:34.881Z,168400407488100
"""Aiden A @ XREWYWn-gd"" checks",2023-05-13T18:54:31.954Z,168400407195400
"Flop:  [K♦, 5♠, J♥]",2023-05-13T18:54:27.712Z,168400406771200
"""JV @ mxbmy34bn7"" calls 8.00",2023-05-13T18:54:26.839Z,168400406683900
"""Aiden A @ XREWYWn-gd"" calls 8.00",2023-05-13T18:54:21.146Z,168400406114600
"""Dp @ YyWpODWXWx"" folds",2023-05-13T18:54:18.865Z,168400405886500
"""Mamo @ abVmUlEwy_"" folds",2023-05-13T18:54:17.954Z,168400405795400
"""Apex @ J-rzOgBpek"" folds",2023-05-13T18:54:16.926Z,168400405692600
"""mp @ -DkySTil6a"" folds",2023-05-13T18:54:15.889Z,168400405588900
"""daws @ xjgMoSVpRc"" raises to 8.00",2023-05-13T18:54:14.862Z,168400405486200
"""JV @ mxbmy34bn7"" raises to 3.00",2023-05-13T18:54:04.280Z,168400404428000
"""Goml @ Bod7b088c-"" folds",2023-05-13T18:53:57.026Z,168400403702600
"""Aiden A @ XREWYWn-gd"" posts a big blind of 1.00",2023-05-13T18:53:54.397Z,168400403439713
"""Dp @ YyWpODWXWx"" posts a small blind of 0.50",2023-05-13T18:53:54.397Z,168400403439712
"Player stacks: #1 ""Mamo @ abVmUlEwy_"" (56.50) | #2 ""Dp @ YyWpODWXWx"" (98.50) | #4 ""Aiden A @ XREWYWn-gd"" (99.00) | #5 ""Goml @ Bod7b088c-"" (100.00) | #6 ""JV @ mxbmy34bn7"" (141.50) | #7 ""daws @ xjgMoSVpRc"" (108.75) | #9 ""mp @ -DkySTil6a"" (95.75) | #10 ""Apex @ J-rzOgBpek"" (100.00)",2023-05-13T18:53:54.397Z,168400403439703
"-- starting hand #7 (id: hq7r4iqcl9xa)  (No Limit Texas Hold'em) (dealer: ""Mamo @ abVmUlEwy_"") --",2023-05-13T18:53:54.397Z,168400403439702
"The player ""Goml @ Bod7b088c-"" joined the game with a stack of 100.00.",2023-05-13T18:53:54.397Z,168400403439701
"The player ""Apex @ J-rzOgBpek"" joined the game with a stack of 100.00.",2023-05-13T18:53:54.397Z,168400403439700
"-- ending hand #6 --",2023-05-13T18:53:48.471Z,168400402847102
"""JV @ mxbmy34bn7"" collected 4.00 from pot",2023-05-13T18:53:48.471Z,168400402847101
"Uncalled bet of 3.00 returned to ""JV @ mxbmy34bn7""",2023-05-13T18:53:48.471Z,168400402847100
"""Aiden A @ XREWYWn-gd"" folds",2023-05-13T18:53:47.618Z,168400402761800
"""Dp @ YyWpODWXWx"" folds",2023-05-13T18:53:46.500Z,168400402650000
"""Mamo @ abVmUlEwy_"" folds",2023-05-13T18:53:45.554Z,168400402555400
"""JV @ mxbmy34bn7"" bets 3.00",2023-05-13T18:53:32.656Z,168400401265600
"""Aiden A @ XREWYWn-gd"" checks",2023-05-13T18:53:22.176Z,168400400217600
"""Dp @ YyWpODWXWx"" checks",2023-05-13T18:53:20.780Z,168400400078000
"""Mamo @ abVmUlEwy_"" checks",2023-05-13T18:53:18.153Z,168400399815300
"Flop:  [8♣, 9♣, 3♥]",2023-05-13T18:53:16.755Z,168400399675500
"""Dp @ YyWpODWXWx"" checks",2023-05-13T18:53:15.901Z,168400399590100
"""Mamo @ abVmUlEwy_"" calls 1.00",2023-05-13T18:53:14.913Z,168400399491300
"""mp @ -DkySTil6a"" folds",2023-05-13T18:53:11.329Z,168400399132900
"""daws @ xjgMoSVpRc"" folds",2023-05-13T18:53:10.313Z,168400399031300
"""JV @ mxbmy34bn7"" calls 1.00",2023-05-13T18:53:09.354Z,168400398935400
"""Aiden A @ XREWYWn-gd"" calls 1.00",2023-05-13T18:53:04.136Z,168400398413600
"The admin approved the player ""Goml @ Bod7b088c-"" participation with a stack of 100.00.",2023-05-13T18:52:52.118Z,168400397211800
"""Dp @ YyWpODWXWx"" posts a big blind of 1.00",2023-05-13T18:52:49.199Z,168400396919909
"""Mamo @ abVmUlEwy_"" posts a small blind of 0.50",2023-05-13T18:52:49.199Z,168400396919908
"Player stacks: #1 ""Mamo @ abVmUlEwy_"" (57.50) | #2 ""Dp @ YyWpODWXWx"" (99.50) | #4 ""Aiden A @ XREWYWn-gd"" (100.00) | #6 ""JV @ mxbmy34bn7"" (138.50) | #7 ""daws @ xjgMoSVpRc"" (108.75) | #9 ""mp @ -DkySTil6a"" (95.75)",2023-05-13T18:52:49.199Z,168400396919901
"-- starting hand #6 (id: auehrspshxxc)  (No Limit Texas Hold'em) (dealer: ""mp @ -DkySTil6a"") --",2023-05-13T18:52:49.199Z,168400396919900
"-- ending hand #5 --",2023-05-13T18:52:43.216Z,168400396321602
"""mp @ -DkySTil6a"" collected 10.00 from pot",2023-05-13T18:52:43.216Z,168400396321601
"Uncalled bet of 7.50 returned to ""mp @ -DkySTil6a""",2023-05-13T18:52:43.216Z,168400396321600
"""daws @ xjgMoSVpRc"" folds",2023-05-13T18:52:42.393Z,168400396239300
"The player ""Goml @ Bod7b088c-"" requested a seat.",2023-05-13T18:52:41.603Z,168400396160300
"""JV @ mxbmy34bn7"" folds",2023-05-13T18:52:37.048Z,168400395704800
"""Mamo @ abVmUlEwy_"" folds",2023-05-13T18:52:35.894Z,168400395589400
"""mp @ -DkySTil6a"" raises to 10.50",2023-05-13T18:52:19.999Z,168400393999900
"""daws @ xjgMoSVpRc"" calls 3.00",2023-05-13T18:52:15.990Z,168400393599000
"The admin approved the player ""Apex @ J-rzOgBpek"" participation with a stack of 100.00.",2023-05-13T18:52:09.063Z,168400392906300
"""JV @ mxbmy34bn7"" raises to 3.00",2023-05-13T18:52:06.906Z,168400392690600
"""Aiden A @ XREWYWn-gd"" folds",2023-05-13T18:51:58.253Z,168400391825300
"""Dp @ YyWpODWXWx"" folds",2023-05-13T18:51:57.162Z,168400391716200
"""Mamo @ abVmUlEwy_"" posts a big blind of 1.00",2023-05-13T18:51:53.149Z,168400391314909
"""mp @ -DkySTil6a"" posts a small blind of 0.50",2023-05-13T18:51:53.149Z,168400391314908
"Player stacks: #1 ""Mamo @ abVmUlEwy_"" (58.50) | #2 ""Dp @ YyWpODWXWx"" (99.50) | #4 ""Aiden A @ XREWYWn-gd"" (100.00) | #6 ""JV @ mxbmy34bn7"" (141.50) | #7 ""daws @ xjgMoSVpRc"" (111.75) | #9 ""mp @ -DkySTil6a"" (88.75)",2023-05-13T18:51:53.149Z,168400391314901
"-- starting hand #5 (id: vvm1rsgizhqv)  (No Limit Texas Hold'em) (dealer: ""daws @ xjgMoSVpRc"") --",2023-05-13T18:51:53.149Z,168400391314900
"-- ending hand #4 --",2023-05-13T18:51:47.230Z,168400390723002
"""mp @ -DkySTil6a"" collected 1.00 from pot",2023-05-13T18:51:47.230Z,168400390723001
"Uncalled bet of 0.50 returned to ""mp @ -DkySTil6a""",2023-05-13T18:51:47.230Z,168400390723000
"""daws @ xjgMoSVpRc"" folds",2023-05-13T18:51:46.391Z,168400390639100
"""JV @ mxbmy34bn7"" folds",2023-05-13T18:51:45.505Z,168400390550500
"""Aiden A @ XREWYWn-gd"" folds",2023-05-13T18:51:44.505Z,168400390450500
"""Dp @ YyWpODWXWx"" folds",2023-05-13T18:51:43.292Z,168400390329200
"""Mamo @ abVmUlEwy_"" folds",2023-05-13T18:51:42.343Z,168400390234300
"""mp @ -DkySTil6a"" posts a big blind of 1.00",2023-05-13T18:51:37.106Z,168400389710609
"""daws @ xjgMoSVpRc"" posts a small blind of 0.50",2023-05-13T18:51:37.106Z,168400389710608
"Player stacks: #1 ""Mamo @ abVmUlEwy_"" (58.50) | #2 ""Dp @ YyWpODWXWx"" (99.50) | #4 ""Aiden A @ XREWYWn-gd"" (100.00) | #6 ""JV @ mxbmy34bn7"" (141.50) | #7 ""daws @ xjgMoSVpRc"" (112.25) | #9 ""mp @ -DkySTil6a"" (88.25)",2023-05-13T18:51:37.106Z,168400389710601
"-- starting hand #4 (id: 0oxonwikh3wf)  (No Limit Texas Hold'em) (dealer: ""JV @ mxbmy34bn7"") --",2023-05-13T18:51:37.106Z,168400389710600
"-- ending hand #3 --",2023-05-13T18:51:31.022Z,168400389102202
"""JV @ mxbmy34bn7"" collected 84.00 from pot with Pair, A's (combination: A♠, A♥, K♠, J♣, 6♠)",2023-05-13T18:51:31.022Z,168400389102201
"""JV @ mxbmy34bn7"" shows a A♠, J♣.",2023-05-13T18:51:31.022Z,168400389102200
"""Mamo @ abVmUlEwy_"" calls 22.50",2023-05-13T18:51:30.204Z,168400389020400
"The player ""Apex @ J-rzOgBpek"" requested a seat.",2023-05-13T18:51:27.566Z,168400388756600
"""JV @ mxbmy34bn7"" bets 22.50",2023-05-13T18:51:13.858Z,168400387385800
"River: K♠, 6♠, 4♥, A♥ [5♣]",2023-05-13T18:51:00.871Z,168400386087100
"""Mamo @ abVmUlEwy_"" checks",2023-05-13T18:51:00.056Z,168400386005600
"""JV @ mxbmy34bn7"" checks",2023-05-13T18:50:56.827Z,168400385682700
"Turn: K♠, 6♠, 4♥ [A♥]",2023-05-13T18:50:49.575Z,168400384957500
"""Mamo @ abVmUlEwy_"" calls 8.75",2023-05-13T18:50:48.738Z,168400384873800
"""JV @ mxbmy34bn7"" bets 8.75",2023-05-13T18:50:46.558Z,168400384655800
"Flop:  [K♠, 6♠, 4♥]",2023-05-13T18:50:34.234Z,168400383423400
"""Mamo @ abVmUlEwy_"" calls 10.25",2023-05-13T18:50:33.372Z,168400383337200
"""daws @ xjgMoSVpRc"" folds",2023-05-13T18:50:31.095Z,168400383109500
"""JV @ mxbmy34bn7"" raises to 10.25",2023-05-13T18:50:28.135Z,168400382813500
"""Aiden A @ XREWYWn-gd"" folds",2023-05-13T18:50:16.183Z,168400381618300
"""Dp @ YyWpODWXWx"" folds",2023-05-13T18:50:11.485Z,168400381148500
"""Mamo @ abVmUlEwy_"" raises to 3.00",2023-05-13T18:50:10.409Z,168400381040900
"""mp @ -DkySTil6a"" folds",2023-05-13T18:50:07.788Z,168400380778800
"""daws @ xjgMoSVpRc"" posts a big blind of 1.00",2023-05-13T18:50:06.438Z,168400380643809
"""JV @ mxbmy34bn7"" posts a small blind of 0.50",2023-05-13T18:50:06.438Z,168400380643808
"Player stacks: #1 ""Mamo @ abVmUlEwy_"" (100.00) | #2 ""Dp @ YyWpODWXWx"" (99.50) | #4 ""Aiden A @ XREWYWn-gd"" (100.00) | #6 ""JV @ mxbmy34bn7"" (99.00) | #7 ""daws @ xjgMoSVpRc"" (113.25) | #9 ""mp @ -DkySTil6a"" (88.25)",2023-05-13T18:50:06.438Z,168400380643801
"-- starting hand #3 (id: evddwqxwwu6h)  (No Limit Texas Hold'em) (dealer: ""Aiden A @ XREWYWn-gd"") --",2023-05-13T18:50:06.438Z,168400380643800
"""Aiden A @ XREWYWn-gd"" shows a Q♦, 4♦.",2023-05-13T18:50:02.420Z,168400380242000
"-- ending hand #2 --",2023-05-13T18:49:59.787Z,168400379978702
"""Aiden A @ XREWYWn-gd"" collected 2.00 from pot",2023-05-13T18:49:59.787Z,168400379978701
"Uncalled bet of 1.00 returned to ""Aiden A @ XREWYWn-gd""",2023-05-13T18:49:59.787Z,168400379978700
"""JV @ mxbmy34bn7"" folds",2023-05-13T18:49:58.907Z,168400379890700
"""Aiden A @ XREWYWn-gd"" bets 1.00",2023-05-13T18:49:57.659Z,168400379765900
"Flop:  [Q♣, Q♥, 3♦]",2023-05-13T18:49:49.906Z,168400378990600
"""JV @ mxbmy34bn7"" checks",2023-05-13T18:49:49.088Z,168400378908800
"""Aiden A @ XREWYWn-gd"" calls 1.00",2023-05-13T18:49:46.364Z,168400378636400
"""Dp @ YyWpODWXWx"" folds",2023-05-13T18:49:44.807Z,168400378480700
"""Mamo @ abVmUlEwy_"" folds",2023-05-13T18:49:24.581Z,168400376458100
"""mp @ -DkySTil6a"" folds",2023-05-13T18:49:23.564Z,168400376356400
"""daws @ xjgMoSVpRc"" folds",2023-05-13T18:49:22.537Z,168400376253700
"""JV @ mxbmy34bn7"" posts a big blind of 1.00",2023-05-13T18:49:21.153Z,168400376115309
"""Aiden A @ XREWYWn-gd"" posts a small blind of 0.50",2023-05-13T18:49:21.153Z,168400376115308
"Player stacks: #1 ""Mamo @ abVmUlEwy_"" (100.00) | #2 ""Dp @ YyWpODWXWx"" (99.50) | #4 ""Aiden A @ XREWYWn-gd"" (99.00) | #6 ""JV @ mxbmy34bn7"" (100.00) | #7 ""daws @ xjgMoSVpRc"" (113.25) | #9 ""mp @ -DkySTil6a"" (88.25)",2023-05-13T18:49:21.153Z,168400376115301
"-- starting hand #2 (id: atvtwqgg15ri)  (No Limit Texas Hold'em) (dealer: ""Dp @ YyWpODWXWx"") --",2023-05-13T18:49:21.153Z,168400376115300
"-- ending hand #1 --",2023-05-13T18:49:15.132Z,168400375513202
"""daws @ xjgMoSVpRc"" collected 25.00 from pot with Pair, 10's (combination: 10♣, 10♦, A♠, 9♣, 8♦)",2023-05-13T18:49:15.132Z,168400375513201
"""daws @ xjgMoSVpRc"" shows a 10♣, A♠.",2023-05-13T18:49:15.132Z,168400375513200
"""mp @ -DkySTil6a"" checks",2023-05-13T18:49:14.325Z,168400375432500
"""daws @ xjgMoSVpRc"" checks",2023-05-13T18:49:04.351Z,168400374435100
"River: 9♣, 10♦, 3♥, 5♥ [8♦]",2023-05-13T18:49:01.867Z,168400374186700
"""mp @ -DkySTil6a"" calls 5.00",2023-05-13T18:49:01.055Z,168400374105500
"""daws @ xjgMoSVpRc"" bets 5.00",2023-05-13T18:48:57.784Z,168400373778400
"Turn: 9♣, 10♦, 3♥ [5♥]",2023-05-13T18:48:49.505Z,168400372950500
"""daws @ xjgMoSVpRc"" calls 3.75",2023-05-13T18:48:48.667Z,168400372866700
"""mp @ -DkySTil6a"" bets 3.75",2023-05-13T18:48:44.026Z,168400372402600
"""daws @ xjgMoSVpRc"" checks",2023-05-13T18:48:41.107Z,168400372110700
"Flop:  [9♣, 10♦, 3♥]",2023-05-13T18:48:38.744Z,168400371874400
"""Aiden A @ XREWYWn-gd"" folds",2023-05-13T18:48:37.900Z,168400371790000
"""Dp @ YyWpODWXWx"" folds",2023-05-13T18:48:36.969Z,168400371696900
"""Mamo @ abVmUlEwy_"" folds",2023-05-13T18:48:36.047Z,168400371604700
"""mp @ -DkySTil6a"" calls 3.00",2023-05-13T18:48:35.056Z,168400371505600
"""daws @ xjgMoSVpRc"" raises to 3.00",2023-05-13T18:48:32.692Z,168400371269200
"""JV @ mxbmy34bn7"" folds",2023-05-13T18:48:26.229Z,168400370622900
"""Aiden A @ XREWYWn-gd"" posts a big blind of 1.00",2023-05-13T18:48:21.564Z,168400370156415
"""Dp @ YyWpODWXWx"" posts a small blind of 0.50",2023-05-13T18:48:21.564Z,168400370156414
"Player stacks: #1 ""Mamo @ abVmUlEwy_"" (100.00) | #2 ""Dp @ YyWpODWXWx"" (100.00) | #4 ""Aiden A @ XREWYWn-gd"" (100.00) | #6 ""JV @ mxbmy34bn7"" (100.00) | #7 ""daws @ xjgMoSVpRc"" (100.00) | #9 ""mp @ -DkySTil6a"" (100.00)",2023-05-13T18:48:21.564Z,168400370156407
"The player ""mp @ -DkySTil6a"" joined the game with a stack of 100.00.",2023-05-13T18:48:21.564Z,168400370156406
"The player ""daws @ xjgMoSVpRc"" joined the game with a stack of 100.00.",2023-05-13T18:48:21.564Z,168400370156405
"The player ""JV @ mxbmy34bn7"" joined the game with a stack of 100.00.",2023-05-13T18:48:21.564Z,168400370156404
"The player ""Aiden A @ XREWYWn-gd"" joined the game with a stack of 100.00.",2023-05-13T18:48:21.564Z,168400370156403
"The player ""Dp @ YyWpODWXWx"" joined the game with a stack of 100.00.",2023-05-13T18:48:21.564Z,168400370156402
"The player ""Mamo @ abVmUlEwy_"" joined the game with a stack of 100.00.",2023-05-13T18:48:21.564Z,168400370156401
"-- starting hand #1 (id: izjaoics17vb)  (No Limit Texas Hold'em) (dealer: ""Mamo @ abVmUlEwy_"") --",2023-05-13T18:48:21.564Z,168400370156400
"The player ""Aiden A @ XREWYWn-gd"" sit back with the stack of 100.00.",2023-05-13T18:46:07.378Z,168400356737800
"The admin approved the player ""JV @ mxbmy34bn7"" participation with a stack of 100.00.",2023-05-13T18:44:55.673Z,168400349567300
"The player ""JV @ mxbmy34bn7"" requested a seat.",2023-05-13T18:44:50.142Z,168400349014200
"The admin approved the player ""Mamo @ abVmUlEwy_"" participation with a stack of 100.00.",2023-05-13T18:42:10.537Z,168400333053700
"The player ""Mamo @ abVmUlEwy_"" requested a seat.",2023-05-13T18:42:07.838Z,168400332783800
"The player ""Aiden A @ XREWYWn-gd"" stand up with the stack of 100.00.",2023-05-13T18:33:50.231Z,168400283023100
"The admin approved the player ""daws @ xjgMoSVpRc"" participation with a stack of 100.00.",2023-05-13T18:29:46.282Z,168400258628200
"The player ""daws @ xjgMoSVpRc"" requested a seat.",2023-05-13T18:29:42.648Z,168400258264800
"The admin approved the player ""Aiden A @ XREWYWn-gd"" participation with a stack of 100.00.",2023-05-13T18:28:51.228Z,168400253122800
"The player ""Aiden A @ XREWYWn-gd"" requested a seat.",2023-05-13T18:28:46.275Z,168400252627500
"The admin approved the player ""Dp @ YyWpODWXWx"" participation with a stack of 100.00.",2023-05-13T18:28:15.201Z,168400249520100
"The player ""Dp @ YyWpODWXWx"" requested a seat.",2023-05-13T18:28:10.061Z,168400249006100
"The game's ante was changed from 0.00 to 0.00.",2023-05-13T18:25:54.352Z,168400235435202
"The game's big blind was changed from 0.20 to 1.00.",2023-05-13T18:25:54.352Z,168400235435201
"The game's small blind was changed from 0.10 to 0.50.",2023-05-13T18:25:54.352Z,168400235435200
"The admin approved the player ""mp @ -DkySTil6a"" participation with a stack of 10000.",2023-05-13T18:25:41.186Z,168400234118601
"The player ""mp @ -DkySTil6a"" requested a seat.",2023-05-13T18:25:41.186Z,168400234118600
